,房屋名称,房屋链接,房屋位置,房屋位置链接,楼层,建造时间,几室几厅,房屋面积,朝向,关注人数,发布时间
0,家乐福楼上标准套一对中庭不临街,https://cd.ke.com/ershoufang/20031217710100145230.html,财富中心,https://cd.ke.com/xiaoqu/3011054635711/,中楼层(共30层),2005年建,1室1厅,47.53平米,西南,0,今天发布
1,爱丁郡院3室1厅东南,https://cd.ke.com/ershoufang/20031217710100127284.html,爱丁郡院,https://cd.ke.com/xiaoqu/3011053555256/,低楼层(共18层),2009年建,3室1厅,108.14平米,东南,0,今天发布
2,大观祥苑1室1厅东南,https://cd.ke.com/ershoufang/20031217710100107962.html,大观祥苑,https://cd.ke.com/xiaoqu/1620022968652048/,低楼层(共22层)1室1厅,47.6平米,东南,,,1,今天发布
3,俊发星雅俊园1室1厅东,https://cd.ke.com/ershoufang/20031217710100102048.html,俊发星雅俊园,https://cd.ke.com/xiaoqu/1611060973372/,高楼层(共37层),2015年建,1室1厅,37.57平米,东,0,今天发布
4,九眼桥天紫界东南朝向套二视野开阔无遮挡采光好,https://cd.ke.com/ershoufang/20031117710100224735.html,天紫界,https://cd.ke.com/xiaoqu/1611043058189/,高楼层(共55层),2011年建,2室1厅,58.3平米,东南,0,今天发布
5,比华利经典套三户型，满两年无增值税，交通方便,https://cd.ke.com/ershoufang/20031117710100224811.html,比华利国际城三期,https://cd.ke.com/xiaoqu/3011053478981/,高楼层(共33层),2014年建,3室2厅,80.83平米,西南,0,今天发布
6,户型方正，东南朝向，满两年，没有增值税,https://cd.ke.com/ershoufang/20031117710100221611.html,合能锦城,https://cd.ke.com/xiaoqu/1611063766797/,低楼层(共32层),2015年建,3室1厅,81.5平米,西南,0,今天发布
7,锦江边装修套二带阳台中间楼层带包入住,https://cd.ke.com/ershoufang/20031117710100221471.html,蓝光凯丽香江,https://cd.ke.com/xiaoqu/1611041618870/,中楼层(共42层),2009年建,2室2厅,76.11平米,东,0,今天发布
8,锦江城市花园二期2室1厅东,https://cd.ke.com/ershoufang/20031117710100216585.html,锦江城市花园二期,https://cd.ke.com/xiaoqu/1611041538906/,高楼层(共34层),2010年建,2室1厅,53.98平米,东,0,今天发布
9,万科金色城市精装套二，户型方正，视野开阔，采光充足,https://cd.ke.com/ershoufang/20031117710100214281.html,万科金色城市,https://cd.ke.com/xiaoqu/1611064018200/,低楼层(共35层),2016年建,2室2厅,71.66平米,西南,0,今天发布
10,人居锦尚春天A区精装套三！！！！,https://cd.ke.com/ershoufang/20031117710100212610.html,人居锦尚春天A区,https://cd.ke.com/xiaoqu/168800539259516/,高楼层(共34层)3室2厅,89.23平米,东南,,,0,今天发布
11,三圣乡精装套三，从未居住，可拎包入住,https://cd.ke.com/ershoufang/20031117710100211913.html,俊发星雅俊园,https://cd.ke.com/xiaoqu/1611060973372/,低楼层(共33层),2015年建,3室2厅,86平米,东北,0,今天发布
12,五世同堂街72号2室1厅南,https://cd.ke.com/ershoufang/20031117710100208178.html,五世同堂街72号,https://cd.ke.com/xiaoqu/1611059670059/,高楼层(共7层),1995年建,2室1厅,55.99平米,南,0,今天发布
13,美丽合江1室1厅北,https://cd.ke.com/ershoufang/20031117710100204366.html,美丽合江,https://cd.ke.com/xiaoqu/1611061108895/,低楼层(共13层)1室1厅,62.61平米,北,,,0,今天发布
14,鑫苑名家一期2室1厅南,https://cd.ke.com/ershoufang/20031117710100198533.html,鑫苑名家一期,https://cd.ke.com/xiaoqu/1611043165264/,中楼层(共34层),2011年建,2室1厅,79平米,南,0,今天发布
15,东城拐下街8号2室1厅南,https://cd.ke.com/ershoufang/20031117710100193128.html,东城拐下街8号,https://cd.ke.com/xiaoqu/1611060080780/,高楼层(共6层),1980年建,2室1厅,52.19平米,南,0,今天发布
16,首开龙湖天璞1室1厅东南,https://cd.ke.com/ershoufang/20031117710100192396.html,首开龙湖天璞,https://cd.ke.com/xiaoqu/1620025266079208/,低楼层(共30层),2020年建,1室1厅,82平米,东南,0,今天发布
17,弘邦领邸2室1厅东南,https://cd.ke.com/ershoufang/20031117710100183494.html,弘邦领邸,https://cd.ke.com/xiaoqu/3011055165363/,中楼层(共32层),2009年建,2室1厅,83.57平米,东南,0,今天发布
18,此房是开发商精装修套一，高楼层，视野好,https://cd.ke.com/ershoufang/20031117710100186065.html,恒大都汇华庭,https://cd.ke.com/xiaoqu/1611061104258/,高楼层(共50层),2015年建,1室1厅,89.17平米,东南东,0,今天发布
19,锦江区府河内河景大套三视野开阔,https://cd.ke.com/ershoufang/20031117710100180424.html,锦川楼,https://cd.ke.com/xiaoqu/1611058923019/,低楼层(共20层),2000年建,3室2厅,156.3平米,东南,0,今天发布
20,绿地468公馆二期3室2厅南西南,https://cd.ke.com/ershoufang/20031117710100177912.html,绿地468公馆二期,https://cd.ke.com/xiaoqu/1611100276106/,中楼层(共29层),2015年建,3室2厅,89平米,南西南,0,今天发布
21,锦蓉佳苑2室1厅东南,https://cd.ke.com/ershoufang/20031117710100173467.html,锦蓉佳苑,https://cd.ke.com/xiaoqu/1611047607016/,低楼层(共30层),2014年建,2室1厅,89.14平米,东南,0,今天发布
22,华韵天府1室0厅东,https://cd.ke.com/ershoufang/20031117710100174449.html,华韵天府,https://cd.ke.com/xiaoqu/1611047922039/,地下室(共层)1室0厅,31.69平米,东,,,0,今天发布
23,鑫苑名家一期2室1厅东南,https://cd.ke.com/ershoufang/20031117710100162219.html,鑫苑名家一期,https://cd.ke.com/xiaoqu/1611043165264/,低楼层(共34层),2011年建,2室1厅,56.35平米,东南,0,今天发布
24,比华利国际城三期4室1厅西南,https://cd.ke.com/ershoufang/20031117710100161692.html,比华利国际城三期,https://cd.ke.com/xiaoqu/3011053478981/,高楼层(共25层),2014年建,4室1厅,105.19平米,西南,0,今天发布
25,沙河精装套三，对中庭，好房安心卖,https://cd.ke.com/ershoufang/20031117710100146571.html,沙河壹号二期,https://cd.ke.com/xiaoqu/3011053579030/,高楼层(共34层),2013年建,3室1厅,84.14平米,西北,12,今天发布
26,财富中心1室0厅东南,https://cd.ke.com/ershoufang/20031117710100143083.html,财富中心,https://cd.ke.com/xiaoqu/3011054635711/,低楼层(共30层),2005年建,1室0厅,31.92平米,东南,0,今天发布
27,比华利国际城二期2室1厅东东南,https://cd.ke.com/ershoufang/20031117710100141918.html,比华利国际城二期,https://cd.ke.com/xiaoqu/3011053557417/,中楼层(共26层),2011年建,2室1厅,77.84平米,东东南,0,今天发布
28,钢五区标准套二，户型方正，房间大,https://cd.ke.com/ershoufang/20031117710100140987.html,钢管厂五区,https://cd.ke.com/xiaoqu/1611041510821/,高楼层(共7层),2001年建,2室1厅,85.53平米,东南,0,今天发布
29,皇经楼新居二期A区1室1厅东南北,https://cd.ke.com/ershoufang/20031117710100140541.html,皇经楼新居二期A区,https://cd.ke.com/xiaoqu/1611061605765/,高楼层(共28层),2013年建,1室1厅,61.06平米,东南北,1,今天发布
30,鑫苑名家新青年，精装修，温馨套一标间,https://cd.ke.com/ershoufang/20031117710100137976.html,鑫苑名家一期,https://cd.ke.com/xiaoqu/1611043165264/,中楼层(共35层),2011年建,1室1厅,41平米,东南,0,今天发布
31,龙瑞苑1室1厅东,https://cd.ke.com/ershoufang/20031117710100132132.html,龙瑞苑,https://cd.ke.com/xiaoqu/1611043068493/,低楼层(共18层),2001年建,1室1厅,53.6平米,东,0,今天发布
32,沙河壹号一期精装套三卧室带阳台,https://cd.ke.com/ershoufang/20031117710100130385.html,沙河壹号一期,https://cd.ke.com/xiaoqu/3011053573846/,中楼层(共34层),2011年建,3室1厅,81.51平米,北,6,今天发布
33,忠烈祠东街50号3室2厅东南,https://cd.ke.com/ershoufang/20031117710100124253.html,忠烈祠东街50号,https://cd.ke.com/xiaoqu/1611062517937/,高楼层(共7层)3室2厅,108.67平米,东南,,,0,今天发布
34,国嘉新视界1室1厅东北,https://cd.ke.com/ershoufang/20031117710100121972.html,国嘉新视界,https://cd.ke.com/xiaoqu/1611043132293/,低楼层(共32层),2009年建,1室1厅,54.36平米,东北,1,今天发布
35,翡翠城四期车位诚心出售。。。。。。,https://cd.ke.com/ershoufang/20031117710100108480.html,翡翠城四期,https://cd.ke.com/xiaoqu/1611043130056/,地下室(共层),2009年建,1室0厅,31.45平米,东南,0,今天发布
36,绿野天城少有户型，标准套四，有屋顶花园，诚心卖,https://cd.ke.com/ershoufang/20031017710100216615.html,绿野天城,https://cd.ke.com/xiaoqu/1611062265394/,高楼层(共18层),2007年建,4室2厅,128平米,东南,2,2天前发布
37,卓锦城六期东南朝向装修套二出售,https://cd.ke.com/ershoufang/20031017710100215036.html,卓锦城六期,https://cd.ke.com/xiaoqu/1611047075553/,高楼层(共30层),2014年建,2室1厅,76.1平米,东南,0,2天前发布
38,：：万科精装修保养好，套二户型。深色装修户型。,https://cd.ke.com/ershoufang/20031017710100214886.html,万科金润华府,https://cd.ke.com/xiaoqu/1611057882526/,中楼层(共35层),2012年建,2室1厅,64.87平米,东西,0,2天前发布
39,交通便利，配套成熟，生活方便。,https://cd.ke.com/ershoufang/20031017710100214611.html,尖东旺座二期,https://cd.ke.com/xiaoqu/1611041550511/,低楼层(共15层),2004年建,1室0厅,41.91平米,东南,0,2天前发布
40,二环内锦华万达旁！标准套三！中楼层！老少皆宜！,https://cd.ke.com/ershoufang/20031017710100211716.html,河滨怡苑,https://cd.ke.com/xiaoqu/3011055028178/,中楼层(共6层),1996年建,3室2厅,145.62平米,东南,0,2天前发布
41,星雅俊园精装修小套二，带家具家电，诚心出售,https://cd.ke.com/ershoufang/20031017710100209642.html,俊发星雅俊园,https://cd.ke.com/xiaoqu/1611060973372/,低楼层(共37层),2015年建,2室1厅,57.11平米,东南,0,2天前发布
42,美丽合江3室1厅西,https://cd.ke.com/ershoufang/20031017710100206110.html,美丽合江,https://cd.ke.com/xiaoqu/1611061108895/,高楼层(共13层)3室1厅,92.65平米,西,,,0,2天前发布
43,首创娇子1号3室1厅西南,https://cd.ke.com/ershoufang/20031017710100197833.html,首创娇子1号,https://cd.ke.com/xiaoqu/166872826916790/,低楼层(共34层),2018年建,3室1厅,75.78平米,西南,0,2天前发布
44,惊现，金润华府新上套四通透户型。,https://cd.ke.com/ershoufang/20031017710100197530.html,万科金润华府,https://cd.ke.com/xiaoqu/1611057882526/,中楼层(共35层),2012年建,4室1厅,83.1平米,东北,13,2天前发布
45,此房新装修套四双卫，户型方正格局紧凑规整,https://cd.ke.com/ershoufang/20031017710100200581.html,锦蓉佳苑,https://cd.ke.com/xiaoqu/1611047607016/,中楼层(共30层),2014年建,4室2厅,135.29平米,东南,0,2天前发布
46,卓锦城六期3室1厅南,https://cd.ke.com/ershoufang/20031017710100195833.html,卓锦城六期,https://cd.ke.com/xiaoqu/1611047075553/,中楼层(共24层),2014年建,3室1厅,89.49平米,南,0,2天前发布
47,锦江边凯丽香江套三双卫客厅带阳台视野好位置好,https://cd.ke.com/ershoufang/20031017710100184666.html,蓝光凯丽香江,https://cd.ke.com/xiaoqu/1611041618870/,中楼层(共42层),2009年建,3室2厅,87平米,东南,0,2天前发布
48,鑫苑名家一期2室1厅南,https://cd.ke.com/ershoufang/20031017710100186683.html,鑫苑名家一期,https://cd.ke.com/xiaoqu/1611043165264/,低楼层(共34层),2011年建,2室1厅,58平米,南,0,2天前发布
49,户型好，跃层，利用空间大位置优越,https://cd.ke.com/ershoufang/20031017710100188159.html,蓉上坊一期,https://cd.ke.com/xiaoqu/1611041538363/,高楼层(共31层),2009年建,4室2厅,89.68平米,南,2,2天前发布
50,房屋优质中间楼层价格值得力推采光好,https://cd.ke.com/ershoufang/20031017710100181151.html,莲花新区北一巷3号,https://cd.ke.com/xiaoqu/1611041928737/,中楼层(共7层),2002年建,2室1厅,64.95平米,东,0,2天前发布
51,鑫苑名家一期2室1厅南,https://cd.ke.com/ershoufang/20031017710100179714.html,鑫苑名家一期,https://cd.ke.com/xiaoqu/1611043165264/,低楼层(共34层),2011年建,2室1厅,56平米,南,0,2天前发布
52,锦江城市花园一期2室2厅东南,https://cd.ke.com/ershoufang/20031017710100175585.html,锦江城市花园一期,https://cd.ke.com/xiaoqu/1611041539854/,高楼层(共34层),2009年建,2室2厅,84平米,东南,0,2天前发布
53,鑫苑名家一期1室0厅东,https://cd.ke.com/ershoufang/20031017710100171322.html,鑫苑名家一期,https://cd.ke.com/xiaoqu/1611043165264/,高楼层(共35层),2011年建,1室0厅,40.65平米,东,0,2天前发布
54,锦江华庭车位出售，看车位提前约,https://cd.ke.com/ershoufang/20031017710100174648.html,锦江华庭,https://cd.ke.com/xiaoqu/1611059189106/,地下室(共层),2007年建,1室0厅,45.13平米,东,0,2天前发布
55,精装两居室，户型方正，主卧带阳台看河，采光好,https://cd.ke.com/ershoufang/20031017710100175097.html,锦江华庭,https://cd.ke.com/xiaoqu/1611059189106/,中楼层(共21层),2007年建,2室1厅,100.48平米,西南,2,2天前发布
56,太升南路173号3室1厅南,https://cd.ke.com/ershoufang/20031017710100159643.html,太升南路173号,https://cd.ke.com/xiaoqu/1611063679385/,低楼层(共7层),1992年建,3室1厅,84.65平米,南,2,2天前发布
57,锦江城市花园二期2室1厅东南,https://cd.ke.com/ershoufang/20031017710100155624.html,锦江城市花园二期,https://cd.ke.com/xiaoqu/1611041538906/,高楼层(共34层),2010年建,2室1厅,47.37平米,东南,0,2天前发布
58,东湖国际带装修的套二，房东急售,https://cd.ke.com/ershoufang/20031017710100154763.html,东湖国际,https://cd.ke.com/xiaoqu/1611043090288/,高楼层(共33层),2012年建,2室1厅,74.05平米,西北,1,2天前发布
59,鑫苑名家一期2室1厅南,https://cd.ke.com/ershoufang/20031017710100153729.html,鑫苑名家一期,https://cd.ke.com/xiaoqu/1611043165264/,中楼层(共34层),2011年建,2室1厅,55.67平米,南,2,2天前发布
60,天悦龙庭标准车位负一楼有不动产发票,https://cd.ke.com/ershoufang/20031017710100147565.html,天悦龙庭,https://cd.ke.com/xiaoqu/3011052708655/,地下室(共层)1室0厅,36.79平米,南,,,0,2天前发布
61,一梯两户小高层，锦江三环内大套三，户型通透采光好,https://cd.ke.com/ershoufang/20031017710100142733.html,蓝谷地一二期,https://cd.ke.com/xiaoqu/1611057996834/,中楼层(共11层),2006年建,3室2厅,125平米,东南,0,2天前发布
62,钢管厂五区套二出售户型方正不临街适合居家,https://cd.ke.com/ershoufang/20031017710100141260.html,钢管厂五区,https://cd.ke.com/xiaoqu/1611041510821/,中楼层(共7层),2001年建,2室1厅,70.1平米,东南,2,2天前发布
63,攀成钢优质套二双阳台西南朝向采光充足视野开阔,https://cd.ke.com/ershoufang/20031017710100133622.html,澳龙名城,https://cd.ke.com/xiaoqu/1611041481744/,中楼层(共16层),2009年建,2室2厅,81.67平米,西南,1,2天前发布
64,华润东原时光绘1室0厅南,https://cd.ke.com/ershoufang/20031017710100133113.html,华润东原时光绘,https://cd.ke.com/xiaoqu/1620033874424444/,中楼层(共17层)1室0厅,37.6平米,南,,,0,2天前发布
65,绿地468公馆一期3室1厅东北,https://cd.ke.com/ershoufang/20031017710100130695.html,绿地468公馆一期,https://cd.ke.com/xiaoqu/1611061071609/,高楼层(共25层),2015年建,3室1厅,88.39平米,东北,0,2天前发布
66,万科城市花园2室1厅西,https://cd.ke.com/ershoufang/20031017710100128032.html,万科城市花园,https://cd.ke.com/xiaoqu/1611057879617/,中楼层(共6层),2007年建,2室1厅,84.36平米,西,2,2天前发布
67,橡树林一期精装套三，对小区中庭，安静不临街,https://cd.ke.com/ershoufang/20031017710100127032.html,望江橡树林一期,https://cd.ke.com/xiaoqu/1611041736706/,中楼层(共34层),2009年建,3室1厅,103.01平米,北,2,2天前发布
68,城市理想1室0厅南,https://cd.ke.com/ershoufang/20031017710100123619.html,城市理想,https://cd.ke.com/xiaoqu/1611059198261/,中楼层(共37层),2010年建,1室0厅,39.67平米,南,0,2天前发布
69,1.5环牛市口地铁精装套二，领包入住,https://cd.ke.com/ershoufang/20031017710100123257.html,水碾河路6号,https://cd.ke.com/xiaoqu/1611043142374/,低楼层(共7层),1995年建,2室1厅,59.18平米,南,0,2天前发布
70,东2.5环居家装修套三，中间楼层采光好，无视野遮挡。,https://cd.ke.com/ershoufang/20031017710100123557.html,锦江国际花园,https://cd.ke.com/xiaoqu/1611062710807/,中楼层(共34层),2016年建,3室1厅,84.16平米,东南,1,2天前发布
71,澳龙名城3室2厅南,https://cd.ke.com/ershoufang/20031017710100116966.html,澳龙名城,https://cd.ke.com/xiaoqu/1611041481744/,中楼层(共33层),2009年建,3室2厅,86.25平米,南,0,2天前发布
72,蓝谷地领域标准套三带双卫，可直接拎包入住，手慢无,https://cd.ke.com/ershoufang/20031017710100112419.html,领域,https://cd.ke.com/xiaoqu/1611061091843/,中楼层(共6层),2005年建,3室2厅,121.2平米,南,0,2天前发布
73,惊现！！清水套四带车位诚心出售中,https://cd.ke.com/ershoufang/20031017710100112120.html,中房优山PLUS,https://cd.ke.com/xiaoqu/1611706020408995/,中楼层(共32层)4室2厅,120平米,东北,,,2,2天前发布
74,督院府邸3室2厅南,https://cd.ke.com/ershoufang/20031017710100113058.html,督院府邸,https://cd.ke.com/xiaoqu/1611060805130/,中楼层(共9层),2000年建,3室2厅,156.82平米,南,2,2天前发布
75,万达锦华城2室1厅东,https://cd.ke.com/ershoufang/20031017710100107055.html,万达锦华城,https://cd.ke.com/xiaoqu/1611041535054/,高楼层(共30层),2008年建,2室1厅,75.37平米,东,0,2天前发布
76,东风路15号2室1厅南,https://cd.ke.com/ershoufang/20031017710100108041.html,东风路15号,https://cd.ke.com/xiaoqu/1611061197637/,高楼层(共7层),1998年建,2室1厅,53.09平米,南,0,2天前发布
77,上东锦城A区2室1厅西南,https://cd.ke.com/ershoufang/20031017710100103447.html,上东锦城A区,https://cd.ke.com/xiaoqu/3011053447549/,高楼层(共34层),2008年建,2室1厅,82.31平米,西南,3,2天前发布
78,皇经嘉苑套二有装修，有家具家电、有阳台，采光较好,https://cd.ke.com/ershoufang/20031017710100101216.html,皇经嘉苑,https://cd.ke.com/xiaoqu/3011052687630/,低楼层(共15层),2010年建,2室1厅,70.83平米,南,2,2天前发布
79,银杏森林4室2厅南,https://cd.ke.com/ershoufang/20031017710100100467.html,银杏森林,https://cd.ke.com/xiaoqu/3011053119964/,高楼层(共6层),2006年建,4室2厅,157.43平米,南,0,2天前发布
80,三环内，锦江区，近地铁，电梯套二，总价低.,https://cd.ke.com/ershoufang/20030917710100183740.html,上东锦城A区,https://cd.ke.com/xiaoqu/3011053447549/,高楼层(共34层),2008年建,2室1厅,82.13平米,西南,2,3天前发布
81,ICC凯旋门2室1厅南,https://cd.ke.com/ershoufang/20030917710100183322.html,ICC凯旋门,https://cd.ke.com/xiaoqu/1611877458128788/,低楼层(共43层),2018年建,2室1厅,95平米,南,0,3天前发布
82,春熙路蓝光时代华章配套设施齐全交通便利租金稳定,https://cd.ke.com/ershoufang/20030917710100179281.html,蓝光时代华章,https://cd.ke.com/xiaoqu/1611058922197/,高楼层(共15层),2003年建,1室0厅,37.48平米,东,1,3天前发布
83,蓝润V客东都一期，套三居家房屋,https://cd.ke.com/ershoufang/20030917710100171683.html,蓝润V客东都一期,https://cd.ke.com/xiaoqu/1611064000576/,中楼层(共40层),2017年建,3室1厅,72.26平米,东南,1,3天前发布
84,爱丁郡院3室1厅西,https://cd.ke.com/ershoufang/20030917710100169943.html,爱丁郡院,https://cd.ke.com/xiaoqu/3011053555256/,高楼层(共18层),2009年建,3室1厅,94.39平米,西,0,3天前发布
85,蓝光郁金香花园广场1室0厅东南,https://cd.ke.com/ershoufang/20030917710100166814.html,蓝光郁金香花园广场,https://cd.ke.com/xiaoqu/1611058922733/,高楼层(共12层),2006年建,1室0厅,41.41平米,东南,1,3天前发布
86,新上卓锦城五期套三带阳台朝南对中庭,https://cd.ke.com/ershoufang/20030917710100166945.html,卓锦城五期,https://cd.ke.com/xiaoqu/1611047075758/,低楼层(共33层),2012年建,3室2厅,86.45平米,东南,1,3天前发布
87,春熙路舒适标间，交通便利，生活方便,https://cd.ke.com/ershoufang/20030917710100167272.html,蓝光时代华章,https://cd.ke.com/xiaoqu/1611058922197/,中楼层(共15层),2003年建,1室0厅,37.44平米,东,0,3天前发布
88,房子是07年开始建的，09年下的产权，客厅带阳台。,https://cd.ke.com/ershoufang/20030917710100163750.html,雕墅,https://cd.ke.com/xiaoqu/3011054640201/,高楼层(共33层),2007年建,2室1厅,69.81平米,西南,1,3天前发布
89,华都美林湾，套三双卫户型通透。,https://cd.ke.com/ershoufang/20030917710100163094.html,华都美林湾,https://cd.ke.com/xiaoqu/1611043094092/,中楼层(共32层),2012年建,3室1厅,125.06平米,西南,4,3天前发布
90,绿地468云玺五期3室2厅西南,https://cd.ke.com/ershoufang/20030917710100157528.html,绿地468云玺五期,https://cd.ke.com/xiaoqu/1620026673981109/,高楼层(共39层)3室2厅,89平米,西南,,,0,3天前发布
91,城东雅郡新出套三双卫，精装入户带花园，客厅带阳台。,https://cd.ke.com/ershoufang/20030917710100155179.html,城东雅郡,https://cd.ke.com/xiaoqu/1611057880741/,高楼层(共6层),2005年建,3室2厅,121.36平米,西东,0,3天前发布
92,三圣乡居家自住套二看公园的房子,https://cd.ke.com/ershoufang/20030917710100152894.html,合能锦城,https://cd.ke.com/xiaoqu/1611063766797/,高楼层(共28层),2015年建,2室2厅,64.24平米,东北,0,3天前发布
93,天涯石电梯小户型红星国际，精装修，带生活阳台,https://cd.ke.com/ershoufang/20030917710100147251.html,红星国际,https://cd.ke.com/xiaoqu/1611059130055/,中楼层(共31层),2012年建,1室0厅,40.32平米,东,0,3天前发布
94,华都美林湾，看湖套二单卫，视野好,https://cd.ke.com/ershoufang/20030917710100149123.html,华都美林湾,https://cd.ke.com/xiaoqu/1611043094092/,高楼层(共32层),2012年建,2室2厅,91.05平米,东南,2,3天前发布
95,东洪广厦2室1厅东南,https://cd.ke.com/ershoufang/20030917710100145432.html,东洪广厦,https://cd.ke.com/xiaoqu/1611047641103/,高楼层(共32层),2013年建,2室1厅,78.65平米,东南,0,3天前发布
96,秀水园新上套二，临塔子山公园单价低，地铁上,https://cd.ke.com/ershoufang/20030917710100145184.html,秀水园,https://cd.ke.com/xiaoqu/1611061046349/,高楼层(共7层),2005年建,2室1厅,68.07平米,东南,19,3天前发布
97,阳光3651室0厅东,https://cd.ke.com/ershoufang/20030917710100135472.html,阳光365,https://cd.ke.com/xiaoqu/1611041504152/,地下室(共层),2005年建,1室0厅,30.63平米,东,0,3天前发布
98,横丁字街27号2室1厅东,https://cd.ke.com/ershoufang/20030917710100133484.html,横丁字街27号,https://cd.ke.com/xiaoqu/3011055164438/,低楼层(共7层),1997年建,2室1厅,71.3平米,东,4,3天前发布
99,精装修带花园，通透套三带大阳台，前后对中庭可看房,https://cd.ke.com/ershoufang/20030917710100132148.html,卓锦城一期,https://cd.ke.com/xiaoqu/1611041742145/,低楼层(共6层),2006年建,3室2厅,122.35平米,南,2,3天前发布
100,锦江城市花园三期2室1厅东南,https://cd.ke.com/ershoufang/20030917710100129420.html,锦江城市花园三期,https://cd.ke.com/xiaoqu/1611047140791/,低楼层(共34层),2011年建,2室1厅,57.13平米,东南,2,3天前发布
101,财富中心1室1厅西北,https://cd.ke.com/ershoufang/20030917710100125459.html,财富中心,https://cd.ke.com/xiaoqu/3011054635711/,中楼层(共30层),2005年建,1室1厅,29.14平米,西北,0,3天前发布
102,沙河上二期3室2厅南,https://cd.ke.com/ershoufang/20030917710100124058.html,沙河上二期,https://cd.ke.com/xiaoqu/1611060729057/,中楼层(共6层),2013年建,3室2厅,106平米,南,1,3天前发布
103,鑫苑名家二期1室1厅西北,https://cd.ke.com/ershoufang/20030917710100122585.html,鑫苑名家二期,https://cd.ke.com/xiaoqu/1611047301096/,高楼层(共34层),2012年建,1室1厅,48.84平米,西北,0,3天前发布
104,鑫苑名家一期0室0厅东南,https://cd.ke.com/ershoufang/20030917710100117418.html,鑫苑名家一期,https://cd.ke.com/xiaoqu/1611043165264/,地下室(共层)厅室未知,22.06平米,东南,,,0,3天前发布
105,城市理想1室1厅东南,https://cd.ke.com/ershoufang/20030917710100114670.html,城市理想,https://cd.ke.com/xiaoqu/1611059198261/,中楼层(共37层),2010年建,1室1厅,37.27平米,东南,0,3天前发布
106,美丽合江居家小套二，交通便利，配套齐全,https://cd.ke.com/ershoufang/20030917710100110454.html,美丽合江,https://cd.ke.com/xiaoqu/1611061108895/,低楼层(共13层),2007年建,2室1厅,67.29平米,西北,1,3天前发布
107,德馨苑4室1厅南,https://cd.ke.com/ershoufang/20030917710100111517.html,德馨苑,https://cd.ke.com/xiaoqu/1611057877191/,中楼层(共32层),2011年建,4室1厅,152.64平米,南,1,3天前发布
108,鑫苑名家二期，全新清水套二，使用率高，通风好,https://cd.ke.com/ershoufang/20030917710100109685.html,鑫苑名家二期,https://cd.ke.com/xiaoqu/1611047301096/,低楼层(共34层),2012年建,2室1厅,64.41平米,南,0,3天前发布
109,莲花新区南一巷2号院2室1厅东南,https://cd.ke.com/ershoufang/20030917710100111760.html,莲花新区南一巷2号院,https://cd.ke.com/xiaoqu/1611043067573/,低楼层(共7层)2室1厅,66.59平米,东南,,,0,3天前发布
110,客厅朝南里面有飘窗，动静分区，明厨明卫，采光好,https://cd.ke.com/ershoufang/20030917710100106248.html,卓锦城六期,https://cd.ke.com/xiaoqu/1611047075553/,低楼层(共28层),2014年建,2室1厅,68.58平米,西南,2,3天前发布
111,凌云峰阁套四跃层精装空房没有住过人,https://cd.ke.com/ershoufang/20030917710100103658.html,吉宝凌云峰阁,https://cd.ke.com/xiaoqu/1611062923844/,高楼层(共31层),2015年建,4室2厅,238.16平米,东,44,3天前发布
112,蜀都花园1室0厅北,https://cd.ke.com/ershoufang/20030917710100100874.html,蜀都花园,https://cd.ke.com/xiaoqu/1611041540545/,中楼层(共18层),2003年建,1室0厅,34.3平米,北,1,3天前发布
113,沙河壹号温馨居家三居室，朝南，卧室带大阳台,https://cd.ke.com/ershoufang/20030917710100100448.html,沙河壹号一期,https://cd.ke.com/xiaoqu/3011053573846/,低楼层(共34层),2011年建,3室2厅,88.93平米,南,1,3天前发布
114,精装套三，拎包入住，位置安静，满两年,https://cd.ke.com/ershoufang/20030917710100100140.html,锦江城市花园三期,https://cd.ke.com/xiaoqu/1611047140791/,低楼层(共34层),2011年建,3室1厅,73.63平米,西南,28,3天前发布
115,锦蓉佳苑2室1厅西北,https://cd.ke.com/ershoufang/20030817710100215455.html,锦蓉佳苑,https://cd.ke.com/xiaoqu/1611047607016/,高楼层(共31层),2014年建,2室1厅,83.56平米,西北,0,4天前发布
116,东方桂苑，精装套二，客厅对中庭安静不临街。,https://cd.ke.com/ershoufang/20030817710100212527.html,东方桂苑,https://cd.ke.com/xiaoqu/1611041478345/,低楼层(共11层),2006年建,2室1厅,84.35平米,东南,2,4天前发布
117,卓锦城六期套三单卫客厅带阳台,https://cd.ke.com/ershoufang/20030817710100210475.html,卓锦城六期,https://cd.ke.com/xiaoqu/1611047075553/,高楼层(共30层),2014年建,3室2厅,89.54平米,西北,0,4天前发布
118,上东锦城A区3室2厅东南,https://cd.ke.com/ershoufang/20030817710100207841.html,上东锦城A区,https://cd.ke.com/xiaoqu/3011053447549/,中楼层(共34层),2008年建,3室2厅,89.19平米,东南,11,4天前发布
119,蓝谷地天域3室2厅南,https://cd.ke.com/ershoufang/20030817710100301747.html,蓝谷地天域,https://cd.ke.com/xiaoqu/3011053261179/,中楼层(共31层),2012年建,3室2厅,90.35平米,南,2,4天前发布
120,华润大盘，楼层适中，炒鸡优质的套三，,https://cd.ke.com/ershoufang/20030817710100301587.html,华润幸福里二期,https://cd.ke.com/xiaoqu/1611060836544/,低楼层(共32层),2015年建,3室2厅,88.48平米,东,2,4天前发布
121,太古里旁朗御一室一厅精装修看河,https://cd.ke.com/ershoufang/20030817710100301256.html,朗御,https://cd.ke.com/xiaoqu/1611060720805/,低楼层(共51层),2012年建,2室1厅,89.9平米,西南,0,4天前发布
122,财富A座，套一户型，酒店装修！,https://cd.ke.com/ershoufang/20030817710100198070.html,财富中心,https://cd.ke.com/xiaoqu/3011054635711/,中楼层(共30层),1996年建,1室1厅,45.16平米,东南,0,4天前发布
123,锦绣阳光套二1梯2户东西朝向有装修带家电家具,https://cd.ke.com/ershoufang/20030817710100187574.html,锦绣阳光(锦江),https://cd.ke.com/xiaoqu/3011052687193/,高楼层(共6层),2005年建,2室1厅,90平米,东南,0,4天前发布
124,海椒市低楼层的套三精装修出售特棒,https://cd.ke.com/ershoufang/20030817710100180976.html,莲花新四区,https://cd.ke.com/xiaoqu/1611041584117/,中楼层(共7层),2001年建,3室1厅,76.66平米,南,0,4天前发布
125,新希望锦官阁1室0厅东南,https://cd.ke.com/ershoufang/20030817710100178546.html,新希望锦官阁,https://cd.ke.com/xiaoqu/1611703330811693/,地下室(共层)1室0厅,32平米,东南,,,1,4天前发布
126,娇子一号诚心出售。楼层采光好.,https://cd.ke.com/ershoufang/20030817710100170739.html,首创娇子1号,https://cd.ke.com/xiaoqu/166872826916790/,中楼层(共34层),2018年建,3室1厅,96.69平米,北,3,4天前发布
127,锦江城市花园标准套二，精装修，可拎包入住,https://cd.ke.com/ershoufang/20030817710100170482.html,锦江城市花园二期,https://cd.ke.com/xiaoqu/1611041538906/,低楼层(共34层),2010年建,2室1厅,51.23平米,东南,1,4天前发布
128,满两年，不临街位置安静，客厅带阳台，厨房带阳台,https://cd.ke.com/ershoufang/20030817710100172387.html,锦馨家园A区,https://cd.ke.com/xiaoqu/3011052683437/,中楼层(共18层),2006年建,2室1厅,85.36平米,东南,8,4天前发布
129,新希望锦官阁1室0厅东南,https://cd.ke.com/ershoufang/20030817710100165891.html,新希望锦官阁,https://cd.ke.com/xiaoqu/1611703330811693/,地下室(共层)1室0厅,32平米,东南,,,1,4天前发布
130,鑫苑名家一期标准套二户型。。。。。。,https://cd.ke.com/ershoufang/20030817710100158374.html,鑫苑名家一期,https://cd.ke.com/xiaoqu/1611043165264/,中楼层(共34层),2011年建,2室1厅,79.64平米,东南,0,4天前发布
131,万科金色城市标准套三，带花园，精装修。,https://cd.ke.com/ershoufang/20030817710100164251.html,万科金色城市,https://cd.ke.com/xiaoqu/1611064018200/,低楼层(共35层),2016年建,3室1厅,86.62平米,东南,15,4天前发布
132,二环内标准套二，低楼层，户型通透,https://cd.ke.com/ershoufang/20030817710100159483.html,钢管厂五区,https://cd.ke.com/xiaoqu/1611041510821/,低楼层(共7层),2001年建,2室2厅,84.61平米,东南,0,4天前发布
133,华润翡翠城四期，小套三，对中庭。,https://cd.ke.com/ershoufang/20030817710100157313.html,翡翠城四期,https://cd.ke.com/xiaoqu/1611043130056/,低楼层(共31层),2009年建,3室2厅,85.71平米,东,13,4天前发布
134,蓝光凯丽香江套三双卫客厅6米挑高对中庭！,https://cd.ke.com/ershoufang/20030817710100154057.html,蓝光凯丽香江,https://cd.ke.com/xiaoqu/1611041618870/,低楼层(共42层),2009年建,3室1厅,129.8平米,东南,0,4天前发布
135,东洪广厦2室1厅南,https://cd.ke.com/ershoufang/20030817710100153368.html,东洪广厦,https://cd.ke.com/xiaoqu/1611047641103/,中楼层(共33层),2013年建,2室1厅,70.49平米,南,0,4天前发布
136,万科金润华府1室0厅南,https://cd.ke.com/ershoufang/20030817710100152754.html,万科金润华府,https://cd.ke.com/xiaoqu/1611057882526/,地下室(共层)1室0厅,32.22平米,南,,,0,4天前发布
137,万科金润华府2室1厅南,https://cd.ke.com/ershoufang/20030817710100152027.html,万科金润华府,https://cd.ke.com/xiaoqu/1611057882526/,低楼层(共35层),2012年建,2室1厅,64.87平米,南,0,4天前发布
138,财富中心1室0厅东南,https://cd.ke.com/ershoufang/20030817710100148917.html,财富中心,https://cd.ke.com/xiaoqu/3011054635711/,高楼层(共30层),2005年建,1室0厅,33.34平米,东南,1,4天前发布
139,满五唯一，二居室，锦江区，东光,https://cd.ke.com/ershoufang/20030817710100149687.html,金象花园三期,https://cd.ke.com/xiaoqu/3011053572471/,中楼层(共6层),2003年建,2室1厅,71.53平米,东南,4,4天前发布
140,华润凯旋天地，精装套三，高楼层视野采光好,https://cd.ke.com/ershoufang/20030817710100150864.html,华润凯旋天地,https://cd.ke.com/xiaoqu/1611063461001/,高楼层(共33层),2015年建,3室1厅,78.81平米,东,1,4天前发布
141,锦洲花园3室2厅西北,https://cd.ke.com/ershoufang/20030817710100138822.html,锦洲花园,https://cd.ke.com/xiaoqu/1611041541147/,中楼层(共11层),2004年建,3室2厅,112.31平米,西北,0,4天前发布
142,万科中间位置衣帽间户型出售保养好,https://cd.ke.com/ershoufang/20030817710100131262.html,万科金润华府,https://cd.ke.com/xiaoqu/1611057882526/,低楼层(共35层),2012年建,2室2厅,64.51平米,西南,4,4天前发布
143,国嘉新视界2室1厅东,https://cd.ke.com/ershoufang/20030817710100129524.html,国嘉新视界,https://cd.ke.com/xiaoqu/1611043132293/,中楼层(共32层),2009年建,2室1厅,67.84平米,东,0,4天前发布
144,财富中心1室1厅南,https://cd.ke.com/ershoufang/20030817710100129284.html,财富中心,https://cd.ke.com/xiaoqu/3011054635711/,高楼层(共30层),2005年建,1室1厅,47.53平米,南,2,4天前发布
145,海桐二期优质套一，客厅厨房双阳台,https://cd.ke.com/ershoufang/20030817710100120396.html,海桐二期,https://cd.ke.com/xiaoqu/3011053348771/,低楼层(共18层),2010年建,1室1厅,50.18平米,东东南,17,4天前发布
146,静居嘉苑，精装套3双卫，中间楼层。,https://cd.ke.com/ershoufang/20030817710100123490.html,静居嘉苑,https://cd.ke.com/xiaoqu/3011053920649/,中楼层(共6层),2005年建,3室2厅,103.12平米,东南西北,3,4天前发布
147,天誉花园精装套三双卫客厅带阳台对中庭,https://cd.ke.com/ershoufang/20030817710100123947.html,天誉花园,https://cd.ke.com/xiaoqu/1611061049144/,低楼层(共31层),2016年建,3室2厅,137.08平米,南北,6,4天前发布
148,锦江城市花园三期，装修套二，客厅带阳台,https://cd.ke.com/ershoufang/20030817710100122833.html,锦江城市花园三期,https://cd.ke.com/xiaoqu/1611047140791/,低楼层(共34层),2011年建,2室1厅,56.59平米,东南,3,4天前发布
149,精装修二居室，满两年无增值税。,https://cd.ke.com/ershoufang/20030817710100120597.html,合能锦城,https://cd.ke.com/xiaoqu/1611063766797/,低楼层(共32层),2015年建,2室1厅,64平米,西北,1,4天前发布
150,精装套三保养好高楼层视野开阔满两年,https://cd.ke.com/ershoufang/20030817710100116613.html,卓锦城五期,https://cd.ke.com/xiaoqu/1611047075758/,低楼层(共33层),2012年建,3室2厅,87平米,西南,0,4天前发布
151,公园旁锦江城市花园居家装修小套二,https://cd.ke.com/ershoufang/20030817710100115144.html,锦江城市花园三期,https://cd.ke.com/xiaoqu/1611047140791/,高楼层(共34层),2011年建,2室1厅,56.59平米,东南,1,4天前发布
152,装修套二，中间楼层，朝东南，视野好，带家具家电。,https://cd.ke.com/ershoufang/20030817710100107635.html,蓝谷地天域,https://cd.ke.com/xiaoqu/3011053261179/,高楼层(共32层),2011年建,3室1厅,84.75平米,东南,0,4天前发布
153,镏金岁月1室1厅南,https://cd.ke.com/ershoufang/20030817710100109017.html,镏金岁月,https://cd.ke.com/xiaoqu/1611041550235/,高楼层(共33层),2010年建,1室1厅,56.9平米,南,0,4天前发布
154,鑫苑名家精装套二，真精装，随便可看,https://cd.ke.com/ershoufang/20030817710100107046.html,鑫苑名家一期,https://cd.ke.com/xiaoqu/1611043165264/,高楼层(共34层),2011年建,2室1厅,62.46平米,东南,8,4天前发布
155,塔子山地铁口，套三双卫，户型通透，视野开阔,https://cd.ke.com/ershoufang/20030817710100104925.html,中房优山PLUS,https://cd.ke.com/xiaoqu/1611706020408995/,低楼层(共32层)3室2厅,94.72平米,西南,,,8,4天前发布
156,都市驿站1室1厅东南,https://cd.ke.com/ershoufang/20030817710100104138.html,都市驿站,https://cd.ke.com/xiaoqu/1611060753678/,中楼层(共13层),2003年建,1室1厅,55平米,东南,0,4天前发布
157,比华利国际城三期人车分流24小时安保标准车位,https://cd.ke.com/ershoufang/20030717710100225472.html,比华利国际城三期,https://cd.ke.com/xiaoqu/3011053478981/,地下室(共1层),2014年建,1室0厅,34.8平米,东,0,5天前发布
158,致瑞雅苑A区2室1厅南,https://cd.ke.com/ershoufang/20030717710100216732.html,致瑞雅苑A区,https://cd.ke.com/xiaoqu/168463400841818/,低楼层(共39层),1994年建,2室1厅,86.06平米,南,1,5天前发布
159,绿地468云玺五期3室2厅东南,https://cd.ke.com/ershoufang/20030717710100212247.html,绿地468云玺五期,https://cd.ke.com/xiaoqu/1620026673981109/,高楼层(共39层),2016年建,3室2厅,89平米,东南,0,5天前发布
160,旭通桂香居1室0厅东,https://cd.ke.com/ershoufang/20030717710100210396.html,旭通桂香居,https://cd.ke.com/xiaoqu/1611060698347/,地下室(共层)1室0厅,35.42平米,东,,,0,5天前发布
161,华宇广场2室0厅南,https://cd.ke.com/ershoufang/20030717710100205799.html,华宇广场,https://cd.ke.com/xiaoqu/1611062702646/,中楼层(共17层),2017年建,2室0厅,49平米,南,0,5天前发布
162,2.5环中铁建新小区，高楼层视野好，套二改套三,https://cd.ke.com/ershoufang/20030717710100205943.html,锦江国际花园,https://cd.ke.com/xiaoqu/1611062710807/,高楼层(共34层),2016年建,2室2厅,71.71平米,东南西南,2,5天前发布
163,中港央湖名邸套三双卫，横厅设计，朝南对中庭。,https://cd.ke.com/ershoufang/20030717710100203544.html,中港CCPARK,https://cd.ke.com/xiaoqu/166877044288575/,中楼层(共30层),2017年建,3室2厅,110.64平米,东东南,0,5天前发布
164,恒大都汇华庭1室1厅东,https://cd.ke.com/ershoufang/20030717710100200614.html,恒大都汇华庭,https://cd.ke.com/xiaoqu/1611061104258/,高楼层(共50层),2015年建,1室1厅,66.87平米,东,5,5天前发布
165,一环内锦江区，08年电梯房，市二医院地铁口，住家装修,https://cd.ke.com/ershoufang/20030717710100198255.html,萧邦,https://cd.ke.com/xiaoqu/1611059497834/,中楼层(共28层),2008年建,1室1厅,49.97平米,西南,1,5天前发布
166,此房满五，有阳台，套内面积大，绿化好，拎包入住。,https://cd.ke.com/ershoufang/20030717710100193964.html,比华利国际城一期,https://cd.ke.com/xiaoqu/3011053484408/,中楼层(共26层),2008年建,2室2厅,90.25平米,东南,0,5天前发布
167,万科金润华府精装套二，朝南对中庭,https://cd.ke.com/ershoufang/20030717710100192362.html,万科金润华府,https://cd.ke.com/xiaoqu/1611057882526/,低楼层(共35层),2012年建,2室1厅,65.26平米,西南,12,5天前发布
168,锦江国际花园精装套三，高楼层视野好，带家具家电,https://cd.ke.com/ershoufang/20030717710100183730.html,锦江国际花园,https://cd.ke.com/xiaoqu/1611062710807/,高楼层(共42层),2016年建,3室1厅,84.02平米,东南,4,5天前发布
169,标准套三双卫户型，业主诚心出售,https://cd.ke.com/ershoufang/20030717710100185718.html,卓锦城三期,https://cd.ke.com/xiaoqu/1611041741563/,低楼层(共24层),2010年建,3室2厅,120平米,南,1,5天前发布
170,锦江区三环内中间楼层套三双卫有钥匙,https://cd.ke.com/ershoufang/20030717710100181555.html,经天路3号,https://cd.ke.com/xiaoqu/3011053240703/,中楼层(共6层),2005年建,3室1厅,106.76平米,南,10,5天前发布
171,万达锦华城2室1厅南,https://cd.ke.com/ershoufang/20030717710100179911.html,万达锦华城,https://cd.ke.com/xiaoqu/1611041535054/,高楼层(共30层),2008年建,2室1厅,85.76平米,南,2,5天前发布
172,沙河壹号一期1室0厅东,https://cd.ke.com/ershoufang/20030717710100176440.html,沙河壹号一期,https://cd.ke.com/xiaoqu/3011053573846/,地下室(共层),2008年建,1室0厅,16平米,东,0,5天前发布
173,嘉和园二期1室1厅东,https://cd.ke.com/ershoufang/20030717710100175447.html,嘉和园二期,https://cd.ke.com/xiaoqu/3011053514186/,中楼层(共6层),2002年建,1室1厅,55.42平米,东,0,5天前发布
174,阳光3652室1厅东,https://cd.ke.com/ershoufang/20030717710100172287.html,阳光365,https://cd.ke.com/xiaoqu/1611041504152/,高楼层(共18层),2005年建,2室1厅,57.16平米,东,0,5天前发布
175,锦江三圣乡鑫苑名家一期装修套二房东诚心出售！,https://cd.ke.com/ershoufang/20030717710100167960.html,鑫苑名家一期,https://cd.ke.com/xiaoqu/1611043165264/,高楼层(共34层),2011年建,2室2厅,61.07平米,东南,2,5天前发布
176,绿地新上出租装修套三，视野好，看小区中庭,https://cd.ke.com/ershoufang/20030717710100165215.html,绿地468公馆一期,https://cd.ke.com/xiaoqu/1611061071609/,中楼层(共32层),2015年建,3室2厅,88.17平米,西北,3,5天前发布
177,东晶丽苑标准套二，户型方正，采光好，主卧带阳台,https://cd.ke.com/ershoufang/20030717710100162853.html,东晶丽苑,https://cd.ke.com/xiaoqu/3011052867100/,低楼层(共16层),2006年建,2室1厅,75.11平米,东,2,5天前发布
178,上海东韵2室1厅南,https://cd.ke.com/ershoufang/20030717710100162653.html,上海东韵,https://cd.ke.com/xiaoqu/1611043073259/,低楼层(共30层),2012年建,2室1厅,89.78平米,南,1,5天前发布
179,东2.5环师大旁比华利一期套三出售158万不要错过,https://cd.ke.com/ershoufang/20030717710100160986.html,比华利国际城一期,https://cd.ke.com/xiaoqu/3011053484408/,低楼层(共26层),2008年建,3室1厅,91平米,东南西南,5,5天前发布
180,万科套二对中庭房东诚心出售,https://cd.ke.com/ershoufang/20030717710100157763.html,万科金润华府,https://cd.ke.com/xiaoqu/1611057882526/,高楼层(共35层),2012年建,2室1厅,67平米,西南,1,5天前发布
181,启明公寓3室1厅南,https://cd.ke.com/ershoufang/20030717710100158614.html,启明公寓,https://cd.ke.com/xiaoqu/1611060819828/,高楼层(共26层),2000年建,3室1厅,121平米,南,3,5天前发布
182,锦江城市花园三期标准车位方便实地看房。,https://cd.ke.com/ershoufang/20030717710100155780.html,锦江城市花园三期,https://cd.ke.com/xiaoqu/1611047140791/,地下室(共层),2011年建,1室0厅,20.92平米,东,0,5天前发布
183,缤舍1室1厅东北,https://cd.ke.com/ershoufang/20030717710100153897.html,缤舍,https://cd.ke.com/xiaoqu/1611059674595/,高楼层(共21层),2008年建,1室1厅,35.32平米,东北,0,5天前发布
184,东安北路6+住家小区+朝小区中庭,https://cd.ke.com/ershoufang/20030717710100156467.html,东安北路6号,https://cd.ke.com/xiaoqu/3011053697178/,高楼层(共7层),1995年建,3室1厅,97.37平米,东南,9,5天前发布
185,泰华大厦电梯套二带阳台户型方正适合自住采光好,https://cd.ke.com/ershoufang/20030717710100154365.html,泰华大厦,https://cd.ke.com/xiaoqu/1611060790384/,中楼层(共34层),1999年建,2室1厅,87.23平米,东北,0,5天前发布
186,此房是开发商精装修套一，满两年，无增值税。,https://cd.ke.com/ershoufang/20030717710100149014.html,恒大都汇华庭,https://cd.ke.com/xiaoqu/1611061104258/,低楼层(共50层),2015年建,1室1厅,80.54平米,西西北,5,5天前发布
187,鑫苑名家一期2室1厅东南,https://cd.ke.com/ershoufang/20030717710100147370.html,鑫苑名家一期,https://cd.ke.com/xiaoqu/1611043165264/,低楼层(共34层),2011年建,2室1厅,62.78平米,东南,1,5天前发布
188,锦江华庭3室1厅东南,https://cd.ke.com/ershoufang/20030717710100144349.html,锦江华庭,https://cd.ke.com/xiaoqu/1611059189106/,低楼层(共21层),2007年建,3室1厅,100.5平米,东南,6,5天前发布
189,总府花园两居室看房提前预约,https://cd.ke.com/ershoufang/20030717710100141547.html,总府花园,https://cd.ke.com/xiaoqu/1611041522310/,高楼层(共30层),2000年建,2室1厅,87.02平米,北,1,5天前发布
190,澳龙名城1室0厅东,https://cd.ke.com/ershoufang/20030717710100127246.html,澳龙名城,https://cd.ke.com/xiaoqu/1611041481744/,地下室(共1层),2009年建,1室0厅,63.47平米,东,0,5天前发布
191,精装标准套四，诚心出售。看房方便,https://cd.ke.com/ershoufang/20030717710100130036.html,东湖国际,https://cd.ke.com/xiaoqu/1611043090288/,低楼层(共32层),2012年建,4室2厅,135平米,东北,1,5天前发布
192,春熙商汇广场+标间+春熙路+交通便利,https://cd.ke.com/ershoufang/20030717710100125320.html,春熙商汇广场,https://cd.ke.com/xiaoqu/1611059289725/,高楼层(共22层),2005年建,1室0厅,41.45平米,南,1,5天前发布
193,皇经楼一期1室1厅东南,https://cd.ke.com/ershoufang/20030717710100124791.html,皇经楼一期,https://cd.ke.com/xiaoqu/3011052976570/,低楼层(共11层)1室1厅,45.6平米,东南,,,1,5天前发布
194,永兴巷14号3室1厅西南,https://cd.ke.com/ershoufang/20030717710100124365.html,永兴巷14号,https://cd.ke.com/xiaoqu/1620025454831205/,中楼层(共7层)3室1厅,66.66平米,西南,,,0,5天前发布
195,上海东韵2室1厅西北,https://cd.ke.com/ershoufang/20030717710100121533.html,上海东韵,https://cd.ke.com/xiaoqu/1611043073259/,低楼层(共30层),2012年建,2室1厅,54.93平米,西北,2,5天前发布
196,鑫苑名家一期1室0厅东,https://cd.ke.com/ershoufang/20030717710100118970.html,鑫苑名家一期,https://cd.ke.com/xiaoqu/1611043165264/,地下室(共层)1室0厅,30平米,东,,,0,5天前发布
197,蓝谷地天域套三出售带家具家电位置安静,https://cd.ke.com/ershoufang/20030717710100114297.html,蓝谷地天域,https://cd.ke.com/xiaoqu/3011053261179/,高楼层(共31层),2012年建,3室2厅,89.67平米,东北,5,5天前发布
198,蓝光金悦天娇3室2厅东南,https://cd.ke.com/ershoufang/20030717710100119541.html,蓝光金悦天娇,https://cd.ke.com/xiaoqu/1611100696164/,中楼层(共33层),2017年建,3室2厅,78.87平米,东南,16,5天前发布
199,外滩4栋独立大车位，旁边就是电梯，,https://cd.ke.com/ershoufang/20030717710100115245.html,外滩,https://cd.ke.com/xiaoqu/1611041490318/,地下室(共层),2009年建,1室0厅,38.88平米,东北,0,5天前发布
200,二室二厅，公摊小，居家装修，安心舒适,https://cd.ke.com/ershoufang/20030717710100114177.html,永兴社区,https://cd.ke.com/xiaoqu/1611061021763/,中楼层(共7层)2室2厅,64.76平米,南,,,2,5天前发布
201,刚需小神盘，诚心出售，随时可看,https://cd.ke.com/ershoufang/20030717710100117659.html,鑫苑名家一期,https://cd.ke.com/xiaoqu/1611043165264/,高楼层(共34层),2011年建,2室1厅,79.64平米,东南,0,5天前发布
202,海桐三期标准套一居家装修中间楼层,https://cd.ke.com/ershoufang/20030717710100120651.html,海桐三期,https://cd.ke.com/xiaoqu/3011053375751/,中楼层(共24层)1室1厅,45.96平米,东南,,,4,5天前发布
203,创意山2室1厅东南,https://cd.ke.com/ershoufang/20030717710100114592.html,创意山,https://cd.ke.com/xiaoqu/1611063134459/,中楼层(共22层),2017年建,2室1厅,48.6平米,东南,0,5天前发布
204,天悦龙庭套套二的房子，房子南北朝向，带地下室,https://cd.ke.com/ershoufang/20030717710100115185.html,天悦龙庭,https://cd.ke.com/xiaoqu/3011052708655/,低楼层(共27层),2014年建,2室2厅,84.54平米,南,0,5天前发布
205,电梯小高层适合过渡顺风顺水,https://cd.ke.com/ershoufang/20030717710100110850.html,在水一方,https://cd.ke.com/xiaoqu/1611060844753/,中楼层(共12层),2005年建,1室0厅,46.67平米,东南,2,5天前发布
206,成功红树林标准大套二有装修,https://cd.ke.com/ershoufang/20030717710100110690.html,成功红树林,https://cd.ke.com/xiaoqu/1611061694252/,高楼层(共34层),2014年建,2室1厅,80.17平米,东南,3,5天前发布
207,绿地468云玺四期3室1厅南,https://cd.ke.com/ershoufang/20030717710100109887.html,绿地468云玺四期,https://cd.ke.com/xiaoqu/1613470195003830/,中楼层(共40层),2016年建,3室1厅,89.12平米,南,0,5天前发布
208,锦江城市花园一期2室1厅南,https://cd.ke.com/ershoufang/20030717710100106412.html,锦江城市花园一期,https://cd.ke.com/xiaoqu/1611041539854/,中楼层(共34层),2009年建,2室1厅,47.62平米,南,2,5天前发布
209,有车库而且在华韵天府车位位置好,https://cd.ke.com/ershoufang/20030717710100108241.html,华韵天府,https://cd.ke.com/xiaoqu/1611047922039/,高楼层(共34层),2013年建,4室1厅,86.37平米,东南,4,5天前发布
210,东顺苑2室2厅南北,https://cd.ke.com/ershoufang/20030717710100105738.html,东顺苑,https://cd.ke.com/xiaoqu/3011053656609/,中楼层(共7层),2000年建,2室2厅,96平米,南北,0,5天前发布
211,万科金色城市车位交通便利,https://cd.ke.com/ershoufang/20030717710100105289.html,万科金色城市,https://cd.ke.com/xiaoqu/1611064018200/,地下室(共层)1室0厅,29.62平米,南,,,0,5天前发布
212,鑫苑名家二期2室1厅东东南,https://cd.ke.com/ershoufang/20030717710100107299.html,鑫苑名家二期,https://cd.ke.com/xiaoqu/1611047301096/,高楼层(共34层),2012年建,2室1厅,64平米,东东南,0,5天前发布
213,COSMO天廊1室1厅东南,https://cd.ke.com/ershoufang/20030717710100101599.html,COSMO天廊,https://cd.ke.com/xiaoqu/1614940452982741/,中楼层(共31层),2018年建,1室1厅,59平米,东南,1,5天前发布
214,房子是2012年的商品房、套二有阳台、有飘窗、朝北,https://cd.ke.com/ershoufang/20030717710100101619.html,正成翡翠琉璃,https://cd.ke.com/xiaoqu/3011052712988/,中楼层(共33层),2012年建,2室1厅,64.65平米,北,12,5天前发布
215,时代豪庭一期3室2厅东,https://cd.ke.com/ershoufang/20030617710100206565.html,时代豪庭一期,https://cd.ke.com/xiaoqu/1611041733939/,中楼层(共35层),2009年建,3室2厅,154.79平米,东,1,6天前发布
216,锦江城市花园三期，标准的套二带阳台户型,https://cd.ke.com/ershoufang/20030617710100204277.html,锦江城市花园三期,https://cd.ke.com/xiaoqu/1611047140791/,高楼层(共34层),2011年建,2室1厅,57.5平米,东南,8,6天前发布
217,惊现：万科金润华府精装套二带衣帽间,https://cd.ke.com/ershoufang/20030617710100202373.html,万科金润华府,https://cd.ke.com/xiaoqu/1611057882526/,低楼层(共35层),2012年建,2室1厅,65.89平米,东南,27,6天前发布
218,澳龙名城2室1厅东,https://cd.ke.com/ershoufang/20030617710100199248.html,澳龙名城,https://cd.ke.com/xiaoqu/1611041481744/,低楼层(共19层),2009年建,2室1厅,62.67平米,东,2,6天前发布
219,澳龙名城1室0厅东,https://cd.ke.com/ershoufang/20030617710100198892.html,澳龙名城,https://cd.ke.com/xiaoqu/1611041481744/,地下室(共1层),2009年建,1室0厅,31平米,东,0,6天前发布
220,户型通透，单价便宜，业主诚心，看房方便，,https://cd.ke.com/ershoufang/20030617710100199032.html,锦绣阳光(锦江),https://cd.ke.com/xiaoqu/3011052687193/,中楼层(共5层),2005年建,3室2厅,119平米,东,1,6天前发布
221,成龙花园2室2厅东南,https://cd.ke.com/ershoufang/20030617710100195693.html,成龙花园,https://cd.ke.com/xiaoqu/1611043127332/,高楼层(共7层),2005年建,2室2厅,84.53平米,东南,3,6天前发布
222,海椒市街套二出售出行方便商圈配套成熟,https://cd.ke.com/ershoufang/20030617710100195566.html,莲花新一区,https://cd.ke.com/xiaoqu/1611041520715/,高楼层(共7层),2002年建,2室1厅,68.26平米,南,1,6天前发布
223,锦江区二环内改善河景套四，视野开阔,https://cd.ke.com/ershoufang/20030617710100195277.html,望江橡树林一期,https://cd.ke.com/xiaoqu/1611041736706/,低楼层(共32层),2009年建,4室2厅,153.63平米,西南,4,6天前发布
224,莲花新一区2室1厅南,https://cd.ke.com/ershoufang/20030617710100191248.html,莲花新一区,https://cd.ke.com/xiaoqu/1611041520715/,高楼层(共7层),2002年建,2室1厅,67.38平米,南,2,6天前发布
225,电梯套一购物交通相当便利,https://cd.ke.com/ershoufang/20030617710100189192.html,财富中心,https://cd.ke.com/xiaoqu/3011054635711/,高楼层(共30层),2005年建,1室1厅,47.53平米,东南,1,6天前发布
226,绿地468公馆三期3室2厅西北,https://cd.ke.com/ershoufang/20030617710100185197.html,绿地468公馆三期,https://cd.ke.com/xiaoqu/167305930748357/,高楼层(共33层),2015年建,3室2厅,89.49平米,西北,2,6天前发布
227,万科金润华府0室0厅东,https://cd.ke.com/ershoufang/20030617710100185593.html,万科金润华府,https://cd.ke.com/xiaoqu/1611057882526/,地下室(共层)厅室未知,32.22平米,东,,,0,6天前发布
228,鑫苑名家一期标准二居，居家装修,https://cd.ke.com/ershoufang/20030617710100183388.html,鑫苑名家一期,https://cd.ke.com/xiaoqu/1611043165264/,高楼层(共34层),2011年建,2室1厅,57.56平米,东南,1,6天前发布
229,翡翠城五期车位户型方正比较大，位置比较好找,https://cd.ke.com/ershoufang/20030617710100181886.html,翡翠城五期,https://cd.ke.com/xiaoqu/1611043088693/,地下室(共层),2011年建,1室0厅,30.59平米,东,0,6天前发布
230,金润华府新上低楼层套四，户型方正无浪费,https://cd.ke.com/ershoufang/20030617710100182720.html,万科金润华府,https://cd.ke.com/xiaoqu/1611057882526/,低楼层(共35层),2012年建,4室1厅,83.1平米,东南南,4,6天前发布
231,望江橡树林一期2室1厅南,https://cd.ke.com/ershoufang/20030617710100184353.html,望江橡树林一期,https://cd.ke.com/xiaoqu/1611041736706/,低楼层(共33层),2009年建,2室1厅,83.33平米,南,8,6天前发布
232,万科装修带家具家电2室2厅视野开阔,https://cd.ke.com/ershoufang/20030617710100170523.html,万科金色城市二期,https://cd.ke.com/xiaoqu/1610501596655214/,低楼层(共35层),2017年建,2室2厅,66.77平米,西北,1,6天前发布
233,花果新居二期2室2厅东南,https://cd.ke.com/ershoufang/20030617710100166036.html,花果新居二期,https://cd.ke.com/xiaoqu/3011053567987/,中楼层(共33层),2001年建,2室2厅,89平米,东南,1,6天前发布
234,标准套三实得面积多，客厅带阳台，中间楼层采光好。,https://cd.ke.com/ershoufang/20030617710100171661.html,沙河壹号二期,https://cd.ke.com/xiaoqu/3011053579030/,高楼层(共34层),2013年建,3室1厅,81.96平米,东南,10,6天前发布
235,缤舍1室1厅北,https://cd.ke.com/ershoufang/20030617710100165497.html,缤舍,https://cd.ke.com/xiaoqu/1611059674595/,高楼层(共21层),2008年建,1室1厅,35.32平米,北,0,6天前发布
236,天悦龙庭套二有装修全南朝向带三阳台！,https://cd.ke.com/ershoufang/20030617710100164714.html,天悦龙庭,https://cd.ke.com/xiaoqu/3011052708655/,中楼层(共30层),2014年建,2室1厅,87.5平米,南,9,6天前发布
237,牛市口旁交通方便的套二，自己房子低价出售,https://cd.ke.com/ershoufang/20030617710100157956.html,水碾河路6号,https://cd.ke.com/xiaoqu/1611043142374/,高楼层(共6层),1995年建,2室1厅,65.49平米,南,2,6天前发布
238,泰华大厦2室1厅西北,https://cd.ke.com/ershoufang/20030617710100157538.html,泰华大厦,https://cd.ke.com/xiaoqu/1611060790384/,中楼层(共34层),1999年建,2室1厅,87.23平米,西北,6,6天前发布
239,锦江城市花园一期装修套二中间楼层,https://cd.ke.com/ershoufang/20030617710100152182.html,锦江城市花园一期,https://cd.ke.com/xiaoqu/1611041539854/,中楼层(共34层),2009年建,2室1厅,87.08平米,西南,0,6天前发布
240,鑫苑名家一期1室0厅东南,https://cd.ke.com/ershoufang/20030617710100149150.html,鑫苑名家一期,https://cd.ke.com/xiaoqu/1611043165264/,低楼层(共35层),2011年建,1室0厅,41平米,东南,0,6天前发布
241,华宇广场5.2米层高，水电气三通,https://cd.ke.com/ershoufang/20030617710100145776.html,华宇广场,https://cd.ke.com/xiaoqu/1611062702646/,低楼层(共17层),2017年建,1室1厅,77平米,东南,0,6天前发布
242,柳江新居五期2室1厅东,https://cd.ke.com/ershoufang/20030617710100146626.html,柳江新居五期,https://cd.ke.com/xiaoqu/3011052700023/,低楼层(共18层),2010年建,2室1厅,84.45平米,东,2,6天前发布
243,紫薇银座1室0厅东南,https://cd.ke.com/ershoufang/20030617710100136861.html,紫薇银座,https://cd.ke.com/xiaoqu/1610744501121120/,中楼层(共17层)1室0厅,51.39平米,东南,,,0,6天前发布
244,鑫苑名家一期新青年出售....,https://cd.ke.com/ershoufang/20030617710100134642.html,鑫苑名家一期,https://cd.ke.com/xiaoqu/1611043165264/,低楼层(共35层),2011年建,1室1厅,41平米,南,0,6天前发布
245,锦东路253号2室1厅东南,https://cd.ke.com/ershoufang/20030617710100125966.html,锦东路253号,https://cd.ke.com/xiaoqu/1611042549357/,高楼层(共7层),2000年建,2室1厅,49.2平米,东南,3,6天前发布
246,林家坡1号2室2厅东南,https://cd.ke.com/ershoufang/20030617710100123936.html,林家坡1号,https://cd.ke.com/xiaoqu/1611043103290/,高楼层(共6层),1988年建,2室2厅,53.61平米,东南,1,6天前发布
247,卓锦城六期对中庭朝南精装套三双卫户型诚售,https://cd.ke.com/ershoufang/20030617710100121645.html,卓锦城六期,https://cd.ke.com/xiaoqu/1611047075553/,高楼层(共31层),2014年建,3室2厅,88.84平米,南,8,6天前发布
248,户型方正采光很好，配套交通齐全方便,https://cd.ke.com/ershoufang/20030617710100121853.html,金象花园三期,https://cd.ke.com/xiaoqu/3011053572471/,中楼层(共6层),2003年建,3室1厅,86.2平米,南,11,6天前发布
249,业主自住装修、不临街很安静、户型很方正,https://cd.ke.com/ershoufang/20030617710100120590.html,摩玛城,https://cd.ke.com/xiaoqu/1611041551659/,中楼层(共40层),2011年建,3室1厅,93.75平米,北,3,6天前发布
250,房东因工作因素诚心出售价格不高,https://cd.ke.com/ershoufang/20030617710100110974.html,绿地468公馆一期,https://cd.ke.com/xiaoqu/1611061071609/,高楼层(共25层),2015年建,2室1厅,74.87平米,东南,0,6天前发布
251,缤舍1室0厅西北,https://cd.ke.com/ershoufang/20030617710100109658.html,缤舍,https://cd.ke.com/xiaoqu/1611059674595/,中楼层(共21层),2008年建,1室0厅,35.67平米,西北,2,6天前发布
252,华润幸福里二期2室1厅西,https://cd.ke.com/ershoufang/20030617710100107077.html,华润幸福里二期,https://cd.ke.com/xiaoqu/1611060836544/,高楼层(共32层),2015年建,2室1厅,75.55平米,西,2,6天前发布
253,华韵天府3室1厅西南,https://cd.ke.com/ershoufang/20030617710100103511.html,华韵天府,https://cd.ke.com/xiaoqu/1611047922039/,中楼层(共39层),2013年建,3室1厅,70.12平米,西南,0,6天前发布
254,二环内牛市口精装标间，高楼层出售,https://cd.ke.com/ershoufang/20030617710100103041.html,尖东旺座二期,https://cd.ke.com/xiaoqu/1611041550511/,高楼层(共15层),2004年建,1室0厅,44.57平米,东东南南,18,6天前发布
255,财富A座套一户型，有阳台，采光良好,https://cd.ke.com/ershoufang/20030617710100101820.html,财富中心,https://cd.ke.com/xiaoqu/3011054635711/,高楼层(共30层),2005年建,1室1厅,47.53平米,北,4,6天前发布
256,人居锦尚春天A区居家套二，采光好,https://cd.ke.com/ershoufang/20030617710100100945.html,人居锦尚春天A区,https://cd.ke.com/xiaoqu/168800539259516/,高楼层(共34层)2室1厅,77.89平米,西北,,,1,6天前发布
257,朝阳逸景标准套一功能间实用朝西南,https://cd.ke.com/ershoufang/20030517710100207953.html,朝阳逸景,https://cd.ke.com/xiaoqu/1611041576361/,高楼层(共11层),2004年建,1室1厅,55.06平米,东,1,7天前发布
258,东湖公园旁标准套二朝南采光好,https://cd.ke.com/ershoufang/20030517710100206245.html,摩玛城,https://cd.ke.com/xiaoqu/1611041551659/,高楼层(共34层),2011年建,3室1厅,79.32平米,南,21,7天前发布
259,沙河壹号精装套三对中庭位置安静,https://cd.ke.com/ershoufang/20030517710100206190.html,沙河壹号一期,https://cd.ke.com/xiaoqu/3011053573846/,高楼层(共34层),2011年建,3室2厅,81.51平米,北,0,7天前发布
260,西部国际高品质小区，开发商统一装修，保养好,https://cd.ke.com/ershoufang/20030517710100206059.html,西部国际金融中心,https://cd.ke.com/xiaoqu/1620025939321401/,中楼层(共47层)2室2厅,83.81平米,东东南,,,1,7天前发布
261,俊发星雅俊园精装套三，客厅正对中庭，采光视野好。,https://cd.ke.com/ershoufang/20030517710100205320.html,俊发星雅俊园,https://cd.ke.com/xiaoqu/1611060973372/,低楼层(共33层),2015年建,3室1厅,88.28平米,东南,0,7天前发布
262,吉宝优质好房，套二双卫，装修保养好,https://cd.ke.com/ershoufang/20030517710100204997.html,吉宝凌云峰阁,https://cd.ke.com/xiaoqu/1611062923844/,高楼层(共30层),2015年建,2室1厅,98.71平米,南,0,7天前发布
263,楼层好，看房方便，自住装修保养好,https://cd.ke.com/ershoufang/20030517710100196657.html,天紫界,https://cd.ke.com/xiaoqu/1611043058189/,高楼层(共55层),2011年建,2室1厅,68.55平米,南,6,7天前发布
264,流星花园有电梯有地下停车库,https://cd.ke.com/ershoufang/20030517710100197536.html,流星花园,https://cd.ke.com/xiaoqu/1611041522287/,高楼层(共16层),2003年建,1室1厅,39.67平米,南,2,7天前发布
265,财富B座1室1厅户型方正通风采光好,https://cd.ke.com/ershoufang/20030517710100195028.html,财富中心,https://cd.ke.com/xiaoqu/3011054635711/,中楼层(共29层),2006年建,1室1厅,61.4平米,南,1,7天前发布
266,合江亭电梯小高层，标准套二双阳台,https://cd.ke.com/ershoufang/20030517710100194847.html,星河名都,https://cd.ke.com/xiaoqu/1611061165010/,中楼层(共12层),2004年建,2室2厅,89.03平米,西,1,7天前发布
267,澳龙名城维格位于小区外面一栋朝北视野开阔,https://cd.ke.com/ershoufang/20030517710100188298.html,澳龙名城,https://cd.ke.com/xiaoqu/1611041481744/,中楼层(共19层),2009年建,1室1厅,45.83平米,东,3,7天前发布
268,套三双卫，中高楼层，对中庭，视野采光好,https://cd.ke.com/ershoufang/20030517710100179977.html,锦江逸家,https://cd.ke.com/xiaoqu/168420324553067/,高楼层(共33层),2015年建,3室1厅,86.66平米,西南,3,7天前发布
269,合江亭标准套二民宿装修保养好。,https://cd.ke.com/ershoufang/20030517710100174079.html,水井街24号,https://cd.ke.com/xiaoqu/1610684399627855/,低楼层(共7层),1996年建,2室1厅,56平米,西南,37,7天前发布
270,滨江中路1号居家小区环境好户型好,https://cd.ke.com/ershoufang/20030517710100177279.html,滨江中路1号,https://cd.ke.com/xiaoqu/1611060162404/,高楼层(共6层),1992年建,2室1厅,52.1平米,南北,10,7天前发布
271,绿地468公馆二期3室2厅西南,https://cd.ke.com/ershoufang/20030517710100176833.html,绿地468公馆二期,https://cd.ke.com/xiaoqu/1611100276106/,高楼层(共29层),2015年建,3室2厅,89.6平米,西南,4,7天前发布
272,标准套二，通透户型，居家装修，拧包入住。,https://cd.ke.com/ershoufang/20030517710100170627.html,锦江城市花园二期,https://cd.ke.com/xiaoqu/1611041538906/,高楼层(共34层),2010年建,2室1厅,72平米,北南,54,7天前发布
273,建银大厦3室2厅东北,https://cd.ke.com/ershoufang/20030517710100163892.html,建银大厦,https://cd.ke.com/xiaoqu/1611043099580/,高楼层(共28层),2007年建,3室2厅,129.83平米,东北,4,7天前发布
274,锦江城市花园二期2室1厅西南,https://cd.ke.com/ershoufang/20030517710100159818.html,锦江城市花园二期,https://cd.ke.com/xiaoqu/1611041538906/,高楼层(共34层),2011年建,2室1厅,72.01平米,西南,1,7天前发布
275,锦东苑标准套二出售，楼层合适。,https://cd.ke.com/ershoufang/20030517710100160374.html,锦东苑,https://cd.ke.com/xiaoqu/3011053879080/,低楼层(共7层),2002年建,2室2厅,72.83平米,东南,0,7天前发布
276,国际商务大厦1室0厅西,https://cd.ke.com/ershoufang/20030517710100164911.html,国际商务大厦,https://cd.ke.com/xiaoqu/1611058533851/,中楼层(共14层)1室0厅,47.94平米,西,,,2,7天前发布
277,蓝谷地三四期2室1厅南,https://cd.ke.com/ershoufang/20030517710100148670.html,蓝谷地三四期,https://cd.ke.com/xiaoqu/3011053385423/,高楼层(共13层),2008年建,2室1厅,86.66平米,南,1,7天前发布
278,财富中心1室1厅东,https://cd.ke.com/ershoufang/20030517710100147181.html,财富中心,https://cd.ke.com/xiaoqu/3011054635711/,中楼层(共30层),2005年建,1室1厅,60.55平米,东,0,7天前发布
279,7号线琉璃厂地铁口套二中间楼层,https://cd.ke.com/ershoufang/20030517710100147069.html,金象花园二期,https://cd.ke.com/xiaoqu/3011053186472/,中楼层(共6层),2004年建,2室1厅,71.46平米,东,21,7天前发布
280,居家装修套二户型方正看房方便,https://cd.ke.com/ershoufang/20030517710100143874.html,鑫苑名家二期,https://cd.ke.com/xiaoqu/1611047301096/,中楼层(共34层),2012年建,2室1厅,64.62平米,西南,6,7天前发布
281,海桐三期1室1厅东南,https://cd.ke.com/ershoufang/20030517710100137269.html,海桐三期,https://cd.ke.com/xiaoqu/3011053375751/,中楼层(共24层),2014年建,1室1厅,45.98平米,东南,15,7天前发布
282,居家套二，户型方正，房东诚心出售,https://cd.ke.com/ershoufang/20030517710100123283.html,鑫苑名家二期,https://cd.ke.com/xiaoqu/1611047301096/,高楼层(共34层),2012年建,2室1厅,64.62平米,东南,0,7天前发布
283,此房满两年无增值税，客厅有阳台，东南朝向，中间楼层,https://cd.ke.com/ershoufang/20030517710100125585.html,锦江城市花园三期,https://cd.ke.com/xiaoqu/1611047140791/,低楼层(共34层),2011年建,2室1厅,72.61平米,东南,1,7天前发布
284,鑫苑名家一期1室0厅东,https://cd.ke.com/ershoufang/20030517710100121036.html,鑫苑名家一期,https://cd.ke.com/xiaoqu/1611043165264/,中楼层(共35层),2011年建,1室0厅,41平米,东,0,7天前发布
285,俊发星雅俊园1室1厅东南,https://cd.ke.com/ershoufang/20030517710100117229.html,俊发星雅俊园,https://cd.ke.com/xiaoqu/1611060973372/,中楼层(共20层),2015年建,1室1厅,41平米,东南,1,7天前发布
286,锦江城市花园三期标准停车位位置好停靠方便,https://cd.ke.com/ershoufang/20030517710100116630.html,锦江城市花园三期,https://cd.ke.com/xiaoqu/1611047140791/,地下室(共层),2011年建,1室0厅,22.68平米,南,0,7天前发布
287,蓝光金悦天娇19年新的精装套三拎包入住,https://cd.ke.com/ershoufang/20030517710100118768.html,蓝光金悦天娇,https://cd.ke.com/xiaoqu/1611100696164/,低楼层(共33层),2017年建,3室1厅,79.3平米,西北,0,7天前发布
288,通用时代国际社区3室1厅南,https://cd.ke.com/ershoufang/20030517710100114744.html,通用时代国际社区,https://cd.ke.com/xiaoqu/1611061038704/,中楼层(共33层),2015年建,3室1厅,96.74平米,南,4,7天前发布
289,蓝光凯丽香江2室1厅西南,https://cd.ke.com/ershoufang/20030517710100110899.html,蓝光凯丽香江,https://cd.ke.com/xiaoqu/1611041618870/,高楼层(共42层),2009年建,2室1厅,71.9平米,西南,7,7天前发布
290,简修套二，高楼层视野好，基础装修好,https://cd.ke.com/ershoufang/20030517710100110047.html,华熙528艺术村锦都,https://cd.ke.com/xiaoqu/1620033163122483/,高楼层(共30层)2室1厅,81.44平米,东南,,,2,7天前发布
291,壹环内房子好，大家可以多多推荐，业主诚心出售,https://cd.ke.com/ershoufang/20030517710100108328.html,桂王桥南街26号,https://cd.ke.com/xiaoqu/1611062804081/,中楼层(共7层)3室2厅,92.35平米,东南西北,,,2,7天前发布
292,低层套二户型，户型方正，采光好，安静不临街。,https://cd.ke.com/ershoufang/20030517710100109327.html,一心桥横街30号,https://cd.ke.com/xiaoqu/1611046889631/,低楼层(共7层)2室1厅,63.07平米,东南,,,7,7天前发布
293,客厅大阳台标准套三户型方正朝东北安静不临街,https://cd.ke.com/ershoufang/20030517710100105895.html,建设南村55号,https://cd.ke.com/xiaoqu/1611046863969/,高楼层(共7层),1990年建,3室2厅,111平米,南,1,7天前发布
294,绿地468公馆三期-2楼38.62平方米标准车位,https://cd.ke.com/ershoufang/20030517710100105271.html,绿地468公馆三期,https://cd.ke.com/xiaoqu/167305930748357/,地下室(共层)1室0厅,38.62平米,东南,,,0,7天前发布
295,万科金色城市精装套三，满两年！！,https://cd.ke.com/ershoufang/20030517710100101163.html,万科金色城市,https://cd.ke.com/xiaoqu/1611064018200/,高楼层(共35层),2016年建,3室2厅,86.67平米,东,1,7天前发布
296,红星国际+对中通+中间楼层采光好,https://cd.ke.com/ershoufang/20030517710100100852.html,红星国际,https://cd.ke.com/xiaoqu/1611059130055/,高楼层(共31层),2012年建,1室0厅,40.59平米,西,11,7天前发布
297,此房户型方正采光充足视野开阔出行方便中间位置,https://cd.ke.com/ershoufang/20030417710100209347.html,锦江国际花园,https://cd.ke.com/xiaoqu/1611062710807/,高楼层(共42层),2016年建,3室1厅,84.09平米,东南,10,8天前发布
298,华润翡翠城四期舒适居家精装大套二,https://cd.ke.com/ershoufang/20030417710100207518.html,翡翠城四期,https://cd.ke.com/xiaoqu/1611043130056/,中楼层(共30层),2009年建,2室1厅,89.1平米,东南,4,8天前发布
299,比华利国际城一期3室2厅东,https://cd.ke.com/ershoufang/20030417710100206896.html,比华利国际城一期,https://cd.ke.com/xiaoqu/3011053484408/,低楼层(共26层),2008年建,3室2厅,127.53平米,东,14,8天前发布
300,天涯石、红星国际电梯小户型，精装修，带阳台,https://cd.ke.com/ershoufang/20030417710100202545.html,红星国际,https://cd.ke.com/xiaoqu/1611059130055/,中楼层(共31层),2012年建,1室0厅,40.69平米,东南,1,8天前发布
301,房子是2003年的安置房、视野开阔临街不吵、套三户型,https://cd.ke.com/ershoufang/20030417710100201950.html,经天路8号,https://cd.ke.com/xiaoqu/3011053254432/,低楼层(共7层),2006年建,3室2厅,107.08平米,东南,0,8天前发布
302,绿地468云玺五期精装套三,https://cd.ke.com/ershoufang/20030417710100200533.html,绿地468云玺五期,https://cd.ke.com/xiaoqu/1620026673981109/,高楼层(共43层)3室1厅,88.7平米,北,,,3,8天前发布
303,卓锦城六期套三带阳台装修保养都不错,https://cd.ke.com/ershoufang/20030417710100199893.html,卓锦城六期,https://cd.ke.com/xiaoqu/1611047075553/,高楼层(共31层),2014年建,3室1厅,87.65平米,东东南,20,8天前发布
304,蓝谷地天域精装套三带两个大阳台带车位,https://cd.ke.com/ershoufang/20030417710100196620.html,蓝谷地天域,https://cd.ke.com/xiaoqu/3011053261179/,中楼层(共32层),2009年建,3室2厅,113.63平米,西北,7,8天前发布
305,仁恒标准套三诚心出售，拎包入住,https://cd.ke.com/ershoufang/20030417710100194457.html,仁恒滨河湾,https://cd.ke.com/xiaoqu/1611058066211/,中楼层(共32层),2016年建,3室2厅,125平米,东南,14,8天前发布
306,人居标准套三，居家装修，东南朝向，位置安静。,https://cd.ke.com/ershoufang/20030417710100192817.html,人居锦尚春天B区,https://cd.ke.com/xiaoqu/3011052564988/,高楼层(共32层),2013年建,3室1厅,90.72平米,东南,5,8天前发布
307,帕丽湾套四双卫客厅带阳台采光通风效果好,https://cd.ke.com/ershoufang/20030417710100185338.html,帕丽湾,https://cd.ke.com/xiaoqu/3011053201349/,高楼层(共27层),2008年建,4室2厅,142.86平米,南,4,8天前发布
308,绿地468公馆三期，套二单卫，户型方正,https://cd.ke.com/ershoufang/20030417710100185288.html,绿地468公馆三期,https://cd.ke.com/xiaoqu/167305930748357/,低楼层(共25层),2015年建,2室1厅,77平米,东北,0,8天前发布
309,华韵天府1室0厅东南,https://cd.ke.com/ershoufang/20030417710100182054.html,华韵天府,https://cd.ke.com/xiaoqu/1611047922039/,地下室(共层)1室0厅,21.92平米,东南,,,0,8天前发布
310,公平巷23号，小套二可自住，低楼层,https://cd.ke.com/ershoufang/20030417710100178871.html,公平巷23号,https://cd.ke.com/xiaoqu/1611061918857/,低楼层(共7层),1991年建,2室1厅,52.55平米,东,0,8天前发布
311,此房满两年无增值税，总价低，户型好。,https://cd.ke.com/ershoufang/20030417710100170013.html,蓝润锦江春天,https://cd.ke.com/xiaoqu/1611063394263/,中楼层(共33层),2016年建,3室1厅,88.38平米,西南东北,10,8天前发布
312,幸福里一期产权车位，15万出售，可停大车。,https://cd.ke.com/ershoufang/20030417710100169420.html,华润幸福里一期,https://cd.ke.com/xiaoqu/1611060831905/,地下室(共层),2014年建,1室0厅,38.84平米,南,0,8天前发布
313,幸福里高层双卫，自住精装修出售，带全部家具部分家电,https://cd.ke.com/ershoufang/20030417710100166052.html,华润幸福里一期,https://cd.ke.com/xiaoqu/1611060831905/,高楼层(共32层),2014年建,3室1厅,106.52平米,东南,10,8天前发布
314,锦天府套三三卫开发商统一装修,https://cd.ke.com/ershoufang/20030417710100161284.html,绿地锦天府,https://cd.ke.com/xiaoqu/1611047571588/,高楼层(共30层),2015年建,3室2厅,198.32平米,南,0,8天前发布
315,绿地锦天府套三三卫开发商统一装修,https://cd.ke.com/ershoufang/20030417710100159981.html,绿地锦天府,https://cd.ke.com/xiaoqu/1611047571588/,高楼层(共30层),2015年建,3室1厅,198.32平米,南,0,8天前发布
316,锦江·三圣乡洪河商圈套一有装修,https://cd.ke.com/ershoufang/20030417710100159179.html,东洪广厦,https://cd.ke.com/xiaoqu/1611047641103/,高楼层(共32层),2012年建,1室1厅,51.28平米,东北,0,8天前发布
317,盐市口新光华街多层住宅小套二出售一楼,https://cd.ke.com/ershoufang/20030417710100155423.html,新光华街11号,https://cd.ke.com/xiaoqu/3011052263849/,低楼层(共6层),1985年建,2室1厅,63.69平米,南,2,8天前发布
318,交大绿岭套三，带装修，中高楼层,https://cd.ke.com/ershoufang/20030417710100148281.html,交大绿岭二期,https://cd.ke.com/xiaoqu/3011053873186/,高楼层(共34层),2009年建,3室1厅,106.27平米,西北,3,8天前发布
319,万科金润华府1室0厅东南,https://cd.ke.com/ershoufang/20030417710100146423.html,万科金润华府,https://cd.ke.com/xiaoqu/1611057882526/,地下室(共层)1室0厅,32.22平米,东南,,,0,8天前发布
320,水井街24号2室1厅西南,https://cd.ke.com/ershoufang/20030417710100146091.html,水井街24号,https://cd.ke.com/xiaoqu/1610684399627855/,低楼层(共7层)2室1厅,55.6平米,西南,,,0,8天前发布
321,晶蓝半岛二期3室2厅东北,https://cd.ke.com/ershoufang/20030417710100141759.html,晶蓝半岛二期,https://cd.ke.com/xiaoqu/1611041544330/,高楼层(共26层),2008年建,3室2厅,136平米,东北,1,8天前发布
322,不临二环的套二单卫，户型方正，没有遮挡,https://cd.ke.com/ershoufang/20030417710100142276.html,瑞升望江橡树林三期,https://cd.ke.com/xiaoqu/1620042888152255/,中楼层(共33层),2017年建,2室2厅,67.97平米,东西北,4,8天前发布
323,一环内锦江区电梯套二户型方正采光好视野开阔,https://cd.ke.com/ershoufang/20030417710100140630.html,大王钰城,https://cd.ke.com/xiaoqu/3011053674789/,中楼层(共28层),2012年建,2室1厅,66.68平米,东南,2,8天前发布
324,锦江城市花园三期装修套二对中庭,https://cd.ke.com/ershoufang/20030417710100139088.html,锦江城市花园三期,https://cd.ke.com/xiaoqu/1611047140791/,中楼层(共34层),2011年建,2室1厅,58.05平米,西北,7,8天前发布
325,蜀光新城套二对中庭，满五唯一，看房方便,https://cd.ke.com/ershoufang/20030417710100138324.html,蜀光新城一期,https://cd.ke.com/xiaoqu/1611042038084/,低楼层(共6层),2005年建,2室1厅,89平米,南,6,8天前发布
326,动静分区，不对主干道，安静不吵，满两年无增值税。,https://cd.ke.com/ershoufang/20030417710100137830.html,卓锦城六期,https://cd.ke.com/xiaoqu/1611047075553/,高楼层(共31层),2014年建,3室2厅,89平米,西南,2,8天前发布
327,锦江。三圣乡。卓锦城六期装修套二,https://cd.ke.com/ershoufang/20030417710100137036.html,卓锦城六期,https://cd.ke.com/xiaoqu/1611047075553/,中楼层(共31层),2014年建,2室1厅,67.01平米,东南西南,12,8天前发布
328,红星路，锦江区，电梯套二，户型方正，客厅带阳台,https://cd.ke.com/ershoufang/20030417710100124016.html,上锦美地,https://cd.ke.com/xiaoqu/1611059028299/,高楼层(共41层),2009年建,2室1厅,84.44平米,东南,4,8天前发布
329,城市博客VC时代1室1厅西,https://cd.ke.com/ershoufang/20030417710100124283.html,城市博客VC时代,https://cd.ke.com/xiaoqu/1611059131334/,中楼层(共33层),2009年建,1室1厅,45.43平米,西,3,8天前发布
330,绿地468公馆一期，三居室，有装修,https://cd.ke.com/ershoufang/20030417710100121075.html,绿地468公馆一期,https://cd.ke.com/xiaoqu/1611061071609/,高楼层(共32层),2015年建,3室2厅,89.28平米,南北,2,8天前发布
331,华宇清水优质套二，无按揭，无遮挡，无浪费,https://cd.ke.com/ershoufang/20030417710100123815.html,华宇广场,https://cd.ke.com/xiaoqu/1611062702646/,中楼层(共31层),2017年建,2室1厅,72.6平米,西北,2,8天前发布
332,标准套三单卫，带装修，产权满两年无增值税,https://cd.ke.com/ershoufang/20030417710100123077.html,鑫苑名家二期,https://cd.ke.com/xiaoqu/1611047301096/,中楼层(共40层),2012年建,3室1厅,74.19平米,东南,4,8天前发布
333,精装修套三进门带入户基本拎包入住,https://cd.ke.com/ershoufang/20030417710100118720.html,卓锦城六期,https://cd.ke.com/xiaoqu/1611047075553/,中楼层(共31层),2014年建,3室1厅,89.35平米,东南,8,8天前发布
334,天誉花园1室1厅东南,https://cd.ke.com/ershoufang/20030417710100115285.html,天誉花园,https://cd.ke.com/xiaoqu/1611061049144/,中楼层(共26层),2016年建,1室1厅,43.27平米,东南,0,8天前发布
335,华韵天府装修套五，通透户型，中式装修,https://cd.ke.com/ershoufang/20030417710100111465.html,华韵天府,https://cd.ke.com/xiaoqu/1611047922039/,低楼层(共39层),2013年建,5室1厅,109.88平米,东北,6,8天前发布
336,幸福梅林旁装修带地暖空调两梯四户，户型方正！带平台,https://cd.ke.com/ershoufang/20030417710100107163.html,华都美林湾,https://cd.ke.com/xiaoqu/1611043094092/,低楼层(共29层),2012年建,3室2厅,138.54平米,南,8,8天前发布
337,蓝光香槟广场1室1厅东,https://cd.ke.com/ershoufang/20030417710100107036.html,蓝光香槟广场,https://cd.ke.com/xiaoqu/1611061703858/,高楼层(共20层),2005年建,1室1厅,61.54平米,东,1,8天前发布
338,橡树林旁摩玛城标准套一，朝南采光好，户型方正,https://cd.ke.com/ershoufang/20030417710100104799.html,摩玛城,https://cd.ke.com/xiaoqu/1611041551659/,低楼层(共33层),2011年建,1室1厅,59.27平米,南,2,8天前发布
339,金象花园套二，交通便利，配套成熟,https://cd.ke.com/ershoufang/20030417710100104618.html,金象花园一期,https://cd.ke.com/xiaoqu/3011053085699/,中楼层(共6层),2006年建,2室1厅,71.53平米,南,4,8天前发布
340,华韵天府5室2厅西南,https://cd.ke.com/ershoufang/20030417710100101557.html,华韵天府,https://cd.ke.com/xiaoqu/1611047922039/,中楼层(共39层),2013年建,5室2厅,116.23平米,西南,0,8天前发布
341,此房户型紧凑无浪费空间，卧室正带阳台，带家具家电,https://cd.ke.com/ershoufang/20030417710100100257.html,锦江城市花园二期,https://cd.ke.com/xiaoqu/1611041538906/,高楼层(共34层),2010年建,3室1厅,75.75平米,东南,17,8天前发布
342,皇经楼新居一期1室1厅东,https://cd.ke.com/ershoufang/20030317710100200188.html,皇经楼新居一期,https://cd.ke.com/xiaoqu/1620030364330418/,低楼层(共12层)1室1厅,45.6平米,东,,,0,9天前发布
343,伊泰天骄3室2厅南,https://cd.ke.com/ershoufang/20030317710100199547.html,伊泰天骄,https://cd.ke.com/xiaoqu/1611063096370/,低楼层(共28层),2016年建,3室2厅,264.36平米,南,1,9天前发布
344,电梯小高层套三双卫，东西朝向.,https://cd.ke.com/ershoufang/20030317710100197745.html,督院府邸,https://cd.ke.com/xiaoqu/1611060805130/,高楼层(共9层),2000年建,3室2厅,122.37平米,南,23,9天前发布
345,太古里旁一室一厅开发商原格户型,https://cd.ke.com/ershoufang/20030317710100195882.html,朗御,https://cd.ke.com/xiaoqu/1611060720805/,低楼层(共51层),2012年建,1室1厅,90平米,西南,15,9天前发布
346,万达锦华城2室1厅东,https://cd.ke.com/ershoufang/20030317710100190428.html,万达锦华城,https://cd.ke.com/xiaoqu/1611041535054/,中楼层(共30层),2008年建,2室1厅,61.39平米,东,3,9天前发布
347,万达锦华城1室0厅东,https://cd.ke.com/ershoufang/20030317710100190060.html,万达锦华城,https://cd.ke.com/xiaoqu/1611041535054/,中楼层(共30层),2008年建,1室0厅,41.01平米,东,1,9天前发布
348,万达锦华城0室0厅东,https://cd.ke.com/ershoufang/20030317710100189847.html,万达锦华城,https://cd.ke.com/xiaoqu/1611041535054/,中楼层(共30层),2008年建,厅室未知,41.01平米,东,0,9天前发布
349,万达锦华城1室0厅东,https://cd.ke.com/ershoufang/20030317710100189742.html,万达锦华城,https://cd.ke.com/xiaoqu/1611041535054/,中楼层(共30层),2008年建,1室0厅,41.01平米,东,0,9天前发布
350,万达锦华城，东二环，随时可看房,https://cd.ke.com/ershoufang/20030317710100189574.html,万达锦华城,https://cd.ke.com/xiaoqu/1611041535054/,中楼层(共30层),2008年建,1室0厅,45平米,东,0,9天前发布
351,万达锦华城1室0厅东,https://cd.ke.com/ershoufang/20030317710100189347.html,万达锦华城,https://cd.ke.com/xiaoqu/1611041535054/,中楼层(共30层),2008年建,1室0厅,45平米,东,0,9天前发布
352,中港CCPARK2室2厅北,https://cd.ke.com/ershoufang/20030317710100189114.html,中港CCPARK,https://cd.ke.com/xiaoqu/166877044288575/,中楼层(共31层)2室2厅,75.9平米,北,,,2,9天前发布
353,万达锦华城1室1厅东,https://cd.ke.com/ershoufang/20030317710100189062.html,万达锦华城,https://cd.ke.com/xiaoqu/1611041535054/,中楼层(共30层),2008年建,1室1厅,45平米,东,0,9天前发布
354,万达锦华城1室1厅东,https://cd.ke.com/ershoufang/20030317710100188980.html,万达锦华城,https://cd.ke.com/xiaoqu/1611041535054/,中楼层(共30层),2008年建,1室1厅,41平米,东,0,9天前发布
355,万达锦华城1室1厅东,https://cd.ke.com/ershoufang/20030317710100188777.html,万达锦华城,https://cd.ke.com/xiaoqu/1611041535054/,中楼层(共30层),2008年建,1室1厅,40.94平米,东,0,9天前发布
356,万达锦华城1室1厅东,https://cd.ke.com/ershoufang/20030317710100188468.html,万达锦华城,https://cd.ke.com/xiaoqu/1611041535054/,中楼层(共30层),2008年建,1室1厅,40.43平米,东,0,9天前发布
357,万达锦华城1室0厅东南,https://cd.ke.com/ershoufang/20030317710100188361.html,万达锦华城,https://cd.ke.com/xiaoqu/1611041535054/,中楼层(共30层),2008年建,1室0厅,41.29平米,东南,0,9天前发布
358,万达锦华城1室1厅东,https://cd.ke.com/ershoufang/20030317710100188069.html,万达锦华城,https://cd.ke.com/xiaoqu/1611041535054/,中楼层(共30层),2008年建,1室1厅,40.46平米,东,0,9天前发布
359,万达锦华城1室0厅东南,https://cd.ke.com/ershoufang/20030317710100187842.html,万达锦华城,https://cd.ke.com/xiaoqu/1611041535054/,中楼层(共30层),2008年建,1室0厅,38.94平米,东南,0,9天前发布
360,万达锦华城1室0厅东南,https://cd.ke.com/ershoufang/20030317710100187842.html,万达锦华城,https://cd.ke.com/xiaoqu/1611041535054/,中楼层(共30层),2008年建,1室0厅,38.94平米,东南,0,9天前发布
361,万达锦华城1室1厅东,https://cd.ke.com/ershoufang/20030317710100187571.html,万达锦华城,https://cd.ke.com/xiaoqu/1611041535054/,中楼层(共30层),2008年建,1室1厅,70平米,东,0,9天前发布
362,万达锦华城1室1厅东,https://cd.ke.com/ershoufang/20030317710100186972.html,万达锦华城,https://cd.ke.com/xiaoqu/1611041535054/,中楼层(共30层),2008年建,1室1厅,45平米,东,0,9天前发布
363,万达锦华城1室1厅东,https://cd.ke.com/ershoufang/20030317710100186441.html,万达锦华城,https://cd.ke.com/xiaoqu/1611041535054/,中楼层(共30层),2008年建,1室1厅,43.46平米,东,0,9天前发布
364,万达锦华城1室1厅东南,https://cd.ke.com/ershoufang/20030317710100186664.html,万达锦华城,https://cd.ke.com/xiaoqu/1611041535054/,中楼层(共30层),2008年建,1室1厅,43.95平米,东南,0,9天前发布
365,电梯套二，视野开阔对中庭，小区环境好,https://cd.ke.com/ershoufang/20030317710100186294.html,秀舍天涯,https://cd.ke.com/xiaoqu/1611059743910/,中楼层(共18层),2005年建,2室1厅,76.09平米,东南,8,9天前发布
366,万达锦华城1室1厅东,https://cd.ke.com/ershoufang/20030317710100182128.html,万达锦华城,https://cd.ke.com/xiaoqu/1611041535054/,中楼层(共30层),2008年建,1室1厅,41.04平米,东,1,9天前发布
367,万达锦华城1室1厅东,https://cd.ke.com/ershoufang/20030317710100183154.html,万达锦华城,https://cd.ke.com/xiaoqu/1611041535054/,中楼层(共30层),2008年建,1室1厅,41平米,东,0,9天前发布
368,万达锦华城1室1厅东南,https://cd.ke.com/ershoufang/20030317710100182674.html,万达锦华城,https://cd.ke.com/xiaoqu/1611041535054/,中楼层(共30层),2008年建,1室1厅,41.01平米,东南,0,9天前发布
369,万达锦华城1室1厅东南,https://cd.ke.com/ershoufang/20030317710100183853.html,万达锦华城,https://cd.ke.com/xiaoqu/1611041535054/,中楼层(共30层),2008年建,1室1厅,41.01平米,东南,0,9天前发布
370,万达锦华城1室1厅东南,https://cd.ke.com/ershoufang/20030317710100184739.html,万达锦华城,https://cd.ke.com/xiaoqu/1611041535054/,中楼层(共30层),2008年建,1室1厅,41.03平米,东南,0,9天前发布
371,宏济新路95号院标准大套二，业主诚心出售,https://cd.ke.com/ershoufang/20030317710100181148.html,宏济新路95号,https://cd.ke.com/xiaoqu/1611042525727/,中楼层(共7层),2000年建,2室1厅,69.6平米,东南,11,9天前发布
372,蜀都花园精装套二对中庭，看小区绿化很安静,https://cd.ke.com/ershoufang/20030317710100180540.html,蜀都花园,https://cd.ke.com/xiaoqu/1611041540545/,中楼层(共18层),2003年建,2室2厅,82.31平米,西北,1,9天前发布
373,华宇广场清水有钥匙随时可以看,https://cd.ke.com/ershoufang/20030317710100178445.html,华宇广场,https://cd.ke.com/xiaoqu/1611062702646/,中楼层(共18层),2017年建,1室1厅,49平米,东南,0,9天前发布
374,翡翠城五期楼层好视野好标准3房朝南向,https://cd.ke.com/ershoufang/20030317710100175969.html,翡翠城五期,https://cd.ke.com/xiaoqu/1611043088693/,高楼层(共32层),2011年建,3室2厅,88.78平米,东南,6,9天前发布
375,房子是朝南的，通透，隔音玻璃做的好。,https://cd.ke.com/ershoufang/20030317710100176684.html,天悦龙庭,https://cd.ke.com/xiaoqu/3011052708655/,高楼层(共30层),2014年建,3室2厅,121.3平米,南,4,9天前发布
376,中等装修，朝南两居室，户型方正没有浪费面积,https://cd.ke.com/ershoufang/20030317710100168528.html,柳江新居五期,https://cd.ke.com/xiaoqu/3011052700023/,中楼层(共11层),2010年建,2室1厅,77.79平米,南,16,9天前发布
377,蓝润V客东都一期套二户型，水电气三通,https://cd.ke.com/ershoufang/20030317710100166844.html,蓝润V客东都一期,https://cd.ke.com/xiaoqu/1611064000576/,中楼层(共35层),2017年建,2室1厅,54.36平米,东北,1,9天前发布
378,翡翠城四期，精装跃层户型，东南朝向，可看沙河。,https://cd.ke.com/ershoufang/20030317710100166394.html,翡翠城四期,https://cd.ke.com/xiaoqu/1611043130056/,中楼层(共29层),2009年建,2室2厅,96.57平米,东南,5,9天前发布
379,锦尚春天A区标准套二全朝东南视野无遮挡,https://cd.ke.com/ershoufang/20030317710100164217.html,人居锦尚春天A区,https://cd.ke.com/xiaoqu/168800539259516/,高楼层(共34层)2室1厅,76.95平米,南,,,0,9天前发布
380,创意山1室1厅东北,https://cd.ke.com/ershoufang/20030317710100157777.html,创意山,https://cd.ke.com/xiaoqu/1611063134459/,高楼层(共22层),2017年建,1室1厅,47.76平米,东北,0,9天前发布
381,大王钰城新上+两居室+自住装修+朝东南+看府河,https://cd.ke.com/ershoufang/20030317710100149494.html,大王钰城,https://cd.ke.com/xiaoqu/3011053674789/,高楼层(共28层),2012年建,2室2厅,63.11平米,东南,13,9天前发布
382,春熙商汇广场+标间+位置春熙路,https://cd.ke.com/ershoufang/20030317710100152095.html,春熙商汇广场,https://cd.ke.com/xiaoqu/1611059289725/,中楼层(共22层),2005年建,1室0厅,44平米,东南,0,9天前发布
383,蜀光新城二期2室2厅东北,https://cd.ke.com/ershoufang/20030317710100152230.html,蜀光新城二期,https://cd.ke.com/xiaoqu/1611042038605/,低楼层(共18层),2009年建,2室2厅,88.84平米,东北,1,9天前发布
384,俊发星雅俊园1室1厅东,https://cd.ke.com/ershoufang/20030317710100147569.html,俊发星雅俊园,https://cd.ke.com/xiaoqu/1611060973372/,低楼层(共37层),2015年建,1室1厅,41平米,东,0,9天前发布
385,一环内水电气三通普通住宅电梯房,https://cd.ke.com/ershoufang/20030317710100146586.html,城市博客VC时代,https://cd.ke.com/xiaoqu/1611059131334/,中楼层(共33层),2009年建,1室1厅,45.43平米,南,2,9天前发布
386,皇后国际2室1厅西,https://cd.ke.com/ershoufang/20030317710100145994.html,皇后国际,https://cd.ke.com/xiaoqu/1611043134793/,高楼层(共33层),2009年建,2室1厅,62.2平米,西,24,9天前发布
387,翡翠城五期2栋楼下负一层大车位,https://cd.ke.com/ershoufang/20030317710100142468.html,翡翠城五期,https://cd.ke.com/xiaoqu/1611043088693/,地下室(共层),2011年建,1室0厅,36.26平米,东南,0,9天前发布
388,标准套一单卫，朝南卧室带阳台，户型方正无异形,https://cd.ke.com/ershoufang/20030317710100142550.html,澳龙名城,https://cd.ke.com/xiaoqu/1611041481744/,低楼层(共33层),2009年建,1室1厅,50.44平米,东南,1,9天前发布
389,翡翠城五期套三双卫对中庭客厅带正阳台,https://cd.ke.com/ershoufang/20030317710100138493.html,翡翠城五期,https://cd.ke.com/xiaoqu/1611043088693/,中楼层(共32层),2011年建,3室1厅,89.06平米,东南,16,9天前发布
390,翡翠城五期套三双卫对中庭客厅带正阳台,https://cd.ke.com/ershoufang/20030317710100138493.html,翡翠城五期,https://cd.ke.com/xiaoqu/1611043088693/,中楼层(共32层),2011年建,3室1厅,89.06平米,东南,16,9天前发布
391,明珠园三期3室2厅西东,https://cd.ke.com/ershoufang/20030317710100137371.html,明珠园三期,https://cd.ke.com/xiaoqu/3011054499381/,高楼层(共6层),2004年建,3室2厅,123.26平米,西东,0,9天前发布
392,首开龙湖天璞4.9米清水诚心出售,https://cd.ke.com/ershoufang/20030317710100138585.html,首开龙湖天璞,https://cd.ke.com/xiaoqu/1620025266079208/,高楼层(共25层),2020年建,3室2厅,82平米,东南,0,9天前发布
393,华都美林湾居家标间住宅可看湖。,https://cd.ke.com/ershoufang/20030317710100132969.html,华都美林湾,https://cd.ke.com/xiaoqu/1611043094092/,低楼层(共33层),2012年建,1室1厅,36.58平米,西南,22,9天前发布
394,高楼层，东南朝向，日照充足，采光良好，视野开阔,https://cd.ke.com/ershoufang/20030317710100123325.html,锦江城市花园二期,https://cd.ke.com/xiaoqu/1611041538906/,高楼层(共34层),2010年建,2室1厅,46.99平米,东南,1,9天前发布
395,娇子一号标准套三中间楼层装修保养好,https://cd.ke.com/ershoufang/20030317710100122097.html,首创娇子1号,https://cd.ke.com/xiaoqu/166872826916790/,低楼层(共34层),2018年建,3室1厅,75.17平米,南,4,9天前发布
396,致瑞雅苑套二，有装修，户型没有改动，看房预约。,https://cd.ke.com/ershoufang/20030317710100113392.html,致瑞雅苑B区,https://cd.ke.com/xiaoqu/168480461959337/,低楼层(共33层),2015年建,2室1厅,89.33平米,东南,9,9天前发布
397,卓锦城五期装修三居室，家电家具齐全，可以拎包入住,https://cd.ke.com/ershoufang/20030317710100106841.html,卓锦城五期,https://cd.ke.com/xiaoqu/1611047075758/,低楼层(共33层),2012年建,3室1厅,86.45平米,东南,1,9天前发布
398,小区是06年的商品房小区，属于套三双卫户型，对中庭,https://cd.ke.com/ershoufang/20030317710100102630.html,东晶丽苑,https://cd.ke.com/xiaoqu/3011052867100/,低楼层(共18层),2006年建,3室2厅,103平米,北,13,9天前发布
399,大地城市脉搏大套二业主自主,https://cd.ke.com/ershoufang/20030217710100174890.html,大地城市脉搏,https://cd.ke.com/xiaoqu/1611061117186/,中楼层(共20层),2004年建,2室1厅,82.89平米,东南,1,10天前发布
400,琉璃场经天路6号，户型方正套二,https://cd.ke.com/ershoufang/20030217710100174018.html,经天路6号,https://cd.ke.com/xiaoqu/3011053007538/,低楼层(共7层),1998年建,2室2厅,83.79平米,南,4,10天前发布
401,幸福梅林旁装修带地暖空调两梯四户户型方正！,https://cd.ke.com/ershoufang/20030217710100167462.html,华都美林湾,https://cd.ke.com/xiaoqu/1611043094092/,低楼层(共33层),2012年建,3室2厅,131.48平米,西南,7,10天前发布
402,万达锦华城2室1厅西南,https://cd.ke.com/ershoufang/20030217710100162113.html,万达锦华城,https://cd.ke.com/xiaoqu/1611041535054/,中楼层(共30层),2008年建,2室1厅,78.03平米,西南,0,10天前发布
403,永兴佳苑套一改套二，朝中庭安静不临街,https://cd.ke.com/ershoufang/20030217710100161919.html,永兴佳苑,https://cd.ke.com/xiaoqu/3011053941967/,中楼层(共26层),2016年建,2室1厅,48平米,西,12,10天前发布
404,海棠佳苑标准套二精装诚心出售,https://cd.ke.com/ershoufang/20030217710100159224.html,海棠佳苑,https://cd.ke.com/xiaoqu/169894157102319/,中楼层(共25层)2室1厅,59.01平米,东南,,,0,10天前发布
405,星城银座顶跃带花园不临街有装修,https://cd.ke.com/ershoufang/20030217710100158798.html,星城银座,https://cd.ke.com/xiaoqu/1611041503471/,高楼层(共11层),2003年建,2室2厅,91.96平米,东,1,10天前发布
406,房东在成都，诚心卖，签约方便。,https://cd.ke.com/ershoufang/20030217710100150635.html,锦江城市花园二期,https://cd.ke.com/xiaoqu/1611041538906/,地下室(共1层)1室0厅,36.96平米,东南,,,0,10天前发布
407,采光好，视野好，交通便利楼下配套齐全,https://cd.ke.com/ershoufang/20030217710100149485.html,俊发星雅俊园,https://cd.ke.com/xiaoqu/1611060973372/,中楼层(共20层),2015年建,1室0厅,29.08平米,东,0,10天前发布
408,锦江城市花园一期2室1厅东南,https://cd.ke.com/ershoufang/20030217710100148443.html,锦江城市花园一期,https://cd.ke.com/xiaoqu/1611041539854/,高楼层(共34层),2009年建,2室1厅,89.4平米,东南,2,10天前发布
409,建设北村54号3室1厅南北,https://cd.ke.com/ershoufang/20030217710100146834.html,建设北村54号,https://cd.ke.com/xiaoqu/1611047679409/,中楼层(共7层),2000年建,3室1厅,90.06平米,南北,0,10天前发布
410,金象嘉园2室1厅东南,https://cd.ke.com/ershoufang/20030217710100146155.html,金象嘉园,https://cd.ke.com/xiaoqu/3011053088059/,高楼层(共6层),2003年建,2室1厅,63.53平米,东南,3,10天前发布
411,皇经花园A区标准套二，户型方正,https://cd.ke.com/ershoufang/20030217710100141621.html,皇经花园A区,https://cd.ke.com/xiaoqu/3011053238059/,高楼层(共6层),2005年建,2室2厅,71.32平米,南,0,10天前发布
412,万科金润华府精装套二，采光好。,https://cd.ke.com/ershoufang/20030217710100141593.html,万科金润华府,https://cd.ke.com/xiaoqu/1611057882526/,低楼层(共35层),2012年建,2室1厅,65.83平米,东南,0,10天前发布
413,锦东庭园2室1厅东北,https://cd.ke.com/ershoufang/20030217710100133258.html,锦东庭园,https://cd.ke.com/xiaoqu/1611060729372/,低楼层(共34层),2013年建,2室1厅,70.1平米,东北,0,10天前发布
414,沙河壹号二期精装套三安静不吵,https://cd.ke.com/ershoufang/20030217710100136126.html,沙河壹号二期,https://cd.ke.com/xiaoqu/3011053579030/,高楼层(共34层),2013年建,3室1厅,84.45平米,东北,15,10天前发布
415,真实房源满两年户型方正有车位居家装修带空调,https://cd.ke.com/ershoufang/20030217710100135136.html,吉宝凌云峰阁,https://cd.ke.com/xiaoqu/1611062923844/,中楼层(共28层),2015年建,2室2厅,83.51平米,南西南,4,10天前发布
416,对中庭套四简装光线视野好安静诚心卖,https://cd.ke.com/ershoufang/20030217710100127548.html,瑞升望江橡树林二期,https://cd.ke.com/xiaoqu/1611047229565/,高楼层(共34层),2011年建,4室2厅,123.78平米,西南,8,10天前发布
417,地铁口精装套一家具家电齐全带阳台,https://cd.ke.com/ershoufang/20030217710100124147.html,蓝润V客东都一期,https://cd.ke.com/xiaoqu/1611064000576/,低楼层(共35层),2017年建,1室1厅,34.23平米,东南,0,10天前发布
418,卓锦城二期3室1厅东,https://cd.ke.com/ershoufang/20030217710100123447.html,卓锦城二期,https://cd.ke.com/xiaoqu/1611047071451/,中楼层(共18层),2008年建,3室1厅,123.46平米,东,4,10天前发布
419,简单装修套三朝南,https://cd.ke.com/ershoufang/20030217710100120097.html,华熙528艺术村锦都,https://cd.ke.com/xiaoqu/1620033163122483/,高楼层(共28层)3室2厅,92.04平米,南北,,,8,10天前发布
420,吉宝凌云峰阁精装套三双卫，安静，带车位带家具家电,https://cd.ke.com/ershoufang/20030217710100117270.html,吉宝凌云峰阁,https://cd.ke.com/xiaoqu/1611062923844/,中楼层(共28层),2015年建,3室2厅,133.64平米,南北,36,10天前发布
421,城市博客VC时代2室1厅南,https://cd.ke.com/ershoufang/20030217710100109967.html,城市博客VC时代,https://cd.ke.com/xiaoqu/1611059131334/,低楼层(共33层),2009年建,2室1厅,78.34平米,南,4,10天前发布
422,攀成钢朝南好房源精装未出租保养新,https://cd.ke.com/ershoufang/20030217710100108037.html,镏金岁月,https://cd.ke.com/xiaoqu/1611041550235/,低楼层(共33层),2010年建,2室1厅,79.64平米,南,7,10天前发布
423,卓锦城nice套三双卫户型，房东诚心卖。,https://cd.ke.com/ershoufang/20030217710100103078.html,卓锦城五期,https://cd.ke.com/xiaoqu/1611047075758/,高楼层(共29层),2012年建,3室1厅,89.54平米,东南,4,10天前发布
424,简装空房，之前出租做培训班，三梯六户，中间楼层,https://cd.ke.com/ershoufang/20030217710100100675.html,华韵天府,https://cd.ke.com/xiaoqu/1611047922039/,中楼层(共39层),2013年建,3室1厅,70.13平米,西北,1,10天前发布
425,锦江区锦洲花园标准套二诚心出售,https://cd.ke.com/ershoufang/20030117710100207745.html,锦洲花园,https://cd.ke.com/xiaoqu/1611041541147/,高楼层(共6层),2004年建,2室1厅,70.99平米,西南,17,11天前发布
426,西龙须巷3号3室1厅东南,https://cd.ke.com/ershoufang/20030117710100206931.html,西龙须巷3号,https://cd.ke.com/xiaoqu/1620022591043841/,低楼层(共6层)3室1厅,76.25平米,东南,,,3,11天前发布
427,绿地468公馆一期2室1厅西北,https://cd.ke.com/ershoufang/20030117710100205484.html,绿地468公馆一期,https://cd.ke.com/xiaoqu/1611061071609/,中楼层(共25层),2015年建,2室1厅,74.87平米,西北,1,11天前发布
428,卓锦城五期负一楼车位1栋的,https://cd.ke.com/ershoufang/20030117710100205063.html,卓锦城五期,https://cd.ke.com/xiaoqu/1611047075758/,地下室(共层)1室0厅,20.31平米,东,,,0,11天前发布
429,华润幸福里二期2室2厅东,https://cd.ke.com/ershoufang/20030117710100202736.html,华润幸福里二期,https://cd.ke.com/xiaoqu/1611060836544/,低楼层(共32层),2015年建,2室2厅,74.99平米,东,2,11天前发布
430,天悦龙庭套四双卫的房子，房子南北朝向，户型方正，,https://cd.ke.com/ershoufang/20030117710100197123.html,天悦龙庭,https://cd.ke.com/xiaoqu/3011052708655/,中楼层(共38层),2014年建,4室1厅,147平米,南,18,11天前发布
431,龙湖晶蓝半岛精装套三对中庭，朝东南看房方便,https://cd.ke.com/ershoufang/20030117710100196878.html,晶蓝半岛二期,https://cd.ke.com/xiaoqu/1611041544330/,高楼层(共26层),2008年建,3室2厅,134.53平米,东南,13,11天前发布
432,鑫苑名家一期小套二，户型方正。。。。。。,https://cd.ke.com/ershoufang/20030117710100196772.html,鑫苑名家一期,https://cd.ke.com/xiaoqu/1611043165264/,高楼层(共34层),2011年建,2室1厅,55.72平米,东南,0,11天前发布
433,中楼层，交通便利，采光好，视野宽阔,https://cd.ke.com/ershoufang/20030117710100194172.html,索尔龙舟,https://cd.ke.com/xiaoqu/1611060961817/,中楼层(共34层),2012年建,1室0厅,35.96平米,南东,0,11天前发布
434,双地铁，装修保养好，满五年，拎包入住,https://cd.ke.com/ershoufang/20030117710100193782.html,东润风尚,https://cd.ke.com/xiaoqu/1611041510560/,低楼层(共12层),2006年建,2室1厅,80.4平米,南,13,11天前发布
435,春熙路步行街里面，大户型，好房！,https://cd.ke.com/ershoufang/20030117710100186191.html,京都大厦,https://cd.ke.com/xiaoqu/1611061166876/,中楼层(共20层),2008年建,3室2厅,181平米,东南,1,11天前发布
436,康俊优质套三户型，人车分流，环境优美。,https://cd.ke.com/ershoufang/20030117710100180448.html,康郡,https://cd.ke.com/xiaoqu/3011053459346/,低楼层(共11层),2006年建,3室2厅,115.01平米,东南,0,11天前发布
437,锦江印象3室1厅西北,https://cd.ke.com/ershoufang/20030117710100179042.html,锦江印象,https://cd.ke.com/xiaoqu/1611041514043/,中楼层(共31层),2008年建,3室1厅,102平米,西北,6,11天前发布
438,锦江城市花园三期95万，满两年，地理位置好,https://cd.ke.com/ershoufang/20030117710100180249.html,锦江城市花园三期,https://cd.ke.com/xiaoqu/1611047140791/,低楼层(共34层),2011年建,2室1厅,56.92平米,东南,17,11天前发布
439,橡树林标准套三，中庭，装修保养好,https://cd.ke.com/ershoufang/20030117710100180913.html,瑞升望江橡树林二期,https://cd.ke.com/xiaoqu/1611047229565/,中楼层(共34层),2011年建,3室1厅,89平米,西北,6,11天前发布
440,澳龙名城标准套二双卫,https://cd.ke.com/ershoufang/20030117710100182785.html,澳龙名城,https://cd.ke.com/xiaoqu/1611041481744/,低楼层(共33层),2009年建,2室1厅,91平米,西南,2,11天前发布
441,雕墅1室1厅南,https://cd.ke.com/ershoufang/20030117710100177747.html,雕墅,https://cd.ke.com/xiaoqu/3011054640201/,低楼层(共3层),2007年建,1室1厅,55.81平米,南,1,11天前发布
442,蓉上坊二期0室0厅东,https://cd.ke.com/ershoufang/20030117710100173429.html,蓉上坊二期,https://cd.ke.com/xiaoqu/1611041538774/,地下室(共层),2010年建,厅室未知,30平米,东,0,11天前发布
443,绿地468公馆一期精装套二户型,https://cd.ke.com/ershoufang/20030117710100171915.html,绿地468公馆一期,https://cd.ke.com/xiaoqu/1611061071609/,高楼层(共33层),2015年建,2室1厅,76.42平米,西,1,11天前发布
444,锦江区府河内+五昭路+高楼层+三居室+,https://cd.ke.com/ershoufang/20030117710100166993.html,五昭路9号,https://cd.ke.com/xiaoqu/1611059773690/,高楼层(共6层),1992年建,3室1厅,63.76平米,东南,0,11天前发布
445,翡翠城五期标准套二有装修正看东湖公园,https://cd.ke.com/ershoufang/20030117710100168768.html,翡翠城五期,https://cd.ke.com/xiaoqu/1611043088693/,高楼层(共32层),2011年建,2室1厅,77.24平米,北,7,11天前发布
446,蓝润V客东都二期1室1厅西南,https://cd.ke.com/ershoufang/20030117710100167788.html,蓝润V客东都二期,https://cd.ke.com/xiaoqu/1620027206841027/,低楼层(共35层),2017年建,1室1厅,23.13平米,西南,1,11天前发布
447,东升街小区标准套二中楼层南朝向,https://cd.ke.com/ershoufang/20030117710100160760.html,东升苑,https://cd.ke.com/xiaoqu/1610745298300775/,中楼层(共7层)2室1厅,63.3平米,南,,,1,11天前发布
448,翡翠城四期新上精装套三有阳台带家具家电。,https://cd.ke.com/ershoufang/20030117710100152728.html,翡翠城四期,https://cd.ke.com/xiaoqu/1611043130056/,低楼层(共31层),2009年建,3室1厅,88.4平米,东,53,11天前发布
449,柳江新居一期1室2厅东南,https://cd.ke.com/ershoufang/20030117710100151044.html,柳江新居一期,https://cd.ke.com/xiaoqu/3011053108352/,中楼层(共18层),2005年建,1室2厅,51.74平米,东南,2,11天前发布
450,首开龙湖天璞4室1厅东北,https://cd.ke.com/ershoufang/20030117710100150461.html,首开龙湖天璞,https://cd.ke.com/xiaoqu/1620025266079208/,高楼层(共25层),2019年建,4室1厅,74平米,东北,0,11天前发布
451,华宇广场2室2厅东南,https://cd.ke.com/ershoufang/20030117710100149145.html,华宇广场,https://cd.ke.com/xiaoqu/1611062702646/,低楼层(共17层),2017年建,2室2厅,77平米,东南,2,11天前发布
452,鑫苑名家二期标准套二带花园可拎包入住,https://cd.ke.com/ershoufang/20030117710100143517.html,鑫苑名家二期,https://cd.ke.com/xiaoqu/1611047301096/,低楼层(共34层),2012年建,2室1厅,64.58平米,南,7,11天前发布
453,塔子山地铁口全新小区朝中庭安静不临街,https://cd.ke.com/ershoufang/20030117710100140244.html,中房优山PLUS,https://cd.ke.com/xiaoqu/1611706020408995/,高楼层(共32层),2018年建,3室1厅,98平米,西南,21,11天前发布
454,莲桂苑2室1厅东南,https://cd.ke.com/ershoufang/20030117710100138881.html,莲桂苑,https://cd.ke.com/xiaoqu/1611041843651/,低楼层(共7层),2001年建,2室1厅,79.97平米,东南,1,11天前发布
455,户型方正，采光充足，标准套二！,https://cd.ke.com/ershoufang/20030117710100137241.html,工农院街12号,https://cd.ke.com/xiaoqu/1611042027908/,高楼层(共7层),2000年建,2室1厅,80平米,东,0,11天前发布
456,蓝光凯丽香江精装套三双卫，带大阳台，对中庭！,https://cd.ke.com/ershoufang/20030117710100136844.html,蓝光凯丽香江,https://cd.ke.com/xiaoqu/1611041618870/,中楼层(共42层),2009年建,3室2厅,89.22平米,南,8,11天前发布
457,户型方正，采光充足，房子不临街！,https://cd.ke.com/ershoufang/20030117710100134033.html,工农院街12号,https://cd.ke.com/xiaoqu/1611042027908/,中楼层(共7层),2000年建,2室1厅,78平米,东,0,11天前发布
458,精装套三单卫视野开阔采光充足,https://cd.ke.com/ershoufang/20030117710100133618.html,中粮鸿云,https://cd.ke.com/xiaoqu/1611063169008/,低楼层(共32层),2017年建,3室1厅,73.96平米,东北,24,11天前发布
459,锦江城市花园精装居家小套二，户型方正,https://cd.ke.com/ershoufang/20030117710100131471.html,锦江城市花园三期,https://cd.ke.com/xiaoqu/1611047140791/,高楼层(共34层),2011年建,2室1厅,57.13平米,东南,4,11天前发布
460,镏金岁月套一有阳台装修保养好,https://cd.ke.com/ershoufang/20030117710100128219.html,镏金岁月,https://cd.ke.com/xiaoqu/1611041550235/,低楼层(共33层),2010年建,1室1厅,53.11平米,东南,9,11天前发布
461,房子是标准的大套二，有装修，交通方便,https://cd.ke.com/ershoufang/20030117710100121823.html,糍粑店街4号,https://cd.ke.com/xiaoqu/3011053915835/,高楼层(共6层),2002年建,2室1厅,90.61平米,东南,0,11天前发布
462,绿地三期套三双卫朝东对中庭,https://cd.ke.com/ershoufang/20030117710100117599.html,绿地468公馆三期,https://cd.ke.com/xiaoqu/167305930748357/,中楼层(共25层),2015年建,3室2厅,102.88平米,西南,6,11天前发布
463,简装房，对中庭，西南朝向，生活阳台大,https://cd.ke.com/ershoufang/20030117710100111299.html,蓝润锦江春天,https://cd.ke.com/xiaoqu/1611063394263/,中楼层(共18层),2016年建,3室1厅,83.66平米,西南,1,11天前发布
464,此房诚心出售交通方便看房方便带装修,https://cd.ke.com/ershoufang/20030117710100109583.html,东洪广厦,https://cd.ke.com/xiaoqu/1611047641103/,低楼层(共33层),2013年建,2室1厅,73.77平米,东南,8,11天前发布
465,帕丽湾套三双卫客厅带阳台，朝东南，低楼层。,https://cd.ke.com/ershoufang/20030117710100107947.html,帕丽湾,https://cd.ke.com/xiaoqu/3011053201349/,低楼层(共27层),2008年建,3室2厅,110.35平米,东南,9,11天前发布
466,低楼层对小区内部，安静，户型方正易改造,https://cd.ke.com/ershoufang/20030117710100103624.html,蓝润锦江春天,https://cd.ke.com/xiaoqu/1611063394263/,低楼层(共18层),2016年建,3室1厅,73.2平米,东南,8,11天前发布
467,此房精装修，精装套三，横厅户型，朝东南对中庭,https://cd.ke.com/ershoufang/20030117710100103214.html,绿地468公馆三期,https://cd.ke.com/xiaoqu/167305930748357/,低楼层(共29层),2015年建,3室1厅,89.35平米,南北,4,11天前发布
468,东洪广厦3室2厅东南西北,https://cd.ke.com/ershoufang/20030117710100100745.html,东洪广厦,https://cd.ke.com/xiaoqu/1611047641103/,中楼层(共32层),2013年建,3室2厅,90.04平米,东南西北,3,11天前发布
469,翡翠城四期套三有装修带阳台,https://cd.ke.com/ershoufang/20022917710100197670.html,翡翠城四期,https://cd.ke.com/xiaoqu/1611043130056/,中楼层(共30层),2009年建,3室2厅,88.28平米,南,16,12天前发布
470,俊发星雅俊园1室1厅东,https://cd.ke.com/ershoufang/20022917710100196992.html,俊发星雅俊园,https://cd.ke.com/xiaoqu/1611060973372/,高楼层(共37层),2015年建,1室1厅,36平米,东,0,12天前发布
471,市二医院地铁口，精装小套二，智能居家,https://cd.ke.com/ershoufang/20022917710100196843.html,萧邦,https://cd.ke.com/xiaoqu/1611059497834/,高楼层(共28层),2008年建,2室1厅,51.36平米,西南,5,12天前发布
472,锦江城市花园三期居家套二拎包入住！,https://cd.ke.com/ershoufang/20022917710100194265.html,锦江城市花园三期,https://cd.ke.com/xiaoqu/1611047140791/,低楼层(共34层),2011年建,2室2厅,58.08平米,西北,2,12天前发布
473,鑫苑名家一期1室1厅东南,https://cd.ke.com/ershoufang/20022917710100194091.html,鑫苑名家一期,https://cd.ke.com/xiaoqu/1611043165264/,低楼层(共35层),2011年建,1室1厅,41平米,东南,0,12天前发布
474,蓝谷地天域2室1厅东南,https://cd.ke.com/ershoufang/20022917710100193518.html,蓝谷地天域,https://cd.ke.com/xiaoqu/3011053261179/,高楼层(共33层),2009年建,2室1厅,79.65平米,东南,3,12天前发布
475,瑞升望江橡树林二期3室1厅东,https://cd.ke.com/ershoufang/20022917710100191166.html,瑞升望江橡树林二期,https://cd.ke.com/xiaoqu/1611047229565/,中楼层(共34层),2011年建,3室1厅,88.9平米,东,1,12天前发布
476,户型方正，采光不错，适合办公，视野广阔，合适办公！,https://cd.ke.com/ershoufang/20022917710100190065.html,创意山,https://cd.ke.com/xiaoqu/1611063134459/,中楼层(共22层),2017年建,1室0厅,48.6平米,东南,0,12天前发布
477,柳堤小区2室2厅东南,https://cd.ke.com/ershoufang/20022917710100186382.html,柳堤小区,https://cd.ke.com/xiaoqu/1620027411423117/,低楼层(共2层),2003年建,2室2厅,77.51平米,东南,1,12天前发布
478,锦江城市三期标准套二户型方正采光充足明厨明卫,https://cd.ke.com/ershoufang/20022917710100182375.html,锦江城市花园三期,https://cd.ke.com/xiaoqu/1611047140791/,高楼层(共34层),2011年建,2室1厅,55平米,东,19,12天前发布
479,天涯石，电梯小户型、红星国际，精装修,https://cd.ke.com/ershoufang/20022917710100174519.html,红星国际,https://cd.ke.com/xiaoqu/1611059130055/,中楼层(共34层),2012年建,1室0厅,42.26平米,南,0,12天前发布
480,二环内锦华万达旁标准电梯套二,https://cd.ke.com/ershoufang/20022917710100176537.html,锦洲花园,https://cd.ke.com/xiaoqu/1611041541147/,中楼层(共11层),2004年建,2室2厅,83.09平米,东南,4,12天前发布
481,万科金色城市一期精装修套二，房东自住装修，保养好,https://cd.ke.com/ershoufang/20022917710100176014.html,万科金色城市,https://cd.ke.com/xiaoqu/1611064018200/,中楼层(共35层),2015年建,2室2厅,72.05平米,东南,4,12天前发布
482,海桐三期一室一厅带大阳台明厨明卫,https://cd.ke.com/ershoufang/20022917710100172926.html,海桐三期,https://cd.ke.com/xiaoqu/3011053375751/,高楼层(共24层),2014年建,1室1厅,46.65平米,南,2,12天前发布
483,塔子山地铁口清水套三双卫中间楼层视野开阔,https://cd.ke.com/ershoufang/20022917710100173129.html,中房优山PLUS,https://cd.ke.com/xiaoqu/1611706020408995/,中楼层(共32层),2018年建,3室1厅,95平米,东南,0,12天前发布
484,卓锦城二期大户型，带屋顶花园，可居家可办公，房东急,https://cd.ke.com/ershoufang/20022917710100171937.html,卓锦城二期,https://cd.ke.com/xiaoqu/1611047071451/,高楼层(共24层),2008年建,10室2厅,257.93平米,南,19,12天前发布
485,蓝润锦江春天2室1厅西北,https://cd.ke.com/ershoufang/20022917710100162572.html,蓝润锦江春天,https://cd.ke.com/xiaoqu/1611063394263/,高楼层(共25层),2016年建,2室1厅,74平米,西北,0,12天前发布
486,大田坎街91号院，精装套二带租约,https://cd.ke.com/ershoufang/20022917710100151128.html,大田坎街91号,https://cd.ke.com/xiaoqu/1611042022017/,低楼层(共7层),1998年建,2室1厅,63.2平米,东南,0,12天前发布
487,流星花园有小区环境低总价小户型,https://cd.ke.com/ershoufang/20022917710100147996.html,流星花园,https://cd.ke.com/xiaoqu/1611041522287/,低楼层(共16层),2003年建,1室0厅,39.67平米,东,17,12天前发布
488,天廊精装套二配套齐全，2号线塔子山地铁口无缝连接,https://cd.ke.com/ershoufang/20022917710100146084.html,COSMO天廊,https://cd.ke.com/xiaoqu/1614940452982741/,高楼层(共31层),2018年建,2室1厅,84.46平米,南,7,12天前发布
489,城市理想1室0厅东,https://cd.ke.com/ershoufang/20022917710100145586.html,城市理想,https://cd.ke.com/xiaoqu/1611059198261/,中楼层(共37层),2010年建,1室0厅,40.27平米,东,1,12天前发布
490,莲心苑(锦江)2室1厅东南,https://cd.ke.com/ershoufang/20022917710100144686.html,莲心苑(锦江),https://cd.ke.com/xiaoqu/1611041928660/,高楼层(共7层),1998年建,2室1厅,62.16平米,东南,27,12天前发布
491,俊发星雅俊园1室1厅东南,https://cd.ke.com/ershoufang/20022917710100141283.html,俊发星雅俊园,https://cd.ke.com/xiaoqu/1611060973372/,低楼层(共37层),2015年建,1室1厅,38.17平米,东南,0,12天前发布
492,卓锦城四期套三双卫朝南对中庭，客厅带阳台,https://cd.ke.com/ershoufang/20022917710100139181.html,卓锦城四期,https://cd.ke.com/xiaoqu/1611047075462/,高楼层(共32层),2010年建,3室1厅,130.73平米,西南,28,12天前发布
493,精装小套二，户型方正无浪费，拎包入住。,https://cd.ke.com/ershoufang/20022917710100138468.html,锦江城市花园二期,https://cd.ke.com/xiaoqu/1611041538906/,中楼层(共34层),2010年建,2室1厅,51.38平米,东北,1,12天前发布
494,莲花新四区3室1厅东南,https://cd.ke.com/ershoufang/20022917710100136659.html,莲花新四区,https://cd.ke.com/xiaoqu/1611041584117/,高楼层(共7层),2001年建,3室1厅,77.83平米,东南,0,12天前发布
495,较场坝东街67号标准套二，多多推荐,https://cd.ke.com/ershoufang/20022917710100135625.html,较场坝东街67号,https://cd.ke.com/xiaoqu/1611042680111/,高楼层(共7层),1995年建,2室1厅,56.56平米,东,0,12天前发布
496,南三环天悦龙庭套三南北通透人车分流,https://cd.ke.com/ershoufang/20022917710100136236.html,天悦龙庭,https://cd.ke.com/xiaoqu/3011052708655/,高楼层(共27层),2014年建,3室2厅,132.6平米,南北,1,12天前发布
497,鑫苑名家一期，低楼层，上下方便，房东保养的好，,https://cd.ke.com/ershoufang/20022917710100132329.html,鑫苑名家一期,https://cd.ke.com/xiaoqu/1611043165264/,低楼层(共35层),2011年建,1室1厅,40.1平米,北南,0,12天前发布
498,东湖国际精装自住套一满2年业主诚心出售,https://cd.ke.com/ershoufang/20022917710100130787.html,东湖国际,https://cd.ke.com/xiaoqu/1611043090288/,中楼层(共33层),2012年建,1室1厅,57.5平米,西北,0,12天前发布
499,春熙路恒大都汇华庭精装套二，中间楼层,https://cd.ke.com/ershoufang/20022917710100126630.html,恒大都汇华庭,https://cd.ke.com/xiaoqu/1611061104258/,中楼层(共50层),2015年建,2室1厅,87.86平米,东,4,12天前发布
500,绿地锦天府精装四房，位置好，安静，满2年,https://cd.ke.com/ershoufang/20022917710100123813.html,绿地锦天府,https://cd.ke.com/xiaoqu/1611047571588/,高楼层(共30层),2015年建,4室2厅,205平米,东北,31,12天前发布
501,俊发星雅俊园1室1厅东,https://cd.ke.com/ershoufang/20022917710100122881.html,俊发星雅俊园,https://cd.ke.com/xiaoqu/1611060973372/,低楼层(共20层),2015年建,1室1厅,29平米,东,0,12天前发布
502,蜀都花园2室2厅南,https://cd.ke.com/ershoufang/20022917710100122280.html,蜀都花园,https://cd.ke.com/xiaoqu/1611041540545/,中楼层(共18层),2003年建,2室2厅,102.33平米,南,6,12天前发布
503,锦江区三圣乡标准套二，精装修对中庭，实得面积大。,https://cd.ke.com/ershoufang/20022917710100122014.html,俊发星雅俊园,https://cd.ke.com/xiaoqu/1611060973372/,中楼层(共33层),2015年建,2室2厅,68.63平米,东南,12,12天前发布
504,锦江城市花园套二装修，保养好,https://cd.ke.com/ershoufang/20022917710100116077.html,锦江城市花园一期,https://cd.ke.com/xiaoqu/1611041539854/,高楼层(共34层),2009年建,2室1厅,49.83平米,东南,0,12天前发布
505,锦江城市花园三期简单装修采光充足,https://cd.ke.com/ershoufang/20022917710100108872.html,锦江城市花园三期,https://cd.ke.com/xiaoqu/1611047140791/,高楼层(共34层),2011年建,2室2厅,57.13平米,东南,6,12天前发布
506,地铁7号线琉璃场，2015年电梯套二，位置安静,https://cd.ke.com/ershoufang/20022917710100110650.html,致瑞雅苑A区,https://cd.ke.com/xiaoqu/168463400841818/,高楼层(共39层),1994年建,2室2厅,87.38平米,南,4,12天前发布
507,装修保养好，可直接拎包入住，中间楼层，采光好。,https://cd.ke.com/ershoufang/20022917710100106761.html,秀城,https://cd.ke.com/xiaoqu/1611042035598/,低楼层(共22层),2004年建,2室2厅,90.54平米,东南,4,12天前发布
508,锦江城市花园二期2室2厅东南,https://cd.ke.com/ershoufang/20022917710100106485.html,锦江城市花园二期,https://cd.ke.com/xiaoqu/1611041538906/,中楼层(共34层),2010年建,2室2厅,72平米,东南,0,12天前发布
509,沙河边，带装修三房，对中庭，视野好,https://cd.ke.com/ershoufang/20022817710100172762.html,沙河壹号二期,https://cd.ke.com/xiaoqu/3011053579030/,低楼层(共32层),2013年建,3室2厅,92平米,东南,0,13天前发布
510,东城美地套二，带储物间的，位置安静,https://cd.ke.com/ershoufang/20022817710100171596.html,东城美地,https://cd.ke.com/xiaoqu/3011053220386/,高楼层(共34层)2室1厅,58.97平米,南,,,2,13天前发布
511,安顺公寓3室1厅东,https://cd.ke.com/ershoufang/20022817710100168238.html,安顺公寓,https://cd.ke.com/xiaoqu/1611043124592/,中楼层(共7层),2000年建,3室1厅,140.49平米,东,4,13天前发布
512,上海东韵精装好房中间楼层采光号,https://cd.ke.com/ershoufang/20022817710100166988.html,上海东韵,https://cd.ke.com/xiaoqu/1611043073259/,低楼层(共32层),2012年建,2室2厅,68.25平米,南,19,13天前发布
513,天涯石画片自住装修拎包入住,https://cd.ke.com/ershoufang/20022817710100159917.html,中道街99号,https://cd.ke.com/xiaoqu/1611059776676/,中楼层(共7层),1994年建,1室1厅,39平米,东南,6,13天前发布
514,桂香居清水套三、顶楼带花园、户型好,https://cd.ke.com/ershoufang/20022817710100156794.html,旭通桂香居,https://cd.ke.com/xiaoqu/1611060698347/,高楼层(共18层),2005年建,3室2厅,156.68平米,东,3,13天前发布
515,攀成钢居家套三，客厅带阳台。卧室带飘窗。,https://cd.ke.com/ershoufang/20022817710100151455.html,天誉南庭,https://cd.ke.com/xiaoqu/168305779945048/,低楼层(共32层),2016年建,3室1厅,91平米,南,8,13天前发布
516,大田坎91号业主诚心出手看房方便,https://cd.ke.com/ershoufang/20022817710100149228.html,大田坎街91号,https://cd.ke.com/xiaoqu/1611042022017/,高楼层(共6层),1993年建,2室1厅,56.34平米,东南,0,13天前发布
517,紫薇银座精装套一市zhong心春熙路里,https://cd.ke.com/ershoufang/20022817710100146377.html,紫薇银座,https://cd.ke.com/xiaoqu/1610744501121120/,高楼层(共17层),2005年建,1室1厅,53.95平米,南,2,13天前发布
518,中港悦蓉府3室2厅东,https://cd.ke.com/ershoufang/20022817710100145551.html,中港悦蓉府,https://cd.ke.com/xiaoqu/1614826032083808/,低楼层(共34层),2013年建,3室2厅,90.47平米,东,19,13天前发布
519,精装套二，中间楼层，满两年，户型有改动，对中庭,https://cd.ke.com/ershoufang/20022817710100144044.html,蓝润锦江春天,https://cd.ke.com/xiaoqu/1611063394263/,中楼层(共29层),2016年建,2室1厅,54平米,东北,3,13天前发布
520,翡翠城五期双卫三房，精装带家具家电,https://cd.ke.com/ershoufang/20022817710100140854.html,翡翠城五期,https://cd.ke.com/xiaoqu/1611043088693/,低楼层(共32层),2011年建,3室1厅,90.33平米,南,15,13天前发布
521,合能锦城3室2厅东南,https://cd.ke.com/ershoufang/20022817710100140033.html,合能锦城,https://cd.ke.com/xiaoqu/1611063766797/,中楼层(共32层),2015年建,3室2厅,82.29平米,东南,2,13天前发布
522,锦江城市花园三期装修套二中间楼层没有增值费,https://cd.ke.com/ershoufang/20022817710100138531.html,锦江城市花园三期,https://cd.ke.com/xiaoqu/1611047140791/,中楼层(共34层),2011年建,2室1厅,57.08平米,西北,1,13天前发布
523,绿地468公馆一期3室2厅南北,https://cd.ke.com/ershoufang/20022817710100137524.html,绿地468公馆一期,https://cd.ke.com/xiaoqu/1611061071609/,高楼层(共32层),2015年建,3室2厅,88.17平米,南北,4,13天前发布
524,锦江城市花园二期2室1厅东南,https://cd.ke.com/ershoufang/20022817710100136322.html,锦江城市花园二期,https://cd.ke.com/xiaoqu/1611041538906/,低楼层(共34层),2011年建,2室1厅,51.08平米,东南,8,13天前发布
525,莲花逸都1室1厅南,https://cd.ke.com/ershoufang/20022817710100132253.html,莲花逸都,https://cd.ke.com/xiaoqu/1611041521442/,高楼层(共34层),2009年建,1室1厅,51.78平米,南,2,13天前发布
526,翡翠城叠拼别墅，位置安静独立车位。,https://cd.ke.com/ershoufang/20022817710100131717.html,翡翠城三期,https://cd.ke.com/xiaoqu/1611047618273/,低楼层(共3层),2008年建,5室2厅,305.91平米,南,17,13天前发布
527,富丽苑2室1厅西北,https://cd.ke.com/ershoufang/20022817710100131346.html,富丽苑,https://cd.ke.com/xiaoqu/1611041837910/,低楼层(共7层),1999年建,2室1厅,79.46平米,西北,11,13天前发布
528,锦江区洪河地铁站伊藤广场旁套二婚房装修,https://cd.ke.com/ershoufang/20022817710100128043.html,绿地468云玺五期,https://cd.ke.com/xiaoqu/1620026673981109/,高楼层(共43层)2室2厅,77.19平米,东南,,,0,13天前发布
529,二环内府河边望江嘉苑标准套二单卫,https://cd.ke.com/ershoufang/20022817710100126128.html,望江嘉苑,https://cd.ke.com/xiaoqu/1611041529992/,中楼层(共6层),2005年建,2室2厅,81.3平米,西南,2,13天前发布
530,翡翠城二期带花园，对中庭，业主自住装修，保养好,https://cd.ke.com/ershoufang/20022817710100122822.html,翡翠城二期,https://cd.ke.com/xiaoqu/1611043129257/,低楼层(共5层),2006年建,5室2厅,228.86平米,东南,7,13天前发布
531,精装三居室不临街采光好视野好,https://cd.ke.com/ershoufang/20022817710100118799.html,南府锦,https://cd.ke.com/xiaoqu/1611041552349/,中楼层(共18层),2004年建,3室2厅,117.04平米,西南,8,13天前发布
532,卓锦城一期标准套三双卫安静,https://cd.ke.com/ershoufang/20022817710100118528.html,卓锦城一期,https://cd.ke.com/xiaoqu/1611041742145/,低楼层(共18层),2006年建,3室1厅,128.79平米,西南,8,13天前发布
533,中间楼层大套二视野很不错,https://cd.ke.com/ershoufang/20022817710100116297.html,锦江城市花园一期,https://cd.ke.com/xiaoqu/1611041539854/,低楼层(共34层),2009年建,2室1厅,89.24平米,南北,2,13天前发布
534,中粮鸿云，业主自己装修设计的三面采光横厅三房,https://cd.ke.com/ershoufang/20022817710100113483.html,中粮鸿云,https://cd.ke.com/xiaoqu/1611063169008/,低楼层(共32层),2017年建,3室1厅,87.83平米,西南东北,32,13天前发布
535,澳龙名城2室2厅东西南,https://cd.ke.com/ershoufang/20022817710100111047.html,澳龙名城,https://cd.ke.com/xiaoqu/1611041481744/,中楼层(共19层),2009年建,2室2厅,68.78平米,东西南,0,13天前发布
536,望江橡树林一期1室1厅东,https://cd.ke.com/ershoufang/20022817710100107749.html,望江橡树林一期,https://cd.ke.com/xiaoqu/1611041736706/,中楼层(共34层),2009年建,1室1厅,53.4平米,东,0,13天前发布
537,万科城市花园朝南不临街保养好,https://cd.ke.com/ershoufang/20022817710100105879.html,万科城市花园,https://cd.ke.com/xiaoqu/1611057879617/,中楼层(共6层),2007年建,3室1厅,112.47平米,南,16,13天前发布
538,天涯石+简装+低楼层+套二+带小花园,https://cd.ke.com/ershoufang/20022817710100102054.html,东安北左街23号,https://cd.ke.com/xiaoqu/1611059693497/,低楼层(共5层),1995年建,2室1厅,60.21平米,南,3,13天前发布
539,牛王庙套三！一家人宜居！自住都可！,https://cd.ke.com/ershoufang/20022817710100101129.html,一心桥横街24号院,https://cd.ke.com/xiaoqu/1610164891300798/,高楼层(共5层)3室1厅,73平米,西南,,,15,13天前发布
540,静居嘉苑，标准套2，位置好，门口就万达,https://cd.ke.com/ershoufang/20022817710100100491.html,静居嘉苑,https://cd.ke.com/xiaoqu/3011053920649/,高楼层(共4层),2005年建,2室2厅,88.16平米,东南,1,13天前发布
541,锦江城市花园一期3室1厅南,https://cd.ke.com/ershoufang/20022817710100100217.html,锦江城市花园一期,https://cd.ke.com/xiaoqu/1611041539854/,高楼层(共34层),2009年建,3室1厅,86.85平米,南,4,13天前发布
542,成小在旁小户型税费少房东诚心出售！,https://cd.ke.com/ershoufang/20022717710100158834.html,阳光365,https://cd.ke.com/xiaoqu/1611041504152/,低楼层(共18层),2005年建,1室1厅,33.11平米,西,11,14天前发布
543,蓝润V客东都二期套一，水电通，离地铁近，方便,https://cd.ke.com/ershoufang/20022717710100154644.html,蓝润V客东都二期,https://cd.ke.com/xiaoqu/1620027206841027/,中楼层(共35层),2017年建,1室1厅,23平米,东,0,14天前发布
544,世代锦江商务楼标间带卫生间有装修朝东,https://cd.ke.com/ershoufang/20022717710100153671.html,世代锦江商务楼,https://cd.ke.com/xiaoqu/1611061287649/,中楼层(共29层),2005年建,1室0厅,57.61平米,东,10,14天前发布
545,沙河边优质套三双卫，装修好，保养好,https://cd.ke.com/ershoufang/20022717710100143829.html,交大绿岭二期,https://cd.ke.com/xiaoqu/3011053873186/,低楼层(共34层),2011年建,3室2厅,108.85平米,东南西南,9,14天前发布
546,东湖国际大套一户型方正不临街,https://cd.ke.com/ershoufang/20022717710100133981.html,东湖国际,https://cd.ke.com/xiaoqu/1611043090288/,低楼层(共33层),2012年建,1室1厅,56平米,东,0,14天前发布
547,天涯石画片业主自住精装电梯房标准套二,https://cd.ke.com/ershoufang/20022717710100133543.html,莱茵春天,https://cd.ke.com/xiaoqu/1611059154111/,高楼层(共19层),2003年建,2室2厅,82.78平米,南,30,14天前发布
548,央湖名邸二期3室2厅西南,https://cd.ke.com/ershoufang/20022717710100133679.html,央湖名邸二期,https://cd.ke.com/xiaoqu/1616618214667186/,低楼层(共31层),2018年建,3室2厅,101平米,西南,5,14天前发布
549,天涯石画片优质必看套三随时看房,https://cd.ke.com/ershoufang/20022717710100132812.html,莱茵春天,https://cd.ke.com/xiaoqu/1611059154111/,低楼层(共19层),2003年建,3室2厅,163.11平米,东南,2,14天前发布
550,望江锦园精装套四，实木家具，业主诚售,https://cd.ke.com/ershoufang/20022717710100121955.html,望江锦园,https://cd.ke.com/xiaoqu/1611058001960/,中楼层(共33层),2014年建,4室2厅,152.07平米,东,45,14天前发布
551,蓝润V客东都一期2室1厅东南,https://cd.ke.com/ershoufang/20022717710100121625.html,蓝润V客东都一期,https://cd.ke.com/xiaoqu/1611064000576/,高楼层(共35层),2017年建,2室1厅,54.36平米,东南,0,14天前发布
552,翡翠城五期1室0厅东,https://cd.ke.com/ershoufang/20022717710100121165.html,翡翠城五期,https://cd.ke.com/xiaoqu/1611043088693/,地下室(共层),2011年建,1室0厅,29.14平米,东,0,14天前发布
553,东城美地2室1厅东,https://cd.ke.com/ershoufang/20022717710100119657.html,东城美地,https://cd.ke.com/xiaoqu/3011053220386/,中楼层(共34层),2014年建,2室1厅,59.46平米,东,0,14天前发布
554,528盐道街户型紧凑无浪费，卧室正带阳台，带家具家电,https://cd.ke.com/ershoufang/20022717710100119317.html,锦江城市花园二期,https://cd.ke.com/xiaoqu/1611041538906/,高楼层(共34层),2011年建,2室1厅,71.85平米,南北,1,14天前发布
555,三环内娇子立交旁居家装修套二位置安静,https://cd.ke.com/ershoufang/20022717710100119296.html,上东锦城B区,https://cd.ke.com/xiaoqu/3011053450322/,低楼层(共34层),2008年建,2室2厅,87.13平米,东,1,14天前发布
556,沙河便，带装修三房，带阳台，对中庭,https://cd.ke.com/ershoufang/20022717710100115683.html,沙河壹号二期,https://cd.ke.com/xiaoqu/3011053579030/,中楼层(共32层),2013年建,3室2厅,83.84平米,东南,13,14天前发布
557,上东锦城B区套二，户型好，采光好。,https://cd.ke.com/ershoufang/20022717710100114433.html,上东锦城B区,https://cd.ke.com/xiaoqu/3011053450322/,高楼层(共34层),2008年建,2室1厅,89.69平米,东南,12,14天前发布
558,俊发星雅俊园3室2厅东南,https://cd.ke.com/ershoufang/20022717710100105688.html,俊发星雅俊园,https://cd.ke.com/xiaoqu/1611060973372/,低楼层(共30层),2015年建,3室2厅,82.83平米,东南,5,14天前发布
559,采光好，视野好，交通便利楼下配套齐全,https://cd.ke.com/ershoufang/20022717710100104625.html,俊发星雅俊园,https://cd.ke.com/xiaoqu/1611060973372/,高楼层(共37层),2015年建,1室1厅,38平米,东南,0,14天前发布
560,2015年电梯商品房，致瑞雅苑标准套二,https://cd.ke.com/ershoufang/20022617710100157733.html,致瑞雅苑A区,https://cd.ke.com/xiaoqu/168463400841818/,低楼层(共29层),1994年建,2室2厅,86.52平米,南,4,15天前发布
561,蓝谷地天域3室2厅西南,https://cd.ke.com/ershoufang/20022617710100153750.html,蓝谷地天域,https://cd.ke.com/xiaoqu/3011053261179/,中楼层(共34层),2010年建,3室2厅,83.86平米,西南,3,15天前发布
562,东糠市街3号2室1厅南,https://cd.ke.com/ershoufang/20022617710100149874.html,东糠市街3号,https://cd.ke.com/xiaoqu/1612361014455579/,低楼层(共7层)2室1厅,82.53平米,南,,,0,15天前发布
563,钢管厂五区标间出售户型方正不临街适合居家,https://cd.ke.com/ershoufang/20022617710100147488.html,钢管厂五区,https://cd.ke.com/xiaoqu/1611041510821/,低楼层(共6层)1室1厅,32.55平米,东南,,,10,15天前发布
564,中粮鸿云，精装套二，不临高架，采光好,https://cd.ke.com/ershoufang/20022617710100147361.html,中粮鸿云,https://cd.ke.com/xiaoqu/1611063169008/,高楼层(共40层),2017年建,2室1厅,64.58平米,西南,18,15天前发布
565,卓锦城三期房屋出售，精装套二，拎包入住,https://cd.ke.com/ershoufang/20022617710100145532.html,卓锦城三期,https://cd.ke.com/xiaoqu/1611041741563/,低楼层(共24层),2010年建,2室1厅,96.72平米,东南,6,15天前发布
566,阳光新业中心2室1厅南,https://cd.ke.com/ershoufang/20022617710100144757.html,阳光新业中心,https://cd.ke.com/xiaoqu/1611063242484/,高楼层(共27层),2014年建,2室1厅,85平米,南,0,15天前发布
567,万科三期的套二，双面采光，视野很好，看四季风景,https://cd.ke.com/ershoufang/20022617710100143758.html,万科城市花园,https://cd.ke.com/xiaoqu/1611057879617/,高楼层(共6层),2007年建,2室2厅,84平米,东北,2,15天前发布
568,锦江城市花园三期1室0厅南,https://cd.ke.com/ershoufang/20022617710100139662.html,锦江城市花园三期,https://cd.ke.com/xiaoqu/1611047140791/,地下室(共层),2011年建,1室0厅,35平米,南,0,15天前发布
569,蓝谷地天域2室2厅西南,https://cd.ke.com/ershoufang/20022617710100141666.html,蓝谷地天域,https://cd.ke.com/xiaoqu/3011053261179/,中楼层(共33层),2011年建,2室2厅,87.29平米,西南,4,15天前发布
570,高楼层采光视野比较好简单装修,https://cd.ke.com/ershoufang/20022617710100136256.html,锦江城市花园一期,https://cd.ke.com/xiaoqu/1611041539854/,高楼层(共34层),2009年建,2室2厅,88.93平米,西北,1,15天前发布
571,中间楼层精装套二带家具家电带阳台采光好东南向,https://cd.ke.com/ershoufang/20022617710100133662.html,蓝谷地天域,https://cd.ke.com/xiaoqu/3011053261179/,中楼层(共31层),2011年建,2室2厅,84.41平米,东南,6,15天前发布
572,高楼层视野开阔，朝南对中庭，通风采光俱佳,https://cd.ke.com/ershoufang/20022617710100134014.html,镏金岁月,https://cd.ke.com/xiaoqu/1611041550235/,高楼层(共30层),2010年建,3室1厅,80.1平米,南,9,15天前发布
573,华宇广场2室2厅南,https://cd.ke.com/ershoufang/20022617710100132839.html,华宇广场,https://cd.ke.com/xiaoqu/1611062702646/,低楼层(共18层),2018年建,2室2厅,49平米,南,0,15天前发布
574,清水套三，通风采光俱佳，户型实用无浪费,https://cd.ke.com/ershoufang/20022617710100134994.html,ICC天曜,https://cd.ke.com/xiaoqu/1611063595516/,中楼层(共39层),2015年建,3室1厅,152.69平米,东南,9,15天前发布
575,鑫苑名家一期1室0厅东南,https://cd.ke.com/ershoufang/20022617710100132433.html,鑫苑名家一期,https://cd.ke.com/xiaoqu/1611043165264/,地下室(共层)1室0厅,30平米,东南,,,0,15天前发布
576,都会风尚，精装套二，居家舒适，朝南看河景,https://cd.ke.com/ershoufang/20022617710100128045.html,都会风尚,https://cd.ke.com/xiaoqu/1611041510720/,高楼层(共32层),2009年建,2室1厅,93.17平米,南北,3,15天前发布
577,低楼层套二简装莲桂南路193号,https://cd.ke.com/ershoufang/20022617710100118911.html,莲桂南路193号,https://cd.ke.com/xiaoqu/1611046461504/,中楼层(共7层),1999年建,2室1厅,68平米,东南,8,15天前发布
578,锦馨家园A区清水套一配套成熟,https://cd.ke.com/ershoufang/20022617710100119340.html,锦馨家园A区,https://cd.ke.com/xiaoqu/3011052683437/,中楼层(共18层),2006年建,1室1厅,50.81平米,南,12,15天前发布
579,中间楼层，三梯六户，简单装修，目前出租中,https://cd.ke.com/ershoufang/20022617710100119087.html,华韵天府,https://cd.ke.com/xiaoqu/1611047922039/,中楼层(共39层),2013年建,5室2厅,114.12平米,东南西北,13,15天前发布
580,蜀光新城二期2室1厅东南,https://cd.ke.com/ershoufang/20022617710100115131.html,蜀光新城二期,https://cd.ke.com/xiaoqu/1611042038605/,高楼层(共18层),2009年建,2室1厅,89平米,东南,1,15天前发布
581,经典小套二户型卧室带阳台有学%区接受贷款,https://cd.ke.com/ershoufang/20022617710100114127.html,锦江城市花园二期,https://cd.ke.com/xiaoqu/1611041538906/,中楼层(共34层),2010年建,2室1厅,47.31平米,西北,0,15天前发布
582,卓锦城六期紫郡房源，套三，进门带入户,https://cd.ke.com/ershoufang/20022617710100113058.html,卓锦城六期,https://cd.ke.com/xiaoqu/1611047075553/,中楼层(共31层),2014年建,3室1厅,89.33平米,西南,26,15天前发布
583,蓝润锦江春天1室1厅西北,https://cd.ke.com/ershoufang/20022617710100113442.html,蓝润锦江春天,https://cd.ke.com/xiaoqu/1611063394263/,高楼层(共25层),2016年建,1室1厅,53.23平米,西北,0,15天前发布
584,尖东旺座中高楼层标准套二超强采光,https://cd.ke.com/ershoufang/20022617710100109558.html,尖东旺座一期,https://cd.ke.com/xiaoqu/1611044656331/,高楼层(共18层),2004年建,2室1厅,80.43平米,南北,2,15天前发布
585,联排别墅，套四三卫，户型通透，挑高跃层,https://cd.ke.com/ershoufang/20022617710100110227.html,河滨印象,https://cd.ke.com/xiaoqu/1611048064478/,低楼层(共3层),2003年建,4室2厅,238.77平米,东南,5,15天前发布
586,致瑞雅苑B区4室2厅南北,https://cd.ke.com/ershoufang/20022617710100107236.html,致瑞雅苑B区,https://cd.ke.com/xiaoqu/168480461959337/,中楼层(共28层),2015年建,4室2厅,155平米,南北,2,15天前发布
587,华宇广场1室0厅东南,https://cd.ke.com/ershoufang/20022617710100106398.html,华宇广场,https://cd.ke.com/xiaoqu/1611062702646/,高楼层(共18层),2017年建,1室0厅,37平米,东南,0,15天前发布
588,锦江区+套三双卫+带花园+住家装修出售,https://cd.ke.com/ershoufang/20022617710100104997.html,锦江华庭,https://cd.ke.com/xiaoqu/1611059189106/,低楼层(共18层),2007年建,3室1厅,95.17平米,南北,9,15天前发布
589,首开龙湖天璞精装4.9米跃层，水电气三通,https://cd.ke.com/ershoufang/20022617710100101865.html,首开龙湖天璞,https://cd.ke.com/xiaoqu/1620025266079208/,中楼层(共25层),2020年建,3室2厅,82.79平米,西南,2,15天前发布
590,万科金色城市精装修套三空房出售,https://cd.ke.com/ershoufang/20022517710100156914.html,万科金色城市,https://cd.ke.com/xiaoqu/1611064018200/,高楼层(共35层),2016年建,3室2厅,86.62平米,东南,3,16天前发布
591,ICC凯旋门2室1厅东南,https://cd.ke.com/ershoufang/20022517710100154038.html,ICC凯旋门,https://cd.ke.com/xiaoqu/1611877458128788/,中楼层(共43层),2018年建,2室1厅,94.43平米,东南,1,16天前发布
592,比华利国际城二期套四带车位客厅带阳台中间楼层,https://cd.ke.com/ershoufang/20022517710100153877.html,比华利国际城二期,https://cd.ke.com/xiaoqu/3011053557417/,中楼层(共32层),2011年建,4室1厅,108平米,西北,4,16天前发布
593,国嘉新视界套二有装修看房方便,https://cd.ke.com/ershoufang/20022517710100150672.html,国嘉新视界,https://cd.ke.com/xiaoqu/1611043132293/,高楼层(共32层),2009年建,2室1厅,58.36平米,东北,6,16天前发布
594,鑫苑名家二期，装修套二，诚心出售,https://cd.ke.com/ershoufang/20022517710100150595.html,鑫苑名家二期,https://cd.ke.com/xiaoqu/1611047301096/,中楼层(共34层),2012年建,2室1厅,64.62平米,东南,1,16天前发布
595,卓锦城二期2室2厅南,https://cd.ke.com/ershoufang/20022517710100148332.html,卓锦城二期,https://cd.ke.com/xiaoqu/1611047071451/,高楼层(共18层),2008年建,2室2厅,94.11平米,南,2,16天前发布
596,带装修大面积房子，4.9米层高，出租中,https://cd.ke.com/ershoufang/20022517710100145371.html,俊发星雅俊园,https://cd.ke.com/xiaoqu/1611060973372/,低楼层(共37层),2015年建,2室1厅,61平米,东南,1,16天前发布
597,精致小套二有学%区无贷款接受贷款,https://cd.ke.com/ershoufang/20022517710100145062.html,锦江城市花园二期,https://cd.ke.com/xiaoqu/1611041538906/,低楼层(共34层),2010年建,2室1厅,47.01平米,东南,10,16天前发布
598,俊发星雅俊园1室0厅东北,https://cd.ke.com/ershoufang/20022517710100143773.html,俊发星雅俊园,https://cd.ke.com/xiaoqu/1611060973372/,低楼层(共37层),2015年建,1室0厅,36.09平米,东北,1,16天前发布
599,天涯石、红星国际小户型，精装修、采光好,https://cd.ke.com/ershoufang/20022517710100144699.html,红星国际,https://cd.ke.com/xiaoqu/1611059130055/,低楼层(共34层),2012年建,1室0厅,49.04平米,东,0,16天前发布
600,环球汇蔚然1室0厅南,https://cd.ke.com/ershoufang/20022517710100138355.html,环球汇蔚然,https://cd.ke.com/xiaoqu/1620025408694359/,中楼层(共35层),2019年建,1室0厅,34平米,南,0,16天前发布
601,锦江明珠2室1厅东南,https://cd.ke.com/ershoufang/20022517710100133139.html,锦江明珠,https://cd.ke.com/xiaoqu/1611041513765/,高楼层(共32层),2009年建,2室1厅,60.88平米,东南,2,16天前发布
602,标准的套二户型，采光好，不临街,https://cd.ke.com/ershoufang/20022517710100133052.html,雅仕苑,https://cd.ke.com/xiaoqu/1610745770946790/,高楼层(共7层)2室2厅,68.32平米,南,,,11,16天前发布
603,配套成熟，精装修带家电，房东急售。,https://cd.ke.com/ershoufang/20022517710100127282.html,环球汇蔚然,https://cd.ke.com/xiaoqu/1620025408694359/,中楼层(共35层),2019年建,1室0厅,34平米,南,1,16天前发布
604,东城美地套二，对中庭，位置安静,https://cd.ke.com/ershoufang/20022517710100125288.html,东城美地,https://cd.ke.com/xiaoqu/3011053220386/,中楼层(共34层)2室1厅,60.15平米,东,,,16,16天前发布
605,宜家HOME＋小户型＋电梯小高层,https://cd.ke.com/ershoufang/20022517710100124917.html,宜家HOME,https://cd.ke.com/xiaoqu/1611059178365/,高楼层(共11层),2000年建,1室1厅,38.17平米,东南,3,16天前发布
606,绿地三期，中间楼层，C2户型，居家装修,https://cd.ke.com/ershoufang/20022517710100118476.html,绿地468公馆三期,https://cd.ke.com/xiaoqu/167305930748357/,中楼层(共29层),2015年建,3室1厅,89平米,东,0,16天前发布
607,卓锦城五期，精装套二带书房，朝南对中庭，位置安静,https://cd.ke.com/ershoufang/20022517710100116460.html,卓锦城五期,https://cd.ke.com/xiaoqu/1611047075758/,低楼层(共33层),2012年建,2室1厅,86.28平米,南,1,16天前发布
608,蓝谷地三四期2室2厅西南,https://cd.ke.com/ershoufang/20022517710100114179.html,蓝谷地三四期,https://cd.ke.com/xiaoqu/3011053385423/,高楼层(共13层),2008年建,2室2厅,86.53平米,西南,1,16天前发布
609,下莲池街8号3室1厅南,https://cd.ke.com/ershoufang/20022517710100110371.html,下莲池街8号,https://cd.ke.com/xiaoqu/1611099583998/,高楼层(共7层),2000年建,3室1厅,104.34平米,南,4,16天前发布
610,此房套三单卫户型，保养好，中间楼层，,https://cd.ke.com/ershoufang/20022517710100110127.html,绿地468云玺五期,https://cd.ke.com/xiaoqu/1620026673981109/,低楼层(共43层)3室1厅,89平米,东,,,1,16天前发布
611,万科金润华府标准精装套二，采光好,https://cd.ke.com/ershoufang/20022517710100105580.html,万科金润华府,https://cd.ke.com/xiaoqu/1611057882526/,高楼层(共35层),2012年建,2室2厅,64.8平米,西南,19,16天前发布
612,紫东梵谷评分9.9，大套三，低售价，错过无此房。,https://cd.ke.com/ershoufang/20022517710100103924.html,紫东梵谷,https://cd.ke.com/xiaoqu/3011053393070/,中楼层(共18层),2007年建,3室2厅,114.47平米,东南,53,16天前发布
613,房子精装修，户型方正，朝向西南，采光也挺好。,https://cd.ke.com/ershoufang/20022517710100101290.html,华宇广场,https://cd.ke.com/xiaoqu/1611062702646/,高楼层(共32层),2017年建,2室1厅,75.3平米,西南,6,16天前发布
614,翡翠城四期高楼层套三，诚心出售,https://cd.ke.com/ershoufang/20022417710100139255.html,翡翠城四期,https://cd.ke.com/xiaoqu/1611043130056/,高楼层(共31层),2009年建,3室1厅,87.99平米,东南,8,17天前发布
615,标准套一，明厨明卫户型，看府河，适合居住,https://cd.ke.com/ershoufang/20022417710100138154.html,雕墅,https://cd.ke.com/xiaoqu/3011054640201/,中楼层(共33层),2007年建,1室1厅,55.67平米,东南,6,17天前发布
616,邮电职业技术学院宿舍3室2厅南,https://cd.ke.com/ershoufang/20022417710100134178.html,邮电职业技术学院宿舍,https://cd.ke.com/xiaoqu/1611060749002/,中楼层(共7层),1998年建,3室2厅,91.41平米,南,3,17天前发布
617,万科金润华府218万带电梯口产权车位,https://cd.ke.com/ershoufang/20022417710100129625.html,万科金润华府,https://cd.ke.com/xiaoqu/1611057882526/,低楼层(共35层),2012年建,3室2厅,73.45平米,东南,9,17天前发布
618,金润华府房源带产权车位诚心出售对中庭晒太阳有阳台,https://cd.ke.com/ershoufang/20022417710100129013.html,万科金润华府,https://cd.ke.com/xiaoqu/1611057882526/,高楼层(共35层),2012年建,2室1厅,65平米,东南,27,17天前发布
619,万科金色城市一期精装修套二出售,https://cd.ke.com/ershoufang/20022417710100127431.html,万科金色城市,https://cd.ke.com/xiaoqu/1611064018200/,中楼层(共35层),2016年建,2室2厅,71.66平米,东南,0,17天前发布
620,俊发星雅俊园2室1厅西南,https://cd.ke.com/ershoufang/20022417710100122892.html,俊发星雅俊园,https://cd.ke.com/xiaoqu/1611060973372/,高楼层(共37层),2015年建,2室1厅,58.19平米,西南,3,17天前发布
621,东景雅苑4室2厅东南,https://cd.ke.com/ershoufang/20022417710100119268.html,东景雅苑,https://cd.ke.com/xiaoqu/1611041510206/,高楼层(共6层),2004年建,4室2厅,127平米,东南,0,17天前发布
622,翡翠城套三正带阳台可拎包入住，东南朝向视野无遮挡,https://cd.ke.com/ershoufang/20022417710100115639.html,翡翠城三期,https://cd.ke.com/xiaoqu/1611047618273/,高楼层(共26层),2008年建,3室2厅,119平米,东南,27,17天前发布
623,天誉南庭标准套二客厅厨房带阳台,https://cd.ke.com/ershoufang/20022417710100109040.html,天誉南庭,https://cd.ke.com/xiaoqu/168305779945048/,中楼层(共32层),2016年建,2室2厅,77平米,东,11,17天前发布
624,新小区次新房，户型方正，跃层清水房可自行装修,https://cd.ke.com/ershoufang/20022417710100105431.html,新希望锦官阁,https://cd.ke.com/xiaoqu/1611703330811693/,高楼层(共33层)3室2厅,100平米,南北,,,1,17天前发布
625,蓝润锦江春天标准套三东南朝向,https://cd.ke.com/ershoufang/20022417710100105397.html,蓝润锦江春天,https://cd.ke.com/xiaoqu/1611063394263/,高楼层(共28层),2016年建,3室2厅,69.92平米,南,2,17天前发布
626,蜀都花园跃层套二，房东诚心出售,https://cd.ke.com/ershoufang/20022317710100142940.html,蜀都花园,https://cd.ke.com/xiaoqu/1611041540545/,中楼层(共20层),2003年建,2室2厅,95.04平米,西北,23,18天前发布
627,可变小套三，户型方正，采光不错，出入方便！,https://cd.ke.com/ershoufang/20022317710100141032.html,锦江城市花园三期,https://cd.ke.com/xiaoqu/1611047140791/,低楼层(共34层),2011年建,2室1厅,69.03平米,西南,2,18天前发布
628,翡翠城四期1室1厅南北,https://cd.ke.com/ershoufang/20022317710100134560.html,翡翠城四期,https://cd.ke.com/xiaoqu/1611043130056/,中楼层(共29层),2009年建,1室1厅,87平米,南北,4,18天前发布
629,海桐二期，户型方正，采光好。。,https://cd.ke.com/ershoufang/20022317710100128984.html,海桐二期,https://cd.ke.com/xiaoqu/3011053348771/,高楼层(共18层),2010年建,1室1厅,50.4平米,东南,2,18天前发布
630,动静分区，对中庭位置安静，装修保养好。,https://cd.ke.com/ershoufang/20022317710100124633.html,卓锦城六期,https://cd.ke.com/xiaoqu/1611047075553/,低楼层(共31层),2014年建,3室2厅,89.16平米,南北,0,18天前发布
631,首付27万锦江区套二对外视野开阔,https://cd.ke.com/ershoufang/20022317710100124590.html,鑫苑名家一期,https://cd.ke.com/xiaoqu/1611043165264/,高楼层(共34层),2011年建,2室1厅,62.74平米,东北,33,18天前发布
632,华西附二医院旁蓝润锦江春天精装套三，可直接拎包入住,https://cd.ke.com/ershoufang/20022317710100123231.html,蓝润锦江春天,https://cd.ke.com/xiaoqu/1611063394263/,低楼层(共33层),2016年建,3室1厅,88.38平米,东南,6,18天前发布
633,绿地468公馆二期3室1厅南西南,https://cd.ke.com/ershoufang/20022317710100120218.html,绿地468公馆二期,https://cd.ke.com/xiaoqu/1611100276106/,中楼层(共29层),2015年建,3室1厅,88.84平米,南西南,12,18天前发布
634,蓝谷地天域2室1厅西南,https://cd.ke.com/ershoufang/20022317710100117897.html,蓝谷地天域,https://cd.ke.com/xiaoqu/3011053261179/,低楼层(共32层),2011年建,2室1厅,81.08平米,西南,2,18天前发布
635,蜀都花园跃层套二，房东诚心出售，装修不错,https://cd.ke.com/ershoufang/20022317710100115762.html,蜀都花园,https://cd.ke.com/xiaoqu/1611041540545/,中楼层(共20层),2003年建,2室1厅,95.01平米,东南,1,18天前发布
636,套二变套三产权清晰，交易时效快，客厅带大阳台,https://cd.ke.com/ershoufang/20022317710100115091.html,锦江城市花园一期,https://cd.ke.com/xiaoqu/1611041539854/,中楼层(共34层),2009年建,3室1厅,71平米,东东南,2,18天前发布
637,产权车位，负二楼位置，4栋单元门口位置。,https://cd.ke.com/ershoufang/20022317710100114941.html,融创四海逸家,https://cd.ke.com/xiaoqu/1611100689584/,地下室(共层)1室0厅,33.68平米,东南,,,0,18天前发布
638,四海逸家三期双卫户型，精装房客厅带阳台明厨明卫,https://cd.ke.com/ershoufang/20022317710100112573.html,融创四海逸家,https://cd.ke.com/xiaoqu/1611100689584/,中楼层(共40层),2015年建,4室2厅,87.84平米,南,24,18天前发布
639,万科金色城市地下车位方便实地看房,https://cd.ke.com/ershoufang/20022317710100112412.html,万科金色城市,https://cd.ke.com/xiaoqu/1611064018200/,地下室(共层)1室0厅,29.62平米,东南,,,0,18天前发布
640,精装套二，可直接拎包入住，正看大观湖，安静不吵。,https://cd.ke.com/ershoufang/20022317710100112230.html,比华利国际城一期,https://cd.ke.com/xiaoqu/3011053484408/,中楼层(共32层),2008年建,2室1厅,82.47平米,东南,37,18天前发布
641,锦江印象2室1厅东南,https://cd.ke.com/ershoufang/20022317710100111547.html,锦江印象,https://cd.ke.com/xiaoqu/1611041514043/,高楼层(共31层),2008年建,2室1厅,81.29平米,东南,3,18天前发布
642,新南门地铁口雕墅精装标准套二对中庭,https://cd.ke.com/ershoufang/20022317710100110520.html,雕墅,https://cd.ke.com/xiaoqu/3011054640201/,中楼层(共33层),2007年建,2室1厅,73.31平米,东南,2,18天前发布
643,环球汇蔚然1室1厅东,https://cd.ke.com/ershoufang/20022317710100110346.html,环球汇蔚然,https://cd.ke.com/xiaoqu/1620025408694359/,中楼层(共35层),2019年建,1室1厅,33.57平米,东,0,18天前发布
644,鑫苑名家一期2室1厅西,https://cd.ke.com/ershoufang/20022317710100107498.html,鑫苑名家一期,https://cd.ke.com/xiaoqu/1611043165264/,高楼层(共34层),2011年建,2室1厅,63.32平米,西,5,18天前发布
645,蓝润锦江春天中庭精装套三装修40万,https://cd.ke.com/ershoufang/20022317710100107093.html,蓝润锦江春天,https://cd.ke.com/xiaoqu/1611063394263/,低楼层(共33层),2016年建,3室1厅,78.87平米,西南,0,18天前发布
646,比华利国际城三期负二楼车位34.8平随时可看,https://cd.ke.com/ershoufang/20022217710100134184.html,比华利国际城三期,https://cd.ke.com/xiaoqu/3011053478981/,地下室(共1层),2014年建,1室0厅,34.8平米,东,0,19天前发布
647,卓锦城六期紫郡，套二，采光好，户型方正,https://cd.ke.com/ershoufang/20022217710100134054.html,卓锦城六期,https://cd.ke.com/xiaoqu/1611047075553/,中楼层(共24层),2014年建,2室1厅,76.27平米,东南,16,19天前发布
648,皇经嘉苑套二有装修，有家具家电、有阳台，采光较好,https://cd.ke.com/ershoufang/20022217710100131323.html,皇经嘉苑,https://cd.ke.com/xiaoqu/3011052687630/,低楼层(共15层),2010年建,2室1厅,70.83平米,西南,5,19天前发布
649,清水、跃层、套四三卫，坐北朝南、1T2户、带双车位,https://cd.ke.com/ershoufang/20022217710100130931.html,新希望锦官阁,https://cd.ke.com/xiaoqu/1611703330811693/,低楼层(共31层),2018年建,4室2厅,158平米,南,3,19天前发布
650,金象嘉园标准大套三精装修,https://cd.ke.com/ershoufang/20022217710100129796.html,金象嘉园,https://cd.ke.com/xiaoqu/3011053088059/,高楼层(共6层)3室2厅,83.38平米,南北,,,0,19天前发布
651,华韵天府1室0厅东,https://cd.ke.com/ershoufang/20022217710100129588.html,华韵天府,https://cd.ke.com/xiaoqu/1611047922039/,地下室(共层)1室0厅,31.69平米,东,,,0,19天前发布
652,育才都市家园三期1室1厅西,https://cd.ke.com/ershoufang/20022217710100127031.html,育才都市家园三期,https://cd.ke.com/xiaoqu/1611057781444/,中楼层(共11层),2006年建,1室1厅,53.47平米,西,6,19天前发布
653,清水、跃层、套四三卫，坐北朝南、1T2户、带双车位,https://cd.ke.com/ershoufang/20022217710100123659.html,新希望锦官阁,https://cd.ke.com/xiaoqu/1611703330811693/,中楼层(共31层),2018年建,4室2厅,157平米,南,6,19天前发布
654,东安南路居家新装修二居室带阳台预约看房,https://cd.ke.com/ershoufang/20022217710100119676.html,东安南路17号,https://cd.ke.com/xiaoqu/1611060840822/,高楼层(共7层),1988年建,2室1厅,56.38平米,东南,4,19天前发布
655,汇丽汀香清水三居室视野开阔安静不吵,https://cd.ke.com/ershoufang/20022217710100119345.html,汇丽汀香,https://cd.ke.com/xiaoqu/1611047618565/,高楼层(共24层),2014年建,3室2厅,72.91平米,东南,4,19天前发布
656,精装套三，家具家电全新，拎包入住,https://cd.ke.com/ershoufang/20022217710100116994.html,中洲中央城邦,https://cd.ke.com/xiaoqu/1611100042295/,中楼层(共25层),2016年建,3室2厅,88.34平米,南北,17,19天前发布
657,水碾河路南4楼老式诚心出售,https://cd.ke.com/ershoufang/20022217710100114865.html,水碾河路南46号,https://cd.ke.com/xiaoqu/1611043075773/,中楼层(共6层),1998年建,2室1厅,60.47平米,西南,14,19天前发布
658,套四双主卧带3个卫生间精装未入住过带车位,https://cd.ke.com/ershoufang/20022217710100112448.html,天悦龙庭,https://cd.ke.com/xiaoqu/3011052708655/,高楼层(共22层),2014年建,4室1厅,173平米,西南,1,19天前发布
659,沙河壹号一期1室0厅东,https://cd.ke.com/ershoufang/20022217710100109028.html,沙河壹号一期,https://cd.ke.com/xiaoqu/3011053573846/,地下室(共层),2011年建,1室0厅,9平米,东,0,19天前发布
660,沙河壹号一期2室1厅东,https://cd.ke.com/ershoufang/20022217710100108291.html,沙河壹号一期,https://cd.ke.com/xiaoqu/3011053573846/,中楼层(共34层),2011年建,2室1厅,77.28平米,东,13,19天前发布
661,锦江城市花园精装套三，户型方正带阳台。,https://cd.ke.com/ershoufang/20022217710100107995.html,锦江城市花园三期,https://cd.ke.com/xiaoqu/1611047140791/,高楼层(共34层),2011年建,3室1厅,80平米,南北,9,19天前发布
662,绿地468云玺五期3室1厅东南,https://cd.ke.com/ershoufang/20022117710100145899.html,绿地468云玺五期,https://cd.ke.com/xiaoqu/1620026673981109/,中楼层(共43层)3室1厅,88.77平米,东南,,,1,20天前发布
663,一心桥横街22号2室1厅东,https://cd.ke.com/ershoufang/20022117710100140627.html,一心桥横街22号,https://cd.ke.com/xiaoqu/1611042530293/,低楼层(共7层),2003年建,2室1厅,65平米,东,2,20天前发布
664,绿地468公馆二期，标准套二，可塑性大,https://cd.ke.com/ershoufang/20022117710100132658.html,绿地468公馆二期,https://cd.ke.com/xiaoqu/1611100276106/,高楼层(共33层),2015年建,2室1厅,77平米,东北,12,20天前发布
665,精装跃层、套四三卫双主卧、坐北朝南中楼层、带双车位,https://cd.ke.com/ershoufang/20022117710100127737.html,新希望锦官阁,https://cd.ke.com/xiaoqu/1611703330811693/,低楼层(共31层),2018年建,4室2厅,155平米,南,0,20天前发布
666,比华利国际城一期3室2厅东南,https://cd.ke.com/ershoufang/20022117710100124998.html,比华利国际城一期,https://cd.ke.com/xiaoqu/3011053484408/,中楼层(共26层),2008年建,3室2厅,123.43平米,东南,6,20天前发布
667,双卫套三，正对中庭，视野开阔，有暖气,https://cd.ke.com/ershoufang/20022117710100121839.html,翡翠城五期,https://cd.ke.com/xiaoqu/1611043088693/,中楼层(共32层),2011年建,3室2厅,89.83平米,西南,34,20天前发布
668,西部国际高品质小区，开发商统一装修，保养好，采光好,https://cd.ke.com/ershoufang/20022117710100122467.html,西部国际金融中心,https://cd.ke.com/xiaoqu/1620025939321401/,高楼层(共47层)2室1厅,82.64平米,东东北,,,2,20天前发布
669,喜年广场1室0厅西,https://cd.ke.com/ershoufang/20022117710100115994.html,喜年广场,https://cd.ke.com/xiaoqu/1611041737871/,高楼层(共42层),2010年建,1室0厅,46.89平米,西,2,20天前发布
670,蜀都花园标准套一中庭采光视野好,https://cd.ke.com/ershoufang/20022117710100114279.html,蜀都花园,https://cd.ke.com/xiaoqu/1611041540545/,中楼层(共22层),2003年建,1室1厅,58.78平米,东北,5,20天前发布
671,东方广场套三住家装修看房预约,https://cd.ke.com/ershoufang/20022117710100110898.html,东方广场,https://cd.ke.com/xiaoqu/1611043089715/,高楼层(共22层),2007年建,3室1厅,105.84平米,北,1,20天前发布
672,比华利国际城三期精装套三满两年直接拧包入住,https://cd.ke.com/ershoufang/20022117710100109115.html,比华利国际城三期,https://cd.ke.com/xiaoqu/3011053478981/,高楼层(共33层),2014年建,3室1厅,80.84平米,西南,2,20天前发布
673,卓锦城六期客厅带阳台朝中庭中高楼层,https://cd.ke.com/ershoufang/20022117710100106138.html,卓锦城六期,https://cd.ke.com/xiaoqu/1611047075553/,高楼层(共24层),2014年建,3室1厅,89.73平米,西北,40,20天前发布
674,锦江区九眼桥顺江路旁低总价套二,https://cd.ke.com/ershoufang/20022117710100104242.html,顺江路49号,https://cd.ke.com/xiaoqu/1611043056889/,高楼层(共6层),1998年建,2室1厅,54.58平米,西北,5,20天前发布
675,电业局宿舍+朝南+中间楼层+自住装修,https://cd.ke.com/ershoufang/20022117710100100146.html,成都电业局宿舍,https://cd.ke.com/xiaoqu/3011053642103/,中楼层(共7层),1995年建,2室1厅,83.18平米,南,16,20天前发布
676,南三环优质大套二急售，明厨明卫,https://cd.ke.com/ershoufang/20022017710100136726.html,皇经楼一期,https://cd.ke.com/xiaoqu/3011052976570/,低楼层(共11层)2室2厅,86.44平米,东南,,,3,21天前发布
677,皇经楼一期2室2厅东南,https://cd.ke.com/ershoufang/20022017710100136139.html,皇经楼一期,https://cd.ke.com/xiaoqu/3011052976570/,低楼层(共11层),2009年建,2室2厅,86.44平米,东南,4,21天前发布
678,一楼带小花园！房子是小套三！阿玛尼旁！,https://cd.ke.com/ershoufang/20022017710100134547.html,莲桂西路15号,https://cd.ke.com/xiaoqu/1611041878549/,低楼层(共7层),1991年建,3室1厅,74.19平米,东南,12,21天前发布
679,东洪广厦2室1厅东南,https://cd.ke.com/ershoufang/20022017710100130612.html,东洪广厦,https://cd.ke.com/xiaoqu/1611047641103/,中楼层(共34层),2013年建,2室1厅,71.17平米,东南,0,21天前发布
680,锦江城市花园一期标准套二对中庭客厅带阳台,https://cd.ke.com/ershoufang/20022017710100129331.html,锦江城市花园一期,https://cd.ke.com/xiaoqu/1611041539854/,低楼层(共34层),2009年建,2室1厅,80平米,西北,0,21天前发布
681,流星花园有装修，带家具家电，带阳台,https://cd.ke.com/ershoufang/20022017710100124461.html,流星花园,https://cd.ke.com/xiaoqu/1611041522287/,低楼层(共16层),2003年建,1室0厅,40平米,东,0,21天前发布
682,龙王庙南街19号3室1厅东南,https://cd.ke.com/ershoufang/20022017710100121970.html,龙王庙南街19号,https://cd.ke.com/xiaoqu/1612247490638637/,中楼层(共7层)3室1厅,80.03平米,东南,,,2,21天前发布
683,正对太古里地铁口精致小户型保养好拎包入住,https://cd.ke.com/ershoufang/20022017710100116078.html,流星花园,https://cd.ke.com/xiaoqu/1611041522287/,中楼层(共16层),2003年建,1室0厅,39.67平米,东南,3,21天前发布
684,钢管厂五区套二业主自住保养好,https://cd.ke.com/ershoufang/20022017710100113979.html,钢管厂五区,https://cd.ke.com/xiaoqu/1611041510821/,高楼层(共7层),1995年建,2室2厅,69.54平米,东南,16,21天前发布
685,时代豪庭一期2室2厅东南,https://cd.ke.com/ershoufang/20022017710100112222.html,时代豪庭一期,https://cd.ke.com/xiaoqu/1611041733939/,高楼层(共33层),2009年建,2室2厅,116.28平米,东南,0,21天前发布
686,中庭套三，安静舒适，楼层舒服。,https://cd.ke.com/ershoufang/20022017710100112361.html,上东花园二期,https://cd.ke.com/xiaoqu/3011053112987/,高楼层(共6层),2003年建,3室2厅,85.47平米,南,31,21天前发布
687,翡翠城一期精装套二带阳台+大花园,https://cd.ke.com/ershoufang/20022017710100112167.html,翡翠城一期,https://cd.ke.com/xiaoqu/1611042527332/,低楼层(共11层),2004年建,2室1厅,78.52平米,南,44,21天前发布
688,该房位于卓锦城五期，该房2梯6户。厨房位置带生活阳台,https://cd.ke.com/ershoufang/20022017710100107540.html,卓锦城五期,https://cd.ke.com/xiaoqu/1611047075758/,高楼层(共33层),2012年建,3室1厅,87.92平米,东南,24,21天前发布
689,华固一品精装修套三高楼层,https://cd.ke.com/ershoufang/20022017710100107173.html,华固一品,https://cd.ke.com/xiaoqu/166943447987127/,高楼层(共20层),2015年建,3室1厅,87.23平米,西南,10,21天前发布
690,天誉南庭套二出售三个阳台,https://cd.ke.com/ershoufang/20022017710100106260.html,天誉南庭,https://cd.ke.com/xiaoqu/168305779945048/,高楼层(共32层),2016年建,2室1厅,77平米,东,9,21天前发布
691,市中心太古里恒大都汇华庭精装套一带衣帽间,https://cd.ke.com/ershoufang/20021917710100123944.html,恒大都汇华庭,https://cd.ke.com/xiaoqu/1611061104258/,中楼层(共50层),2015年建,1室1厅,79.28平米,西北,2,22天前发布
692,三圣乡中间楼层对中庭两居室,https://cd.ke.com/ershoufang/20021917710100119337.html,合能锦城,https://cd.ke.com/xiaoqu/1611063766797/,中楼层(共32层),2015年建,2室1厅,64.24平米,东北,0,22天前发布
693,邮政单位房高楼层采光好过厅式套三,https://cd.ke.com/ershoufang/20021917710100117138.html,走马街42号,https://cd.ke.com/xiaoqu/1620023695657580/,高楼层(共6层)3室0厅,45.19平米,西北,,,4,22天前发布
694,绿地468公馆二期，精装套二，装修好,https://cd.ke.com/ershoufang/20021917710100115548.html,绿地468公馆二期,https://cd.ke.com/xiaoqu/1611100276106/,高楼层(共29层),2015年建,2室1厅,77.18平米,东北,0,22天前发布
695,创意山1室1厅东南,https://cd.ke.com/ershoufang/20021917710100114828.html,创意山,https://cd.ke.com/xiaoqu/1611063134459/,中楼层(共22层),2017年建,1室1厅,50.33平米,东南,0,22天前发布
696,蓝谷地天域精装套四另带产权车位可直接入住,https://cd.ke.com/ershoufang/20021917710100113110.html,蓝谷地天域,https://cd.ke.com/xiaoqu/3011053261179/,高楼层(共31层),2012年建,4室2厅,123.67平米,西南,18,22天前发布
697,锦蓉佳苑套二精装修业主诚心出售,https://cd.ke.com/ershoufang/20021917710100110599.html,锦蓉佳苑,https://cd.ke.com/xiaoqu/1611047607016/,低楼层(共30层),2014年建,2室2厅,89.14平米,东北,0,22天前发布
698,锦蓉佳苑套二户型采光好出行方便,https://cd.ke.com/ershoufang/20021917710100101170.html,锦蓉佳苑,https://cd.ke.com/xiaoqu/1611047607016/,低楼层(共32层),2014年建,2室1厅,69.88平米,西南,3,22天前发布
699,澳龙名城5室2厅东南,https://cd.ke.com/ershoufang/20021917710100100119.html,澳龙名城,https://cd.ke.com/xiaoqu/1611041481744/,高楼层(共4层),2009年建,5室2厅,214.83平米,东南,1,22天前发布
700,中房优山套四双卫，客厅带阳台，朝中庭，视野开阔,https://cd.ke.com/ershoufang/20021817710100128226.html,中房优山PLUS,https://cd.ke.com/xiaoqu/1611706020408995/,高楼层(共32层)4室2厅,119.55平米,东北,,,0,23天前发布
701,房子朝南，比较安静，生活配套成熟，交通便利,https://cd.ke.com/ershoufang/20021817710100123924.html,鑫苑名家二期,https://cd.ke.com/xiaoqu/1611047301096/,高楼层(共40层),2012年建,3室1厅,73.99平米,南,16,23天前发布
702,财富A座标准套一，户型方正，配套设施齐全，带装修。,https://cd.ke.com/ershoufang/20021817710100121729.html,财富中心,https://cd.ke.com/xiaoqu/3011054635711/,中楼层(共30层),2005年建,1室1厅,47.53平米,东南,20,23天前发布
703,澳龙名城大套二带超大阳台,https://cd.ke.com/ershoufang/20021817710100120298.html,澳龙名城,https://cd.ke.com/xiaoqu/1611041481744/,中楼层(共33层),2009年建,2室1厅,89.65平米,东北,44,23天前发布
704,精装套三实得大保养好视野开阔采光通风好满两年,https://cd.ke.com/ershoufang/20021817710100119277.html,卓锦城五期,https://cd.ke.com/xiaoqu/1611047075758/,高楼层(共33层),2012年建,3室2厅,88.18平米,西北,1,23天前发布
705,萧邦住家套二有装修带生活阳台通风效果好,https://cd.ke.com/ershoufang/20021817710100117420.html,萧邦,https://cd.ke.com/xiaoqu/1611059497834/,中楼层(共28层),2008年建,2室1厅,51.36平米,南,12,23天前发布
706,蓉上坊一期2室1厅南,https://cd.ke.com/ershoufang/20021817710100116793.html,蓉上坊一期,https://cd.ke.com/xiaoqu/1611041538363/,高楼层(共30层),2009年建,2室1厅,90.5平米,南,2,23天前发布
707,望江锦园，通透套四，中高楼层，居家装修,https://cd.ke.com/ershoufang/20021817710100114012.html,望江锦园,https://cd.ke.com/xiaoqu/1611058001960/,高楼层(共33层),2014年建,4室2厅,152平米,东南,53,23天前发布
708,外滩套三，有装修，带阳台，视野开阔,https://cd.ke.com/ershoufang/20021817710100112667.html,外滩,https://cd.ke.com/xiaoqu/1611041490318/,中楼层(共41层),2009年建,3室2厅,90.21平米,东北,4,23天前发布
709,卓锦城六期套二房源，中间楼层，视野开阔,https://cd.ke.com/ershoufang/20021817710100112292.html,卓锦城六期,https://cd.ke.com/xiaoqu/1611047075553/,中楼层(共28层),2013年建,2室1厅,68平米,东南,10,23天前发布
710,水井街16号标准套二临东门大桥地铁水井坊出行方便,https://cd.ke.com/ershoufang/20021817710100112121.html,水井街16号,https://cd.ke.com/xiaoqu/1615392882568611/,中楼层(共7层),1996年建,2室1厅,60.79平米,南,6,23天前发布
711,锦江华庭3居室，双花园，看河。适宜居家,https://cd.ke.com/ershoufang/20021817710100110051.html,锦江华庭,https://cd.ke.com/xiaoqu/1611059189106/,高楼层(共21层),2007年建,3室2厅,139.1平米,南北,5,23天前发布
712,卓锦城六期套三双卫朝南带阳台视野开阔,https://cd.ke.com/ershoufang/20021817710100107752.html,卓锦城六期,https://cd.ke.com/xiaoqu/1611047075553/,高楼层(共31层),2014年建,3室2厅,88.41平米,南,16,23天前发布
713,晶蓝半岛二期3室1厅西南,https://cd.ke.com/ershoufang/20021817710100103299.html,晶蓝半岛二期,https://cd.ke.com/xiaoqu/1611041544330/,高楼层(共26层),2008年建,3室1厅,125.07平米,西南,6,23天前发布
714,带大平台精装套三，设计精致，拎包入住,https://cd.ke.com/ershoufang/20021817710100102387.html,海棠佳苑,https://cd.ke.com/xiaoqu/169894157102319/,低楼层(共32层),2015年建,3室2厅,88.56平米,东南,49,23天前发布
715,钢五区套二看房约租客房屋户型方正,https://cd.ke.com/ershoufang/20021817710100100635.html,钢管厂五区,https://cd.ke.com/xiaoqu/1611041510821/,高楼层(共7层),2001年建,2室1厅,69.54平米,东,24,23天前发布
716,望江水岸3室1厅东南南,https://cd.ke.com/ershoufang/20021717710100117384.html,望江水岸,https://cd.ke.com/xiaoqu/3011053582336/,低楼层(共31层),2010年建,3室1厅,112.31平米,东南南,6,24天前发布
717,鑫苑名家标准大套二户型方正房东诚售,https://cd.ke.com/ershoufang/20021717710100113131.html,鑫苑名家二期,https://cd.ke.com/xiaoqu/1611047301096/,低楼层(共34层),2012年建,2室1厅,81.26平米,南,15,24天前发布
718,卓锦城二期2室1厅东南,https://cd.ke.com/ershoufang/20021717710100110750.html,卓锦城二期,https://cd.ke.com/xiaoqu/1611047071451/,中楼层(共18层),2008年建,2室1厅,93.95平米,东南,24,24天前发布
719,房本满两年，无增值税。低楼层带花园,https://cd.ke.com/ershoufang/20021717710100109165.html,静居嘉苑,https://cd.ke.com/xiaoqu/3011053920649/,低楼层(共6层),2005年建,2室1厅,88.75平米,东南,7,24天前发布
720,新房源全跃层户型实际面积272平米，全朝南户型,https://cd.ke.com/ershoufang/20021717710100106133.html,融创四海逸家,https://cd.ke.com/xiaoqu/1611100689584/,低楼层(共40层),2015年建,4室1厅,124.39平米,西南,36,24天前发布
721,帕丽湾临公园居家大套二环境优美,https://cd.ke.com/ershoufang/20021717710100105042.html,帕丽湾,https://cd.ke.com/xiaoqu/3011053201349/,高楼层(共27层),2008年建,2室2厅,96.19平米,南北,7,24天前发布
722,蓝光凯丽香江-2楼标准车位电梯口,https://cd.ke.com/ershoufang/20021717710100103847.html,蓝光凯丽香江,https://cd.ke.com/xiaoqu/1611041618870/,地下室(共层)1室1厅,35.15平米,南,,,0,24天前发布
723,红星国际小户型，带生活阳台，住家装修，采光好,https://cd.ke.com/ershoufang/20021717710100100930.html,红星国际,https://cd.ke.com/xiaoqu/1611059130055/,高楼层(共34层),2012年建,1室0厅,42.23平米,南,3,24天前发布
724,锦江印象标准套二户型，户型方正，三面采光,https://cd.ke.com/ershoufang/20021717710100100660.html,锦江印象,https://cd.ke.com/xiaoqu/1611041514043/,高楼层(共31层),2008年建,2室1厅,82平米,南,0,24天前发布
725,蓝谷地天域3室2厅东南,https://cd.ke.com/ershoufang/20021617710100123915.html,蓝谷地天域,https://cd.ke.com/xiaoqu/3011053261179/,中楼层(共31层),2012年建,3室2厅,89.67平米,东南,5,25天前发布
726,翡翠城二期17栋车位能停三厢车距离电梯口进,https://cd.ke.com/ershoufang/20021617710100122442.html,翡翠城二期,https://cd.ke.com/xiaoqu/1611043129257/,地下室(共1层)1室0厅,26.78平米,南,,,0,25天前发布
727,！！高利用率，采光好，视野好！！,https://cd.ke.com/ershoufang/20021617710100121029.html,万科金润华府,https://cd.ke.com/xiaoqu/1611057882526/,中楼层(共35层),2012年建,2室2厅,65.2平米,西南,0,25天前发布
728,俊发星雅俊园1室1厅东南,https://cd.ke.com/ershoufang/20021617710100120956.html,俊发星雅俊园,https://cd.ke.com/xiaoqu/1611060973372/,低楼层(共37层),2015年建,1室1厅,37.85平米,东南,0,25天前发布
729,锦江区首创娇子一号清水套三诚心出售,https://cd.ke.com/ershoufang/20021617710100112153.html,首创娇子1号,https://cd.ke.com/xiaoqu/166872826916790/,低楼层(共34层),2018年建,3室2厅,85.72平米,西,2,25天前发布
730,ICC天曜满二年、带装修套二！业主极为诚心！,https://cd.ke.com/ershoufang/20021617710100111481.html,ICC天曜,https://cd.ke.com/xiaoqu/1611063595516/,低楼层(共39层),2015年建,2室1厅,103.06平米,北,1,25天前发布
731,万科金润华府精装套三中间楼层未住过人,https://cd.ke.com/ershoufang/20021617710100109859.html,万科金润华府,https://cd.ke.com/xiaoqu/1611057882526/,中楼层(共35层),2012年建,3室1厅,73.77平米,东南,21,25天前发布
732,套二变套三户型，精装自住，装修保养好,https://cd.ke.com/ershoufang/20021617710100104474.html,锦江城市花园二期,https://cd.ke.com/xiaoqu/1611041538906/,中楼层(共34层),2011年建,2室2厅,72.13平米,东北,1,25天前发布
733,锦江区简装修低总价房源，保养好，房龄新。,https://cd.ke.com/ershoufang/20021617710100103349.html,俊发星雅俊园,https://cd.ke.com/xiaoqu/1611060973372/,高楼层(共37层),2015年建,1室1厅,39平米,西南,0,25天前发布
734,东方阳光城B区标准套一户型方正采光好,https://cd.ke.com/ershoufang/20021617710100102360.html,东方阳光城B区,https://cd.ke.com/xiaoqu/3011052689350/,中楼层(共6层),2005年建,1室1厅,44.22平米,北,10,25天前发布
735,带装修4.9米跃层，目前在租。业主诚心出售,https://cd.ke.com/ershoufang/20021617710100101552.html,俊发星雅俊园,https://cd.ke.com/xiaoqu/1611060973372/,低楼层(共37层),2015年建,1室1厅,40.88平米,东,0,25天前发布
736,锦江国际花园3室1厅南北,https://cd.ke.com/ershoufang/20021617710100100637.html,锦江国际花园,https://cd.ke.com/xiaoqu/1611062710807/,低楼层(共34层),2016年建,3室1厅,84.2平米,南北,0,25天前发布
737,东城印象小区2室2厅东南,https://cd.ke.com/ershoufang/20021617710100100527.html,东城印象小区,https://cd.ke.com/xiaoqu/1611063610252/,高楼层(共28层),2017年建,2室2厅,68平米,东南,0,25天前发布
738,瑞升望江橡树林二期3室1厅南,https://cd.ke.com/ershoufang/20021517710100116648.html,瑞升望江橡树林二期,https://cd.ke.com/xiaoqu/1611047229565/,高楼层(共34层),2011年建,3室1厅,89平米,南,18,26天前发布
739,蜀都花园4室2厅东南,https://cd.ke.com/ershoufang/20021517710100113920.html,蜀都花园,https://cd.ke.com/xiaoqu/1611041540545/,高楼层(共18层),2003年建,4室2厅,218.85平米,东南,5,26天前发布
740,海成大厦3室2厅东南,https://cd.ke.com/ershoufang/20021517710100112465.html,海成大厦,https://cd.ke.com/xiaoqu/1611043092235/,高楼层(共19层),2000年建,3室2厅,187.83平米,东南,4,26天前发布
741,环球汇蔚然1室0厅东南,https://cd.ke.com/ershoufang/20021517710100109045.html,环球汇蔚然,https://cd.ke.com/xiaoqu/1620025408694359/,中楼层(共35层),2019年建,1室0厅,34平米,东南,0,26天前发布
742,华韵天府3室2厅东北,https://cd.ke.com/ershoufang/20021517710100105862.html,华韵天府,https://cd.ke.com/xiaoqu/1611047922039/,中楼层(共39层),2013年建,3室2厅,71.91平米,东北,7,26天前发布
743,户型好中间楼层精装修套二品牌家具家电,https://cd.ke.com/ershoufang/20021517710100101347.html,俊发星雅俊园,https://cd.ke.com/xiaoqu/1611060973372/,中楼层(共33层),2015年建,2室1厅,67.21平米,西北,16,26天前发布
744,卓锦城六期紫郡朝南户型方正中高楼层,https://cd.ke.com/ershoufang/20021517710100100265.html,卓锦城六期,https://cd.ke.com/xiaoqu/1611047075553/,中楼层(共32层),2014年建,3室1厅,87.8平米,东南,52,26天前发布
745,塔子山壹号3室1厅东南,https://cd.ke.com/ershoufang/20021417710100126380.html,塔子山壹号,https://cd.ke.com/xiaoqu/1611058895651/,高楼层(共34层),2015年建,3室1厅,82平米,东南,1,27天前发布
746,顶楼通透套二，方正户型，公摊小。,https://cd.ke.com/ershoufang/20021417710100122226.html,金红园,https://cd.ke.com/xiaoqu/1611061370262/,高楼层(共7层),2003年建,2室1厅,72.5平米,南,0,27天前发布
747,融创四海逸家清水套四，产权124平米.朝南！,https://cd.ke.com/ershoufang/20021417710100120644.html,融创四海逸家,https://cd.ke.com/xiaoqu/1611100689584/,高楼层(共40层),2015年建,4室1厅,124平米,东南西南,13,27天前发布
748,比华利国际城三期*装修套三有钥匙方便看房,https://cd.ke.com/ershoufang/20021417710100111951.html,比华利国际城三期,https://cd.ke.com/xiaoqu/3011053478981/,中楼层(共22层),2014年建,3室1厅,79.21平米,东南,21,27天前发布
749,改善套二，户型方正，客厅带大阳台,https://cd.ke.com/ershoufang/20021417710100110831.html,锦江城市花园一期,https://cd.ke.com/xiaoqu/1611041539854/,中楼层(共34层),2009年建,2室1厅,89.4平米,西北,24,27天前发布
750,塔子山地铁口+精装套三+对中庭安静舒适+从未住人,https://cd.ke.com/ershoufang/20021417710100108519.html,塔子山壹号,https://cd.ke.com/xiaoqu/1611058895651/,高楼层(共34层),2015年建,3室1厅,95.92平米,南北,17,27天前发布
751,东方阳光城b区标准套一户型方正客厅带阳台,https://cd.ke.com/ershoufang/20021417710100106538.html,东方阳光城B区,https://cd.ke.com/xiaoqu/3011052689350/,中楼层(共6层),2005年建,1室1厅,40.45平米,南,49,27天前发布
752,华熙528盈都标准套二毛培房户型方正,https://cd.ke.com/ershoufang/20021417710100104217.html,华熙528艺术村盈都,https://cd.ke.com/xiaoqu/1620028588386981/,高楼层(共32层)2室2厅,80平米,东,,,0,27天前发布
753,精装小套三地铁口塔子山壹号急售,https://cd.ke.com/ershoufang/20021417710100102566.html,塔子山壹号,https://cd.ke.com/xiaoqu/1611058895651/,低楼层(共34层),2015年建,3室1厅,82.22平米,南北,33,27天前发布
754,万科金色城市标准套二精装修,https://cd.ke.com/ershoufang/20021417710100101625.html,万科金色城市,https://cd.ke.com/xiaoqu/1611064018200/,高楼层(共35层),2015年建,2室1厅,72平米,东南,3,27天前发布
755,澳龙名城1室0厅东南,https://cd.ke.com/ershoufang/20021417710100101594.html,澳龙名城,https://cd.ke.com/xiaoqu/1611041481744/,地下室(共1层),2009年建,1室0厅,31.23平米,东南,0,27天前发布
756,清水小套二，房子安静交通便利。,https://cd.ke.com/ershoufang/20021317710100118991.html,四川省农科院宿舍(成龙路),https://cd.ke.com/xiaoqu/1620031482508485/,高楼层(共5层)2室1厅,61.69平米,南西南北,,,0,28天前发布
757,牛市口地铁，一楼带花园的套二。,https://cd.ke.com/ershoufang/20021317710100116160.html,水碾河路6号,https://cd.ke.com/xiaoqu/1611043142374/,低楼层(共6层),1995年建,2室1厅,63.88平米,南,4,28天前发布
758,澳龙名城2室1厅东北,https://cd.ke.com/ershoufang/20021317710100111116.html,澳龙名城,https://cd.ke.com/xiaoqu/1611041481744/,中楼层(共16层),2009年建,2室1厅,80.87平米,东北,2,28天前发布
759,此房标准套三户型方正彩光视野好,https://cd.ke.com/ershoufang/20021317710100108579.html,领域,https://cd.ke.com/xiaoqu/1611061091843/,低楼层(共6层),2005年建,3室2厅,101平米,南北,0,28天前发布
760,西丁字街3号2室1厅南,https://cd.ke.com/ershoufang/20021217710100115512.html,西丁字街3号,https://cd.ke.com/xiaoqu/3011054674828/,中楼层(共8层),1999年建,2室1厅,77.39平米,南,5,29天前发布
761,锦江二环内电梯小高层精装套一满五唯一,https://cd.ke.com/ershoufang/20021217710100109842.html,国润新锦江,https://cd.ke.com/xiaoqu/1611041547324/,高楼层(共13层),2005年建,1室1厅,49.34平米,东北,2,29天前发布
762,华宇套二，精装自住装修，看公园，位置安静,https://cd.ke.com/ershoufang/20021217710100109369.html,华宇广场,https://cd.ke.com/xiaoqu/1611062702646/,中楼层(共31层),2017年建,2室1厅,74.89平米,西南,2,29天前发布
763,绿地468云玺四期3室2厅东南,https://cd.ke.com/ershoufang/20021117710100124257.html,绿地468云玺四期,https://cd.ke.com/xiaoqu/1613470195003830/,中楼层(共39层),2015年建,3室2厅,107.32平米,东南,5,30天前发布
764,王家坝街23号1室1厅南,https://cd.ke.com/ershoufang/20021117710100122062.html,王家坝街23号,https://cd.ke.com/xiaoqu/168438230822110/,低楼层(共6层),1999年建,1室1厅,45平米,南,0,30天前发布
765,致瑞雅苑B区4室2厅南,https://cd.ke.com/ershoufang/20021117710100121942.html,致瑞雅苑B区,https://cd.ke.com/xiaoqu/168480461959337/,中楼层(共28层),2015年建,4室2厅,153.63平米,南,4,30天前发布
766,绿地468云玺五期3室1厅东南,https://cd.ke.com/ershoufang/20021117710100120169.html,绿地468云玺五期,https://cd.ke.com/xiaoqu/1620026673981109/,低楼层(共39层),2016年建,3室1厅,89.5平米,东南,0,30天前发布
767,多层套三，实际面积大，满两年，无增值税，双证齐全,https://cd.ke.com/ershoufang/20021117710100119912.html,福字街1号,https://cd.ke.com/xiaoqu/1611099497630/,中楼层(共7层)3室1厅,80.93平米,东南,,,0,30天前发布
768,住家套三，有家具家电，厨房带转角生活阳台,https://cd.ke.com/ershoufang/20021117710100110619.html,华韵天府,https://cd.ke.com/xiaoqu/1611047922039/,高楼层(共39层),2013年建,3室1厅,70.12平米,西北,0,30天前发布
769,华宇广场1室0厅东南,https://cd.ke.com/ershoufang/20021117710100109737.html,华宇广场,https://cd.ke.com/xiaoqu/1611062702646/,高楼层(共18层),2017年建,1室0厅,49平米,东南,0,30天前发布
770,本房是金府花园套二单卫户型，精装修双地铁环境好。,https://cd.ke.com/ershoufang/20021117710100107461.html,金府花园,https://cd.ke.com/xiaoqu/1611043344612/,中楼层(共28层),2004年建,2室1厅,88.14平米,西,12,30天前发布
771,锦江国际套三出售，视野开阔，西南朝向，位置安静不吵,https://cd.ke.com/ershoufang/20021117710100106635.html,锦江国际花园,https://cd.ke.com/xiaoqu/1611062710807/,高楼层(共42层),2016年建,3室2厅,84.09平米,西南,1,30天前发布
772,低楼层带平台出行方便简单装修,https://cd.ke.com/ershoufang/20021117710100104798.html,锦江城市花园一期,https://cd.ke.com/xiaoqu/1611041539854/,低楼层(共34层),2009年建,2室1厅,89平米,北,4,30天前发布
773,房屋精装修保养很好，客厅带阳台。,https://cd.ke.com/ershoufang/20021017710100116014.html,卓锦城六期,https://cd.ke.com/xiaoqu/1611047075553/,高楼层(共31层),2014年建,3室1厅,89.65平米,东南,9,1月前发布
774,镏金岁月2室1厅北,https://cd.ke.com/ershoufang/20021017710100115655.html,镏金岁月,https://cd.ke.com/xiaoqu/1611041550235/,中楼层(共33层),2010年建,2室1厅,74.45平米,北,0,1月前发布
775,蜀都花园跃层套二，业主诚心出售,https://cd.ke.com/ershoufang/20021017710100108973.html,蜀都花园,https://cd.ke.com/xiaoqu/1611041540545/,高楼层(共20层),2003年建,2室2厅,95.04平米,东,4,1月前发布
776,尖东旺座二期1室1厅南,https://cd.ke.com/ershoufang/20021017710100109161.html,尖东旺座二期,https://cd.ke.com/xiaoqu/1611041550511/,高楼层(共15层),2004年建,1室1厅,43.89平米,南,8,1月前发布
777,澳龙名城3室1厅西北,https://cd.ke.com/ershoufang/20021017710100105973.html,澳龙名城,https://cd.ke.com/xiaoqu/1611041481744/,高楼层(共33层),2009年建,3室1厅,106.55平米,西北,6,1月前发布
778,住宅楼盘，房子现在在出租中，看房提前预约,https://cd.ke.com/ershoufang/20020917710100120458.html,皇城公寓,https://cd.ke.com/xiaoqu/1611059127976/,中楼层(共24层),2003年建,3室1厅,102.52平米,东南,2,1月前发布
779,SOHO我的寓所住家装修房间带阳台和飘窗,https://cd.ke.com/ershoufang/20020917710100116741.html,SOHO我的寓所,https://cd.ke.com/xiaoqu/1611041434822/,中楼层(共16层),2002年建,1室1厅,48.68平米,东南,0,1月前发布
780,锦江城市花园一期标准套二带大阳台,https://cd.ke.com/ershoufang/20020917710100115085.html,锦江城市花园一期,https://cd.ke.com/xiaoqu/1611041539854/,中楼层(共34层),2009年建,2室1厅,82.54平米,东南,2,1月前发布
781,锦江城市花园三期清水车位中型车位,https://cd.ke.com/ershoufang/20020917710100110487.html,锦江城市花园三期,https://cd.ke.com/xiaoqu/1611047140791/,地下室(共层)1室0厅,24.65平米,西,,,0,1月前发布
782,满五唯一标准套一拎包入住,https://cd.ke.com/ershoufang/20020917710100105230.html,东湖国际,https://cd.ke.com/xiaoqu/1611043090288/,中楼层(共33层),2012年建,1室1厅,57.2平米,东南,12,1月前发布
783,府河旁望江嘉苑一楼带花园标准套三双卫,https://cd.ke.com/ershoufang/20020917710100102318.html,望江嘉苑,https://cd.ke.com/xiaoqu/1611041529992/,低楼层(共6层),2003年建,3室2厅,114.74平米,西南,3,1月前发布
784,锦江区攀成钢上学好房实得面积大买套一得套二,https://cd.ke.com/ershoufang/20020817710100116623.html,镏金岁月,https://cd.ke.com/xiaoqu/1611041550235/,高楼层(共33层),2010年建,1室1厅,56.44平米,北,15,1月前发布
785,锦江明珠1室1厅南,https://cd.ke.com/ershoufang/20020817710100102161.html,锦江明珠,https://cd.ke.com/xiaoqu/1611041513765/,高楼层(共32层),2009年建,1室1厅,56.15平米,南,14,1月前发布
786,海桐三期1室1厅东南,https://cd.ke.com/ershoufang/20020817710100101830.html,海桐三期,https://cd.ke.com/xiaoqu/3011053375751/,低楼层(共22层),2014年建,1室1厅,46.63平米,东南,1,1月前发布
787,离公园近离地铁近，套二带车位，采光好，位置安静,https://cd.ke.com/ershoufang/20020817710100101045.html,致瑞雅苑B区,https://cd.ke.com/xiaoqu/168480461959337/,中楼层(共36层),2015年建,2室1厅,78.76平米,西南,8,1月前发布
788,海桐三期标准套一普通装修带转角阳台,https://cd.ke.com/ershoufang/20020717710100119318.html,海桐三期,https://cd.ke.com/xiaoqu/3011053375751/,高楼层(共24层),2014年建,1室1厅,46.5平米,东南,39,1月前发布
789,房子套二户型，装修房，中间楼层，采光充足,https://cd.ke.com/ershoufang/20020717710100110915.html,鑫苑名家二期,https://cd.ke.com/xiaoqu/1611047301096/,高楼层(共34层),2012年建,2室1厅,64平米,北南,1,1月前发布
790,东方桂苑2室1厅西,https://cd.ke.com/ershoufang/20020717710100110319.html,东方桂苑,https://cd.ke.com/xiaoqu/1611041478345/,高楼层(共11层),2006年建,2室1厅,59.94平米,西,1,1月前发布
791,惊现万科走廊带衣柜端头房,https://cd.ke.com/ershoufang/20020717710100109255.html,万科金润华府,https://cd.ke.com/xiaoqu/1611057882526/,中楼层(共35层),2012年建,2室1厅,67平米,东北,24,1月前发布
792,房子满两年了，简装，户型方正，视野采光不错,https://cd.ke.com/ershoufang/20020717710100104887.html,鑫苑名家二期,https://cd.ke.com/xiaoqu/1611047301096/,高楼层(共34层),2012年建,2室2厅,81.25平米,南北,11,1月前发布
793,满五唯一南北通透地鉄300米可上屋顶采光通风好,https://cd.ke.com/ershoufang/20020717710100104188.html,爱丁郡院,https://cd.ke.com/xiaoqu/3011053555256/,高楼层(共18层),2009年建,3室2厅,113.53平米,南北,41,1月前发布
794,金茂苑优质套二户型，对中庭安静舒适,https://cd.ke.com/ershoufang/20020717710100102770.html,金茂苑(锦江),https://cd.ke.com/xiaoqu/3011053880300/,中楼层(共7层),2003年建,2室1厅,90.34平米,西南,0,1月前发布
795,华都美林湾套三大横厅采光好,https://cd.ke.com/ershoufang/20020717710100100265.html,华都美林湾,https://cd.ke.com/xiaoqu/1611043094092/,高楼层(共33层),2012年建,3室2厅,132.76平米,西南东北,4,1月前发布
796,套三单卫装修房拎包入住客厅带阳台,https://cd.ke.com/ershoufang/20020617710100120518.html,卓锦城五期,https://cd.ke.com/xiaoqu/1611047075758/,低楼层(共29层),2012年建,3室1厅,86.13平米,东北,3,1月前发布
797,绿地468公馆三期3室1厅南,https://cd.ke.com/ershoufang/20020617710100119290.html,绿地468公馆三期,https://cd.ke.com/xiaoqu/167305930748357/,中楼层(共29层),2015年建,3室1厅,88.62平米,南,1,1月前发布
798,四海逸家产权车位，标准车位，位置方便,https://cd.ke.com/ershoufang/20020617710100117198.html,融创四海逸家,https://cd.ke.com/xiaoqu/1611100689584/,地下室(共层)1室0厅,27.9平米,东,,,0,1月前发布
799,2013年电梯小高层标准套二实得面积大,https://cd.ke.com/ershoufang/20020617710100111763.html,沙河上二期,https://cd.ke.com/xiaoqu/1611060729057/,中楼层(共15层),2013年建,2室1厅,71.97平米,东南,3,1月前发布
800,锦江城市花园二期中间楼层对中庭,https://cd.ke.com/ershoufang/20020617710100109075.html,锦江城市花园二期,https://cd.ke.com/xiaoqu/1611041538906/,低楼层(共34层),2010年建,2室1厅,51.15平米,西南,31,1月前发布
801,户型方正，客厅带阳台，视野开阔,https://cd.ke.com/ershoufang/20020617710100101847.html,ICC凯旋门,https://cd.ke.com/xiaoqu/1611877458128788/,高楼层(共43层),2018年建,3室2厅,133.72平米,北,4,1月前发布
802,瑞升望江橡树林三期3室1厅北东,https://cd.ke.com/ershoufang/20020617710100101778.html,瑞升望江橡树林三期,https://cd.ke.com/xiaoqu/1620042888152255/,高楼层(共39层),2017年建,3室1厅,96.28平米,北东,18,1月前发布
803,卓锦城四期（千树郡）房源情况简单介绍,https://cd.ke.com/ershoufang/20020517710100121594.html,卓锦城四期,https://cd.ke.com/xiaoqu/1611047075462/,高楼层(共24层),2010年建,2室2厅,88.47平米,东北,10,1月前发布
804,锦江国际标准精装套三，保养很好。业主诚心。,https://cd.ke.com/ershoufang/20020517710100121197.html,锦江国际花园,https://cd.ke.com/xiaoqu/1611062710807/,中楼层(共34层),2016年建,3室2厅,84.69平米,东,9,1月前发布
805,锦馨家园套二业主自住装修户型方正,https://cd.ke.com/ershoufang/20020517710100120543.html,锦馨家园A区,https://cd.ke.com/xiaoqu/3011052683437/,高楼层(共18层),2006年建,2室2厅,85.36平米,东南,5,1月前发布
806,沙河壹号精装套三户型方正采光好,https://cd.ke.com/ershoufang/20020517710100113768.html,沙河壹号二期,https://cd.ke.com/xiaoqu/3011053579030/,中楼层(共34层),2013年建,3室2厅,84.44平米,东,0,1月前发布
807,人居锦尚春天西南朝向安静套三急售,https://cd.ke.com/ershoufang/20020517710100109514.html,人居锦尚春天A区,https://cd.ke.com/xiaoqu/168800539259516/,高楼层(共34层)3室2厅,89.38平米,西南,,,56,1月前发布
808,！！！主卧带衣帽间，对公园，安静视野好,https://cd.ke.com/ershoufang/20020517710100106020.html,万科金润华府,https://cd.ke.com/xiaoqu/1611057882526/,低楼层(共35层),2012年建,2室2厅,64.87平米,西南,1,1月前发布
809,卓锦城四期2室1厅西南,https://cd.ke.com/ershoufang/20020517710100101448.html,卓锦城四期,https://cd.ke.com/xiaoqu/1611047075462/,中楼层(共24层),2010年建,2室1厅,89.89平米,西南,0,1月前发布
810,上东家园标准套二户型，采光好，空间大,https://cd.ke.com/ershoufang/20020517710100101241.html,上东家园,https://cd.ke.com/xiaoqu/3011053437765/,高楼层(共6层),2006年建,2室1厅,76.87平米,南北,0,1月前发布
811,精装套二，采光足，配套设施完善，交通便利，满五唯一,https://cd.ke.com/ershoufang/20020417710100123786.html,锦江城市花园一期,https://cd.ke.com/xiaoqu/1611041539854/,中楼层(共34层),2009年建,2室1厅,51.75平米,东南,0,1月前发布
812,俊发星雅俊园2室1厅南,https://cd.ke.com/ershoufang/20020417710100121595.html,俊发星雅俊园,https://cd.ke.com/xiaoqu/1611060973372/,高楼层(共33层),2015年建,2室1厅,69.65平米,南,7,1月前发布
813,万达旁爱家丽苑满2年精装修套二价格可谈业主诚心出售,https://cd.ke.com/ershoufang/20020417710100119127.html,爱家丽苑,https://cd.ke.com/xiaoqu/3011054116683/,低楼层(共11层),2004年建,2室2厅,87.55平米,东南,15,1月前发布
814,锦江区沙河边次新房满二年对中庭环境好,https://cd.ke.com/ershoufang/20020417710100113872.html,望江锦园,https://cd.ke.com/xiaoqu/1611058001960/,低楼层(共33层),2014年建,3室2厅,93.1平米,东北,26,1月前发布
815,绿地锦天府3室2厅南,https://cd.ke.com/ershoufang/20020417710100110526.html,绿地锦天府,https://cd.ke.com/xiaoqu/1611047571588/,中楼层(共30层),2014年建,3室2厅,270.98平米,南,7,1月前发布
816,蓝谷地三四期2室2厅东南,https://cd.ke.com/ershoufang/20020417710100103145.html,蓝谷地三四期,https://cd.ke.com/xiaoqu/3011053385423/,高楼层(共13层),2008年建,2室2厅,90.38平米,东南,1,1月前发布
817,粼江峰阁3室1厅东南,https://cd.ke.com/ershoufang/20020417710100101134.html,粼江峰阁,https://cd.ke.com/xiaoqu/1611041574572/,中楼层(共29层),2006年建,3室1厅,147.95平米,东南,1,1月前发布
818,俊发星雅俊园1室1厅南,https://cd.ke.com/ershoufang/20020317710100113299.html,俊发星雅俊园,https://cd.ke.com/xiaoqu/1611060973372/,低楼层(共37层),2015年建,1室1厅,37.85平米,南,0,1月前发布
819,红星路跃层，明厨明卫带花园，采光好。,https://cd.ke.com/ershoufang/20020317710100112680.html,天涯庭苑,https://cd.ke.com/xiaoqu/3011053674847/,高楼层(共18层),2006年建,4室2厅,163.92平米,南,2,1月前发布
820,装修套二带阳台，中间楼层对中庭，采光好，看房方便,https://cd.ke.com/ershoufang/20020317710100110850.html,卓锦城二期,https://cd.ke.com/xiaoqu/1611047071451/,低楼层(共24层),2008年建,2室1厅,95.12平米,南,1,1月前发布
821,业主急售万科金润华府套三双卫精装修,https://cd.ke.com/ershoufang/20020317710100110474.html,万科金润华府,https://cd.ke.com/xiaoqu/1611057882526/,低楼层(共35层),2012年建,3室1厅,88平米,东南,15,1月前发布
822,首开龙湖天璞3室2厅南北,https://cd.ke.com/ershoufang/20020317710100109699.html,首开龙湖天璞,https://cd.ke.com/xiaoqu/1620025266079208/,低楼层(共30层),2020年建,3室2厅,73平米,南北,1,1月前发布
823,绿地468云玺五期2室1厅东北,https://cd.ke.com/ershoufang/20020317710100109055.html,绿地468云玺五期,https://cd.ke.com/xiaoqu/1620026673981109/,高楼层(共39层)2室1厅,77.23平米,东北,,,0,1月前发布
824,精装修套二，带中央空调，带家具家电,https://cd.ke.com/ershoufang/20020317710100108117.html,ICC凯旋门,https://cd.ke.com/xiaoqu/1611877458128788/,低楼层(共43层),2018年建,2室2厅,90平米,西南,4,1月前发布
825,房东很诚心优质好房正在装修中,https://cd.ke.com/ershoufang/20020317710100104223.html,环球汇蔚然,https://cd.ke.com/xiaoqu/1620025408694359/,低楼层(共35层),2019年建,1室1厅,34平米,东南,3,1月前发布
826,金融城三期旁中港套二业主诚心出售,https://cd.ke.com/ershoufang/20020317710100103618.html,中港悦蓉府,https://cd.ke.com/xiaoqu/1614826032083808/,高楼层(共34层),2013年建,2室2厅,70.3平米,北,32,1月前发布
827,满二高楼层套三，视野好，近地铁,https://cd.ke.com/ershoufang/20020317710100100764.html,华润幸福里二期,https://cd.ke.com/xiaoqu/1611060836544/,高楼层(共32层),2015年建,3室2厅,89.11平米,东南,15,1月前发布
828,"华润凯旋天地，套三单卫,采光好,视野开阔",https://cd.ke.com/ershoufang/20020217710100107639.html,华润凯旋天地,https://cd.ke.com/xiaoqu/1611063461001/,低楼层(共33层),2015年建,3室1厅,78.39平米,东南,6,1月前发布
829,新莲馨套二，顶楼带花园，看房方便,https://cd.ke.com/ershoufang/20020217710100106449.html,新莲馨,https://cd.ke.com/xiaoqu/1611041885136/,高楼层(共6层),2004年建,2室1厅,83.82平米,东南,0,1月前发布
830,塔子山壹号4室2厅西南,https://cd.ke.com/ershoufang/20020217710100105190.html,塔子山壹号,https://cd.ke.com/xiaoqu/1611058895651/,低楼层(共33层),2015年建,4室2厅,159.23平米,西南,1,1月前发布
831,业主自住，比较犹豫，看疫情过后的市场，再决定调价,https://cd.ke.com/ershoufang/20020217710100103416.html,莲花逸都,https://cd.ke.com/xiaoqu/1611041521442/,中楼层(共34层),2009年建,2室2厅,85.9平米,东南,0,1月前发布
832,华润凯旋天地2室1厅东南,https://cd.ke.com/ershoufang/20020217710100102997.html,华润凯旋天地,https://cd.ke.com/xiaoqu/1611063461001/,低楼层(共26层),2015年建,2室1厅,59.84平米,东南,4,1月前发布
833,鑫苑名家二期对中庭套二满两年精装修,https://cd.ke.com/ershoufang/20020217710100102081.html,鑫苑名家二期,https://cd.ke.com/xiaoqu/1611047301096/,中楼层(共34层),2012年建,2室1厅,64.62平米,东南,0,1月前发布
834,上海东韵2室1厅南,https://cd.ke.com/ershoufang/20020217710100101329.html,上海东韵,https://cd.ke.com/xiaoqu/1611043073259/,高楼层(共30层),2012年建,2室1厅,82.95平米,南,1,1月前发布
835,莲花新区，标准套三，户型方正，,https://cd.ke.com/ershoufang/20020217710100101268.html,莲花新区,https://cd.ke.com/xiaoqu/1611041519968/,中楼层(共7层),2002年建,3室1厅,98.24平米,东南,1,1月前发布
836,上东锦城B区2室1厅东北,https://cd.ke.com/ershoufang/20020117710100106770.html,上东锦城B区,https://cd.ke.com/xiaoqu/3011053450322/,中楼层(共18层),2008年建,2室1厅,86.19平米,东北,2,1月前发布
837,绿地468三期，清水套三对小区中庭，户型方正,https://cd.ke.com/ershoufang/20020117710100102359.html,绿地468公馆三期,https://cd.ke.com/xiaoqu/167305930748357/,中楼层(共25层),2015年建,3室1厅,89平米,西南,8,1月前发布
838,套三双卫，带家具家电出售，看房预约,https://cd.ke.com/ershoufang/20013117710100108290.html,华宇嘉苑,https://cd.ke.com/xiaoqu/1620030213049725/,中楼层(共30层)3室2厅,130.77平米,东南,,,15,1月前发布
839,锦江区三环内商品房小高层标准套二,https://cd.ke.com/ershoufang/20013117710100105956.html,紫东梵谷,https://cd.ke.com/xiaoqu/3011053393070/,低楼层(共18层),2007年建,2室1厅,78.7平米,东南,2,1月前发布
840,盐市口天府广场旁2楼套4多层141.95平米,https://cd.ke.com/ershoufang/20013117710100105698.html,新光华街9号,https://cd.ke.com/xiaoqu/3011052263163/,低楼层(共6层),2000年建,4室1厅,141.95平米,南,5,1月前发布
841,茂业豪园1室1厅东北,https://cd.ke.com/ershoufang/20013117710100101973.html,茂业豪园,https://cd.ke.com/xiaoqu/1620029784227984/,低楼层(共22层)1室1厅,34.9平米,东北,,,0,1月前发布
842,绿地468四期套三双卫，精装修房，客厅带阳台,https://cd.ke.com/ershoufang/20013017710100102879.html,绿地468云玺四期,https://cd.ke.com/xiaoqu/1613470195003830/,高楼层(共39层),2015年建,3室2厅,107.91平米,南,3,1月前发布
843,天涯石红星国际带阳台双面采光,https://cd.ke.com/ershoufang/20013017710100101423.html,红星国际,https://cd.ke.com/xiaoqu/1611059130055/,低楼层(共31层),2012年建,1室0厅,51.97平米,南,1,1月前发布
844,塔子山精装套四，通透户型，安静不吵,https://cd.ke.com/ershoufang/20012917710100101773.html,塔子山壹号,https://cd.ke.com/xiaoqu/1611058895651/,低楼层(共33层),2015年建,4室1厅,138.71平米,东,21,1月前发布
845,绿地468公馆二期居家装修套三！！！,https://cd.ke.com/ershoufang/20012717710100100338.html,绿地468公馆二期,https://cd.ke.com/xiaoqu/1611100276106/,中楼层(共33层),2015年建,3室2厅,89平米,北东北,2,1月前发布
846,乐天圣苑4室1厅东南,https://cd.ke.com/ershoufang/20012617710100100593.html,乐天圣苑,https://cd.ke.com/xiaoqu/1611064002806/,高楼层(共40层),2017年建,4室1厅,136平米,东南,1,1月前发布
847,锦江城市花园二期居家装修套二,https://cd.ke.com/ershoufang/20012517710100100217.html,锦江城市花园二期,https://cd.ke.com/xiaoqu/1611041538906/,低楼层(共34层),2010年建,2室1厅,50.05平米,西北,18,1月前发布
848,城市理想1室0厅东,https://cd.ke.com/ershoufang/20012217710100102381.html,城市理想,https://cd.ke.com/xiaoqu/1611059198261/,高楼层(共28层),2010年建,1室0厅,42.37平米,东,0,1月前发布
849,锦江区大观地铁站旁锦江国际花园优质小套二,https://cd.ke.com/ershoufang/20012117710100108681.html,锦江国际花园,https://cd.ke.com/xiaoqu/1611062710807/,低楼层(共34层),2016年建,2室1厅,72.41平米,东南,2,1月前发布
850,华宇广场2室2厅西北,https://cd.ke.com/ershoufang/20012017710100122480.html,华宇广场,https://cd.ke.com/xiaoqu/1611062702646/,低楼层(共18层),2017年建,2室2厅,49平米,西北,3,1月前发布
851,财富中心2室1厅北,https://cd.ke.com/ershoufang/20012017710100120858.html,财富中心,https://cd.ke.com/xiaoqu/3011054635711/,中楼层(共30层),2005年建,2室1厅,60.21平米,北,23,1月前发布
852,华熙528盈都标准套二精装修户型方正,https://cd.ke.com/ershoufang/20012017710100120528.html,华熙528艺术村盈都,https://cd.ke.com/xiaoqu/1620028588386981/,高楼层(共32层)2室1厅,80平米,东南东北,,,4,1月前发布
853,万科城市花园标间有电梯不临街生活便利,https://cd.ke.com/ershoufang/20012017710100119246.html,万科城市花园,https://cd.ke.com/xiaoqu/1611057879617/,高楼层(共11层),2007年建,1室0厅,50.64平米,东南,1,1月前发布
854,此房满两年无增值税，户型通透，位置安静，采光好,https://cd.ke.com/ershoufang/20012017710100118529.html,蓝谷地一二期,https://cd.ke.com/xiaoqu/1611057996834/,低楼层(共11层),2006年建,3室2厅,120.31平米,东南,0,1月前发布
855,鑫苑名家一期优质套一哟走过路过不要错过看看不要钱。,https://cd.ke.com/ershoufang/20012017710100114257.html,鑫苑名家一期,https://cd.ke.com/xiaoqu/1611043165264/,中楼层(共35层),2011年建,1室0厅,41.09平米,东北,4,1月前发布
856,鑫苑名家一期优质套一优秀经纪人在线为您讲房哈哈,https://cd.ke.com/ershoufang/20012017710100114177.html,鑫苑名家一期,https://cd.ke.com/xiaoqu/1611043165264/,中楼层(共35层),2011年建,1室0厅,40.65平米,东北,2,1月前发布
857,上海东韵2室1厅北,https://cd.ke.com/ershoufang/20012017710100112013.html,上海东韵,https://cd.ke.com/xiaoqu/1611043073259/,高楼层(共32层),2012年建,2室1厅,68.25平米,北,3,1月前发布
858,四海逸家二期对中庭中间楼层有装修东南朝向,https://cd.ke.com/ershoufang/20012017710100110133.html,四海逸家二期,https://cd.ke.com/xiaoqu/1611043076880/,低楼层(共34层),2013年建,4室2厅,124平米,东南,0,1月前发布
859,精装修并且保养好，对中庭安静。,https://cd.ke.com/ershoufang/20012017710100107631.html,华都美林湾,https://cd.ke.com/xiaoqu/1611043094092/,中楼层(共30层),2012年建,2室2厅,89.66平米,东南,16,1月前发布
860,康郡精装套三带阳台采光好无噪音交通方便,https://cd.ke.com/ershoufang/20012017710100101545.html,康郡,https://cd.ke.com/xiaoqu/3011053459346/,低楼层(共11层),2007年建,3室1厅,125.88平米,西南,6,1月前发布
861,居家装修套二户型方正随时可看,https://cd.ke.com/ershoufang/20011917710100137948.html,鑫苑名家二期,https://cd.ke.com/xiaoqu/1611047301096/,高楼层(共34层),2012年建,2室1厅,64.41平米,西南,1,1月前发布
862,河景两居室，带地暖，有钥匙可以预约看房。,https://cd.ke.com/ershoufang/20011917710100131145.html,都会风尚,https://cd.ke.com/xiaoqu/1611041510720/,中楼层(共32层),2009年建,2室1厅,89.1平米,西南,2,1月前发布
863,住家套二装修保养好户型方正视野开阔,https://cd.ke.com/ershoufang/20011917710100130995.html,经典坐标,https://cd.ke.com/xiaoqu/1611061036632/,中楼层(共18层),2003年建,2室1厅,72平米,南,5,1月前发布
864,精装套三，中间楼层，采光好。户型方正。,https://cd.ke.com/ershoufang/20011917710100130381.html,海棠佳苑,https://cd.ke.com/xiaoqu/169894157102319/,中楼层(共32层)3室1厅,87.94平米,南,,,0,1月前发布
865,鑫苑名家二期简装套二，高楼层，带阳台,https://cd.ke.com/ershoufang/20011917710100127781.html,鑫苑名家二期,https://cd.ke.com/xiaoqu/1611047301096/,中楼层(共40层),2012年建,2室1厅,85.61平米,东南,0,1月前发布
866,万科金色城市2室2厅东北,https://cd.ke.com/ershoufang/20011917710100124836.html,万科金色城市,https://cd.ke.com/xiaoqu/1611064018200/,中楼层(共27层)2室2厅,72.57平米,东北,,,4,1月前发布
867,华都美林湾装修三居室，家电家具齐全,https://cd.ke.com/ershoufang/20011917710100121999.html,华都美林湾,https://cd.ke.com/xiaoqu/1611043094092/,高楼层(共28层),2012年建,4室1厅,139.66平米,东南,1,1月前发布
868,中新街60号2室1厅东,https://cd.ke.com/ershoufang/20011917710100117683.html,中新街60号,https://cd.ke.com/xiaoqu/1613305835434659/,高楼层(共7层),1994年建,2室1厅,81.6平米,东,5,1月前发布
869,梨花街1号2室1厅东,https://cd.ke.com/ershoufang/20011917710100107039.html,梨花街1号,https://cd.ke.com/xiaoqu/1611062334263/,低楼层(共7层),1989年建,2室1厅,68.46平米,东,13,1月前发布
870,橡树林一期套三双卫，正对中庭安静不吵,https://cd.ke.com/ershoufang/20011917710100106333.html,望江橡树林一期,https://cd.ke.com/xiaoqu/1611041736706/,低楼层(共34层),2009年建,3室1厅,113平米,北,5,1月前发布
871,梨花街1号3室1厅北,https://cd.ke.com/ershoufang/20011917710100106091.html,梨花街1号,https://cd.ke.com/xiaoqu/1611062334263/,高楼层(共7层),1989年建,3室1厅,86.68平米,北,3,1月前发布
872,东方新城一期1室0厅东,https://cd.ke.com/ershoufang/20011817710100145385.html,东方新城一期,https://cd.ke.com/xiaoqu/1611041509062/,中楼层(共12层),2007年建,1室0厅,37.17平米,东,0,1月前发布
873,东湖国际精装跃层套三，诚心出售,https://cd.ke.com/ershoufang/20011817710100142481.html,东湖国际,https://cd.ke.com/xiaoqu/1611043090288/,中楼层(共33层),2012年建,3室2厅,89平米,东南,8,1月前发布
874,翡翠城二期对中庭安静标准套三。,https://cd.ke.com/ershoufang/20011817710100138610.html,翡翠城二期,https://cd.ke.com/xiaoqu/1611043129257/,低楼层(共22层),2006年建,3室2厅,152.77平米,东南,5,1月前发布
875,九眼桥套三满五带屋顶大花园储藏室地下车位精装,https://cd.ke.com/ershoufang/20011817710100138114.html,蜀光新城二期,https://cd.ke.com/xiaoqu/1611042038605/,高楼层(共18层),2009年建,3室1厅,96.13平米,东北,9,1月前发布
876,四海逸家中间楼层标准套四居家装修直接入住,https://cd.ke.com/ershoufang/20011817710100135888.html,四海逸家二期,https://cd.ke.com/xiaoqu/1611043076880/,高楼层(共34层),2013年建,4室2厅,87.45平米,西北,2,1月前发布
877,俊发星雅俊园1室1厅东南,https://cd.ke.com/ershoufang/20011817710100125429.html,俊发星雅俊园,https://cd.ke.com/xiaoqu/1611060973372/,高楼层(共20层),2015年建,1室1厅,41平米,东南,0,1月前发布
878,锦江国际花园精装套三对中庭安静,https://cd.ke.com/ershoufang/20011817710100119015.html,锦江国际花园,https://cd.ke.com/xiaoqu/1611062710807/,高楼层(共42层),2016年建,3室1厅,84.09平米,东南,18,1月前发布
879,恒大中间楼层套三，自己居家装修保养好户型方正,https://cd.ke.com/ershoufang/20011817710100112427.html,恒大都汇华庭,https://cd.ke.com/xiaoqu/1611061104258/,中楼层(共50层),2015年建,3室1厅,128平米,东,6,1月前发布
880,翡翠城五期负一楼车位，随时可看,https://cd.ke.com/ershoufang/20011817710100106016.html,翡翠城五期,https://cd.ke.com/xiaoqu/1611043088693/,地下室(共层),2011年建,厅室未知,29.71平米,东南,0,1月前发布
881,万科金色城市装修套二高楼层看房方便,https://cd.ke.com/ershoufang/20011817710100103646.html,万科金色城市,https://cd.ke.com/xiaoqu/1611064018200/,中楼层(共35层),2015年建,2室2厅,72.05平米,西北,0,1月前发布
882,中新横街12号3室1厅东西,https://cd.ke.com/ershoufang/20011717710100180122.html,中新横街12号,https://cd.ke.com/xiaoqu/1616687696743384/,高楼层(共7层),1990年建,3室1厅,102.69平米,东西,0,1月前发布
883,比华利国际城标准套二单卫对中通安静随时看房,https://cd.ke.com/ershoufang/20011717710100179743.html,比华利国际城一期,https://cd.ke.com/xiaoqu/3011053484408/,低楼层(共26层),2008年建,2室2厅,96.99平米,东南,43,1月前发布
884,东洪广厦3室2厅东南,https://cd.ke.com/ershoufang/20011717710100178171.html,东洪广厦,https://cd.ke.com/xiaoqu/1611047641103/,中楼层(共32层),2013年建,3室2厅,88.06平米,东南,2,1月前发布
885,茂业豪园1室0厅南,https://cd.ke.com/ershoufang/20011717710100177534.html,茂业豪园,https://cd.ke.com/xiaoqu/1620029784227984/,中楼层(共22层)1室0厅,34.91平米,南,,,0,1月前发布
886,茂业豪园1室0厅南,https://cd.ke.com/ershoufang/20011717710100177299.html,茂业豪园,https://cd.ke.com/xiaoqu/1620029784227984/,中楼层(共22层)1室0厅,27.79平米,南,,,0,1月前发布
887,成都市锦江区牛王庙套二在售，有装修,https://cd.ke.com/ershoufang/20011717710100176346.html,晶蓝半岛二期,https://cd.ke.com/xiaoqu/1611041544330/,低楼层(共26层),2008年建,2室1厅,89平米,东,0,1月前发布
888,望江橡树林精装套一。可拎包入住,https://cd.ke.com/ershoufang/20011717710100174315.html,望江橡树林一期,https://cd.ke.com/xiaoqu/1611041736706/,中楼层(共34层),2009年建,1室1厅,53.4平米,东,4,1月前发布
889,东城拐下街房东诚心套二出售看房方便,https://cd.ke.com/ershoufang/20011717710100168835.html,东城拐下街29号,https://cd.ke.com/xiaoqu/1611060087741/,高楼层(共7层),1990年建,2室1厅,54.57平米,南北,0,1月前发布
890,星雅俊园精装修套三出售，朝西南对小区中庭,https://cd.ke.com/ershoufang/20011717710100168575.html,俊发星雅俊园,https://cd.ke.com/xiaoqu/1611060973372/,高楼层(共33层),2015年建,3室1厅,86.7平米,南,13,1月前发布
891,1.5环二号线牛市口地铁站套二单价低交通便利,https://cd.ke.com/ershoufang/20011717710100166847.html,水碾河路6号,https://cd.ke.com/xiaoqu/1611043142374/,中楼层(共6层)2室1厅,65.49平米,东,,,6,1月前发布
892,俊发星雅俊园1室1厅东南,https://cd.ke.com/ershoufang/20011717710100166725.html,俊发星雅俊园,https://cd.ke.com/xiaoqu/1611060973372/,中楼层(共37层),2015年建,1室1厅,40平米,东南,1,1月前发布
893,此房满两年，2016年装修，居家装修，自住，保养很好。,https://cd.ke.com/ershoufang/20011717710100163356.html,锦江城市花园三期,https://cd.ke.com/xiaoqu/1611047140791/,高楼层(共34层),2011年建,3室1厅,74.32平米,东南,0,1月前发布
894,万科金色城市精装修套三，满两年，对中庭,https://cd.ke.com/ershoufang/20011717710100159674.html,万科金色城市,https://cd.ke.com/xiaoqu/1611064018200/,中楼层(共35层),2016年建,3室2厅,86.67平米,东北,18,1月前发布
895,ICC天曜通透型套三双卫户型，精装修，满两年,https://cd.ke.com/ershoufang/20011717710100158766.html,ICC天曜,https://cd.ke.com/xiaoqu/1611063595516/,中楼层(共34层),2015年建,3室2厅,152.18平米,南北,5,1月前发布
896,卓锦城五期好房出售，装修保养不错,https://cd.ke.com/ershoufang/20011717710100153399.html,卓锦城五期,https://cd.ke.com/xiaoqu/1611047075758/,高楼层(共29层),2012年建,3室1厅,86.58平米,西北,0,1月前发布
897,太古里金府花园正规大套三主卧带阳台采光好看河景,https://cd.ke.com/ershoufang/20011717710100152568.html,金府花园,https://cd.ke.com/xiaoqu/1611043344612/,低楼层(共28层),2004年建,3室2厅,152.36平米,东南,1,1月前发布
898,锦蓉佳苑3室2厅东,https://cd.ke.com/ershoufang/20011717710100152142.html,锦蓉佳苑,https://cd.ke.com/xiaoqu/1611047607016/,中楼层(共32层),2014年建,3室2厅,97.8平米,东,2,1月前发布
899,嘉和园二期1室1厅东南,https://cd.ke.com/ershoufang/20011717710100151265.html,嘉和园二期,https://cd.ke.com/xiaoqu/3011053514186/,高楼层(共6层),2002年建,1室1厅,44.51平米,东南,4,1月前发布
900,东城美地温馨小套三，居家装修，随时可以拎包入住。,https://cd.ke.com/ershoufang/20011717710100150851.html,东城美地,https://cd.ke.com/xiaoqu/3011053220386/,高楼层(共34层)3室1厅,60.15平米,西南,,,45,1月前发布
901,户型方正，视野开阔，采光好无遮挡,https://cd.ke.com/ershoufang/20011717710100149299.html,经典坐标,https://cd.ke.com/xiaoqu/1611061036632/,高楼层(共18层),2003年建,2室1厅,79.42平米,东北,5,1月前发布
902,华宇广场1室1厅东南,https://cd.ke.com/ershoufang/20011717710100137372.html,华宇广场,https://cd.ke.com/xiaoqu/1611062702646/,高楼层(共17层),2017年建,1室1厅,56.77平米,东南,0,1月前发布
903,锦江区红星路一段+五昭路9号+小套三,https://cd.ke.com/ershoufang/20011717710100135210.html,五昭路9号,https://cd.ke.com/xiaoqu/1611059773690/,中楼层(共6层),1993年建,3室1厅,63.76平米,东南,5,1月前发布
904,精装套一，从未出租过，家具家电全新,https://cd.ke.com/ershoufang/20011717710100135196.html,蓝润V客东都二期,https://cd.ke.com/xiaoqu/1620027206841027/,高楼层(共35层),2017年建,1室1厅,23.48平米,西,0,1月前发布
905,精装套二在售，直接拎包入住。房东诚心出售,https://cd.ke.com/ershoufang/20011717710100134868.html,鑫苑名家二期,https://cd.ke.com/xiaoqu/1611047301096/,低楼层(共34层),2012年建,2室1厅,64.41平米,南,0,1月前发布
906,红星国际+满年年+小户型+带阳台,https://cd.ke.com/ershoufang/20011717710100117166.html,红星国际,https://cd.ke.com/xiaoqu/1611059130055/,中楼层(共31层),2012年建,1室0厅,40.54平米,西南,3,1月前发布
907,万科品质精装套三诚心出售,https://cd.ke.com/ershoufang/20011717710100109037.html,万科金润华府,https://cd.ke.com/xiaoqu/1611057882526/,低楼层(共35层),2012年建,3室1厅,73.82平米,南北,52,1月前发布
908,绿地468云玺四期清水套三,https://cd.ke.com/ershoufang/20011717710100108181.html,绿地468云玺四期,https://cd.ke.com/xiaoqu/1613470195003830/,高楼层(共40层),2015年建,3室2厅,89.12平米,东南,2,1月前发布
909,娇子一号清水套三楼层好位置安静,https://cd.ke.com/ershoufang/20011717710100105825.html,首创娇子1号,https://cd.ke.com/xiaoqu/166872826916790/,低楼层(共34层),2018年建,3室1厅,75平米,南,30,1月前发布
910,正成翡翠琉璃标准车位很好找的车位,https://cd.ke.com/ershoufang/20011717710100102190.html,正成翡翠琉璃,https://cd.ke.com/xiaoqu/3011052712988/,地下室(共层)1室0厅,29.58平米,南,,,0,1月前发布
911,锦华万达旁！标准套三！前后对中庭！,https://cd.ke.com/ershoufang/20011617710100306519.html,锦洲花园,https://cd.ke.com/xiaoqu/1611041541147/,高楼层(共6层),2004年建,3室1厅,81.99平米,西北,7,1月前发布
912,成都市锦江区一环路小套二在售，有装修,https://cd.ke.com/ershoufang/20011617710100211150.html,天紫界,https://cd.ke.com/xiaoqu/1611043058189/,低楼层(共55层),2011年建,2室2厅,57.93平米,东南,0,1月前发布
913,（带30平花园和储物间）大套二温馨婚房精装有庭院,https://cd.ke.com/ershoufang/20011617710100508890.html,水碾河南三街41号,https://cd.ke.com/xiaoqu/1611042505489/,低楼层(共7层),1990年建,2室1厅,42.91平米,南,42,1月前发布
914,采光好，视野好，交通便利楼下配套齐全,https://cd.ke.com/ershoufang/20011617710100210744.html,俊发星雅俊园,https://cd.ke.com/xiaoqu/1611060973372/,低楼层(共37层),2015年建,1室1厅,57平米,南,0,1月前发布
915,吉宝凌云峰阁套二诚心出售,https://cd.ke.com/ershoufang/20011617710100306092.html,吉宝凌云峰阁,https://cd.ke.com/xiaoqu/1611062923844/,中楼层(共28层),2015年建,2室1厅,76.98平米,西,28,1月前发布
916,此房装修和设计非常棒，空间利用率高，主卧带衣帽间,https://cd.ke.com/ershoufang/20011617710100505289.html,首创娇子1号,https://cd.ke.com/xiaoqu/166872826916790/,低楼层(共34层),2018年建,3室1厅,86平米,北,5,1月前发布
917,望江橡树林一期套一改套二实得大,https://cd.ke.com/ershoufang/20011617710100419050.html,望江橡树林一期,https://cd.ke.com/xiaoqu/1611041736706/,低楼层(共34层),2009年建,1室1厅,55.5平米,东,8,1月前发布
918,正成财富ID跃层，水电气三通.,https://cd.ke.com/ershoufang/20011617710100415515.html,正成财富ID,https://cd.ke.com/xiaoqu/1611041515481/,中楼层(共31层),2005年建,2室1厅,68.96平米,西,0,1月前发布
919,琉璃厂地铁口小套二，简单装修，中间楼层安静。,https://cd.ke.com/ershoufang/20011617710100209125.html,金象花园三期,https://cd.ke.com/xiaoqu/3011053572471/,中楼层(共6层),2003年建,2室1厅,59.91平米,南,26,1月前发布
920,鑫苑名家居家大套二，高楼层，对中庭,https://cd.ke.com/ershoufang/20011617710100412220.html,鑫苑名家一期,https://cd.ke.com/xiaoqu/1611043165264/,高楼层(共34层),2011年建,2室2厅,78.88平米,南北,2,1月前发布
921,一环内锦江区，08年电梯房，市二医院地铁口，近春熙路,https://cd.ke.com/ershoufang/20011617710100410297.html,萧邦,https://cd.ke.com/xiaoqu/1611059497834/,中楼层(共28层),2008年建,2室1厅,73.67平米,北东北,0,1月前发布
922,城市理想1室0厅东南,https://cd.ke.com/ershoufang/20011617710100407793.html,城市理想,https://cd.ke.com/xiaoqu/1611059198261/,高楼层(共28层),2010年建,1室0厅,38.34平米,东南,3,1月前发布
923,锦蓉佳苑精装修大套三双卫自住房屋,https://cd.ke.com/ershoufang/20011617710100121796.html,锦蓉佳苑,https://cd.ke.com/xiaoqu/1611047607016/,高楼层(共30层),2014年建,3室1厅,131.51平米,南,5,1月前发布
924,蓝谷地房子，套四双卫，户型方正。,https://cd.ke.com/ershoufang/20011617710100113114.html,领域,https://cd.ke.com/xiaoqu/1611061091843/,高楼层(共6层),2005年建,4室2厅,137.88平米,东,13,1月前发布
925,人居东御佲家精装修套四双卫朝南对小区中庭,https://cd.ke.com/ershoufang/20011617710100111736.html,东御佲家,https://cd.ke.com/xiaoqu/1611100029400/,低楼层(共30层),2017年建,4室2厅,137平米,东南,4,1月前发布
926,蓝润锦江春天东南朝向标准套三满两年诚意出售,https://cd.ke.com/ershoufang/20011617710100111490.html,蓝润锦江春天,https://cd.ke.com/xiaoqu/1611063394263/,低楼层(共28层),2016年建,3室1厅,69.92平米,东,45,1月前发布
927,牛市口地铁，中高楼层，全球第二座擎天半岛,https://cd.ke.com/ershoufang/20011617710100108729.html,九龙仓擎天半岛,https://cd.ke.com/xiaoqu/1611046960933/,中楼层(共40层),2013年建,3室2厅,222.5平米,东南,1,1月前发布
928,金融城三期旁中港套二业主诚心出售,https://cd.ke.com/ershoufang/20011617710100104397.html,中港悦蓉府,https://cd.ke.com/xiaoqu/1614826032083808/,低楼层(共34层),2013年建,3室2厅,90.31平米,东南,4,1月前发布
929,采光好，视野好，交通便利楼下配套齐全,https://cd.ke.com/ershoufang/20011617710100100335.html,俊发星雅俊园,https://cd.ke.com/xiaoqu/1611060973372/,高楼层(共37层),2015年建,1室1厅,28.03平米,东南,0,1月前发布
930,惊现！！华宇广场精装套三优质！,https://cd.ke.com/ershoufang/20011517710100156084.html,华宇广场,https://cd.ke.com/xiaoqu/1611062702646/,低楼层(共32层),2017年建,3室1厅,72平米,东北,194,1月前发布
931,阳光新业中心1室1厅西北,https://cd.ke.com/ershoufang/20011517710100155544.html,阳光新业中心,https://cd.ke.com/xiaoqu/1611063242484/,低楼层(共45层)1室1厅,70.25平米,西北,,,0,1月前发布
932,国嘉新视界精装套二VR看房很方便,https://cd.ke.com/ershoufang/20011517710100151285.html,国嘉新视界,https://cd.ke.com/xiaoqu/1611043132293/,高楼层(共32层),2009年建,2室1厅,67.5平米,东南,8,1月前发布
933,户型方正采光好，房屋简单装修保养好。,https://cd.ke.com/ershoufang/20011517710100146869.html,水碾河路6号,https://cd.ke.com/xiaoqu/1611043142374/,低楼层(共6层),1995年建,3室1厅,68.68平米,南,0,1月前发布
934,上东花园标准套三，户型方正，采光好,https://cd.ke.com/ershoufang/20011517710100145437.html,上东花园3组团,https://cd.ke.com/xiaoqu/3011053428099/,低楼层(共6层),2000年建,3室2厅,85.41平米,东,3,1月前发布
935,上东花园标准套三户型，户型方正，空间大,https://cd.ke.com/ershoufang/20011517710100144184.html,上东花园3组团,https://cd.ke.com/xiaoqu/3011053428099/,高楼层(共6层)3室2厅,85.41平米,西,,,3,1月前发布
936,尖东旺座一期套二出售居家装修养护良好,https://cd.ke.com/ershoufang/20011517710100142672.html,尖东旺座一期,https://cd.ke.com/xiaoqu/1611044656331/,中楼层(共17层),2004年建,2室1厅,81.66平米,东北,9,1月前发布
937,蜀都花园，精装套一直接入住，保养好！,https://cd.ke.com/ershoufang/20011517710100138210.html,蜀都花园,https://cd.ke.com/xiaoqu/1611041540545/,中楼层(共18层),2003年建,1室1厅,59.6平米,南,36,1月前发布
938,比华利国际城三期3室2厅东南,https://cd.ke.com/ershoufang/20011517710100132343.html,比华利国际城三期,https://cd.ke.com/xiaoqu/3011053478981/,低楼层(共33层),2014年建,3室2厅,91.52平米,东南,1,1月前发布
939,锦馨家园A区简装套一配套成熟,https://cd.ke.com/ershoufang/20011517710100132419.html,锦馨家园A区,https://cd.ke.com/xiaoqu/3011052683437/,高楼层(共18层),2006年建,1室1厅,51.28平米,东南,6,1月前发布
940,滨印象有装修联排别墅，一楼带花园，带车库。,https://cd.ke.com/ershoufang/20011517710100128556.html,河滨印象,https://cd.ke.com/xiaoqu/1611048064478/,低楼层(共3层),2003年建,4室2厅,239.24平米,西南,5,1月前发布
941,标准套二，装修保养好，小区环境好，可停车,https://cd.ke.com/ershoufang/20011517710100127261.html,昭忠祠街72号,https://cd.ke.com/xiaoqu/3011053681024/,中楼层(共7层),1998年建,2室2厅,88.08平米,东南,5,1月前发布
942,标准套三高楼层采光好对中庭带阳台,https://cd.ke.com/ershoufang/20011517710100126958.html,糍粑店街1号,https://cd.ke.com/xiaoqu/3011053914525/,高楼层(共7层),2000年建,3室1厅,105.29平米,南北,7,1月前发布
943,五福苑标准套二，主卧带有大阳台，采光好,https://cd.ke.com/ershoufang/20011517710100124612.html,五福苑(锦江),https://cd.ke.com/xiaoqu/1611062265603/,中楼层(共7层),1999年建,2室1厅,67.7平米,南,0,1月前发布
944,攀成钢改善四房对中庭安静精装自住保养好,https://cd.ke.com/ershoufang/20011517710100123810.html,天誉花园,https://cd.ke.com/xiaoqu/1611061049144/,低楼层(共31层),2016年建,4室2厅,179.11平米,东,22,1月前发布
945,套三带阳台，对中庭，临2000亩的市政公园,https://cd.ke.com/ershoufang/20011517710100118634.html,海棠佳苑,https://cd.ke.com/xiaoqu/169894157102319/,低楼层(共32层)3室2厅,88.52平米,东南,,,5,1月前发布
946,三环内带装修采光好可随时看房,https://cd.ke.com/ershoufang/20011517710100113282.html,蓝谷地天域,https://cd.ke.com/xiaoqu/3011053261179/,高楼层(共31层),2012年建,3室1厅,89.66平米,东北,8,1月前发布
947,阳光新业中心1室0厅东,https://cd.ke.com/ershoufang/20011517710100111379.html,阳光新业中心,https://cd.ke.com/xiaoqu/1611063242484/,低楼层(共45层)1室0厅,48.87平米,东,,,0,1月前发布
948,索尔龙舟1室0厅东南,https://cd.ke.com/ershoufang/20011517710100110775.html,索尔龙舟,https://cd.ke.com/xiaoqu/1611060961817/,高楼层(共34层),2012年建,1室0厅,36.01平米,东南,1,1月前发布
949,俊发星雅俊园1室1厅东东南,https://cd.ke.com/ershoufang/20011517710100106990.html,俊发星雅俊园,https://cd.ke.com/xiaoqu/1611060973372/,中楼层(共20层),2015年建,1室1厅,41.19平米,东东南,0,1月前发布
950,均隆街61号2室2厅西南西,https://cd.ke.com/ershoufang/20011517710100106077.html,均隆街61号,https://cd.ke.com/xiaoqu/1613786049686903/,低楼层(共16层)2室2厅,92平米,西南西,,,2,1月前发布
951,俊发星雅俊园1室1厅南,https://cd.ke.com/ershoufang/20011517710100101798.html,俊发星雅俊园,https://cd.ke.com/xiaoqu/1611060973372/,低楼层(共37层),2015年建,1室1厅,38.17平米,南,0,1月前发布
952,东洪广厦，精装套三，主卧带阳台，采光好,https://cd.ke.com/ershoufang/20011517710100101583.html,东洪广厦,https://cd.ke.com/xiaoqu/1611047641103/,高楼层(共33层),2013年建,3室1厅,92.2平米,东南,95,1月前发布
953,成龙花园跃层套四带花园出售，成龙花园！,https://cd.ke.com/ershoufang/20011517710100101445.html,成龙花园,https://cd.ke.com/xiaoqu/1611043127332/,高楼层(共6层),2005年建,4室2厅,121.92平米,东,9,1月前发布
954,皇后国际2室1厅北,https://cd.ke.com/ershoufang/20011417710100175753.html,皇后国际,https://cd.ke.com/xiaoqu/1611043134793/,中楼层(共33层),2009年建,2室1厅,68.36平米,北,9,1月前发布
955,海成大厦看府南河景大三居视野开阔,https://cd.ke.com/ershoufang/20011417710100175463.html,海成大厦,https://cd.ke.com/xiaoqu/1611043092235/,高楼层(共19层),2000年建,3室2厅,166.61平米,东南,0,1月前发布
956,邮电职业技术学院宿舍2室1厅东南,https://cd.ke.com/ershoufang/20011417710100175032.html,邮电职业技术学院宿舍,https://cd.ke.com/xiaoqu/1611060749002/,低楼层(共7层)2室1厅,48.32平米,东南,,,2,1月前发布
957,鑫苑名家二期，套二，有装修的房子,https://cd.ke.com/ershoufang/20011417710100173077.html,鑫苑名家二期,https://cd.ke.com/xiaoqu/1611047301096/,高楼层(共34层),2012年建,2室1厅,64.62平米,东南,0,1月前发布
958,房子户型方正，顶楼套一，明厨明卫,https://cd.ke.com/ershoufang/20011417710100171574.html,东方阳光城B区,https://cd.ke.com/xiaoqu/3011052689350/,高楼层(共6层),2005年建,1室1厅,43.4平米,南,38,1月前发布
959,华宇广场5.2米层高朝公园安静视野好,https://cd.ke.com/ershoufang/20011417710100170255.html,华宇广场,https://cd.ke.com/xiaoqu/1611062702646/,高楼层(共18层),2017年建,2室1厅,49平米,东南,0,1月前发布
960,此房满五不唯一，中间楼层，采光充足，配套实施齐全。,https://cd.ke.com/ershoufang/20011417710100162093.html,蓝光时代华章,https://cd.ke.com/xiaoqu/1611058922197/,高楼层(共15层),2003年建,1室0厅,37.15平米,东南,2,1月前发布
961,绿地468公馆一期102平横厅精装户型,https://cd.ke.com/ershoufang/20011417710100155744.html,绿地468公馆一期,https://cd.ke.com/xiaoqu/1611061071609/,低楼层(共33层),2015年建,3室1厅,101.88平米,西南,14,1月前发布
962,468二期装修套三横厅户型采光好户型方正,https://cd.ke.com/ershoufang/20011417710100153572.html,绿地468公馆二期,https://cd.ke.com/xiaoqu/1611100276106/,高楼层(共33层),2015年建,3室2厅,89.49平米,东南,4,1月前发布
963,时代华章中楼层采光好交通方便,https://cd.ke.com/ershoufang/20011417710100144196.html,蓝光时代华章,https://cd.ke.com/xiaoqu/1611058922197/,中楼层(共15层),2003年建,1室1厅,37.94平米,南,2,1月前发布
964,中港央湖名邸横厅套三，户型通透，对中庭安静不吵。,https://cd.ke.com/ershoufang/20011417710100141653.html,中港CCPARK,https://cd.ke.com/xiaoqu/166877044288575/,高楼层(共30层),2017年建,3室2厅,110.64平米,南,0,1月前发布
965,业主自住精装套三朝西南向带阳台,https://cd.ke.com/ershoufang/20011417710100139822.html,镏金岁月,https://cd.ke.com/xiaoqu/1611041550235/,中楼层(共33层),2010年建,3室2厅,105.6平米,西南,17,1月前发布
966,紫东梵谷套三单卫精装房子，低楼层安静不吵闹,https://cd.ke.com/ershoufang/20011417710100138846.html,紫东梵谷二期,https://cd.ke.com/xiaoqu/3011053390122/,低楼层(共11层),2009年建,3室1厅,104.04平米,南,11,1月前发布
967,东城印象小区3室2厅西南,https://cd.ke.com/ershoufang/20011417710100136973.html,东城印象小区,https://cd.ke.com/xiaoqu/1611063610252/,中楼层(共28层),2017年建,3室2厅,96.38平米,西南,5,1月前发布
968,春熙商汇广场+标间+春熙路+交通便利,https://cd.ke.com/ershoufang/20011417710100135298.html,春熙商汇广场,https://cd.ke.com/xiaoqu/1611059289725/,低楼层(共22层),2005年建,1室0厅,34.49平米,东,7,1月前发布
969,环球汇天誉，精装修，地段繁华，2号线300米,https://cd.ke.com/ershoufang/20011417710100132342.html,环球汇天誉,https://cd.ke.com/xiaoqu/1620029839814730/,中楼层(共29层)1室1厅,56平米,南,,,2,1月前发布
970,府河边，安静不临街，装修保养好，标准套二,https://cd.ke.com/ershoufang/20011417710100130785.html,东城拐下街1号,https://cd.ke.com/xiaoqu/1611060091944/,中楼层(共7层),1990年建,2室1厅,62.53平米,东南,5,1月前发布
971,精装套四改套三，可直接拎包入住，业主急售,https://cd.ke.com/ershoufang/20011417710100129688.html,上海东韵,https://cd.ke.com/xiaoqu/1611043073259/,中楼层(共30层),2012年建,3室2厅,128平米,南北,14,1月前发布
972,东润风景低楼层标准两居室明厨明卫,https://cd.ke.com/ershoufang/20011417710100125895.html,东润风景B区,https://cd.ke.com/xiaoqu/1611047729994/,低楼层(共6层),2005年建,2室2厅,82.58平米,南北,15,1月前发布
973,大户型套二，带屋顶花园，户型通透,https://cd.ke.com/ershoufang/20011417710100125671.html,西丁字街5号,https://cd.ke.com/xiaoqu/3011054676179/,高楼层(共7层),2000年建,2室1厅,108.6平米,东南,17,1月前发布
974,万达锦华城。70年住宅标间，不通气,https://cd.ke.com/ershoufang/20011417710100120966.html,万达锦华城,https://cd.ke.com/xiaoqu/1611041535054/,中楼层(共30层),2008年建,1室1厅,56.99平米,东北,6,1月前发布
975,地铁7号线琉璃厂站金象花园二期优质套三,https://cd.ke.com/ershoufang/20011417710100120716.html,金象花园二期,https://cd.ke.com/xiaoqu/3011053186472/,低楼层(共6层),2004年建,3室1厅,79.46平米,东北,31,1月前发布
976,户型方正，套二带小书房！！！！！！,https://cd.ke.com/ershoufang/20011417710100118360.html,皇后国际,https://cd.ke.com/xiaoqu/1611043134793/,中楼层(共32层),2009年建,2室1厅,72.19平米,东南,26,1月前发布
977,中粮鸿云位置安静的中间楼层套二,https://cd.ke.com/ershoufang/20011417710100116962.html,中粮鸿云,https://cd.ke.com/xiaoqu/1611063169008/,中楼层(共40层),2017年建,2室1厅,64.64平米,东南,0,1月前发布
978,城市花园优质刚需盘业主诚意寄售,https://cd.ke.com/ershoufang/20011417710100100795.html,锦江城市花园一期,https://cd.ke.com/xiaoqu/1611041539854/,中楼层(共34层),2009年建,2室1厅,51.75平米,东南,1,1月前发布
979,2014年电梯小高层，高楼层采光好，精装修。,https://cd.ke.com/ershoufang/20011317710100168620.html,沙河上二期,https://cd.ke.com/xiaoqu/1611060729057/,高楼层(共15层),2013年建,2室2厅,82.66平米,北,6,1月前发布
980,上海东韵1室0厅南,https://cd.ke.com/ershoufang/20011317710100158642.html,上海东韵,https://cd.ke.com/xiaoqu/1611043073259/,地下室(共层),2012年建,1室0厅,33.89平米,南,0,1月前发布
981,大户型，带大阳台，房东诚心出售,https://cd.ke.com/ershoufang/20011317710100157419.html,彩蝶花园,https://cd.ke.com/xiaoqu/1611061384284/,低楼层(共6层),2005年建,2室1厅,97.05平米,东,14,1月前发布
982,锦江区低楼层户型方正优质标准套一出售,https://cd.ke.com/ershoufang/20011317710100156264.html,三槐树路91号,https://cd.ke.com/xiaoqu/1611060039649/,中楼层(共5层),1998年建,1室1厅,46.27平米,南,25,1月前发布
983,翡翠城五期标准套四户型方正，视野开阔，,https://cd.ke.com/ershoufang/20011317710100155097.html,翡翠城五期,https://cd.ke.com/xiaoqu/1611043088693/,中楼层(共32层),2011年建,4室2厅,120.42平米,东南,10,1月前发布
984,此房满两年，出行方便，户型方正，对中庭、带生活阳台,https://cd.ke.com/ershoufang/20011317710100150391.html,红星国际,https://cd.ke.com/xiaoqu/1611059130055/,中楼层(共31层),2012年建,1室0厅,40.69平米,南,0,1月前发布
985,望江锦园次新小区沙河边上满二年东南向,https://cd.ke.com/ershoufang/20011317710100145838.html,望江锦园,https://cd.ke.com/xiaoqu/1611058001960/,低楼层(共33层),2014年建,2室1厅,73.27平米,东南,28,1月前发布
986,盐道街，标准套二，房东诚心出售,https://cd.ke.com/ershoufang/20011317710100144240.html,皇后国际,https://cd.ke.com/xiaoqu/1611043134793/,低楼层(共32层),2009年建,2室1厅,72.03平米,南,7,1月前发布
987,锦江区南三环三段精装套三双卫正对锦江看房随时联系,https://cd.ke.com/ershoufang/20011317710100144023.html,蓝光凯丽香江,https://cd.ke.com/xiaoqu/1611041618870/,低楼层(共42层),2009年建,3室2厅,99.81平米,西,5,1月前发布
988,阳光新业中心1室1厅南,https://cd.ke.com/ershoufang/20011317710100141633.html,阳光新业中心,https://cd.ke.com/xiaoqu/1611063242484/,高楼层(共45层)1室1厅,50.97平米,南,,,1,1月前发布
989,鑫苑名家一期中层套一带阳台户型,https://cd.ke.com/ershoufang/20011317710100136925.html,鑫苑名家一期,https://cd.ke.com/xiaoqu/1611043165264/,中楼层(共35层),2011年建,1室1厅,41平米,东北,0,1月前发布
990,康郡优质联排户型好带花园带车位,https://cd.ke.com/ershoufang/20011317710100136469.html,康郡,https://cd.ke.com/xiaoqu/3011053459346/,低楼层(共1层),2006年建,3室2厅,156.81平米,东,6,1月前发布
991,创意山优质房源，成熟的设施设备配套。,https://cd.ke.com/ershoufang/20011317710100131377.html,创意山,https://cd.ke.com/xiaoqu/1611063134459/,中楼层(共22层),2017年建,1室1厅,54.6平米,东,1,1月前发布
992,标准套二，户型通透，不临街小区安静无按揭无贷款,https://cd.ke.com/ershoufang/20011317710100131121.html,水碾河南三街18号,https://cd.ke.com/xiaoqu/1620026594119635/,高楼层(共7层)2室1厅,67平米,东南,,,1,1月前发布
993,牛市口钢五区一梯两户安静低楼层,https://cd.ke.com/ershoufang/20011317710100115573.html,钢管厂五区,https://cd.ke.com/xiaoqu/1611041510821/,中楼层(共7层)2室2厅,73.6平米,南,,,11,1月前发布
994,盐道街，南府街50号，精装套二,https://cd.ke.com/ershoufang/20011317710100114858.html,南府街50号,https://cd.ke.com/xiaoqu/1611061530527/,高楼层(共7层),1995年建,2室1厅,72.54平米,南,10,1月前发布
995,交大绿岭大套二，装修保养好，采光好。,https://cd.ke.com/ershoufang/20011317710100108616.html,交大绿岭一期,https://cd.ke.com/xiaoqu/3011053878390/,低楼层(共34层),2009年建,2室1厅,81.29平米,西南,6,1月前发布
996,盐道街，和贵苑，简装小套三。。,https://cd.ke.com/ershoufang/20011317710100103875.html,和贵苑,https://cd.ke.com/xiaoqu/1610326661411812/,低楼层(共6层)3室1厅,73.8平米,东,,,20,1月前发布
997,一环内中新地段，户型通透干净利索,https://cd.ke.com/ershoufang/20011317710100102859.html,桂王桥南街28号,https://cd.ke.com/xiaoqu/1611063052564/,中楼层(共7层),2001年建,3室2厅,102.47平米,东西,7,1月前发布
998,塔子山地铁口全新自住精装保养好西南朝向视野开阔,https://cd.ke.com/ershoufang/20011217710100190336.html,塔子山壹号,https://cd.ke.com/xiaoqu/1611058895651/,高楼层(共34层),2015年建,3室1厅,82.22平米,西南,30,2月前发布
999,康郡优质套三，对中庭，精装修。,https://cd.ke.com/ershoufang/20011217710100190227.html,康郡,https://cd.ke.com/xiaoqu/3011053459346/,低楼层(共11层),2007年建,3室2厅,123.78平米,西,13,2月前发布
1000,蓝润锦江春天1室1厅东,https://cd.ke.com/ershoufang/20011217710100187213.html,蓝润锦江春天,https://cd.ke.com/xiaoqu/1611063394263/,高楼层(共20层),2016年建,1室1厅,53.18平米,东,0,2月前发布
1001,精装套三，对中庭，看小区，视野广阔,https://cd.ke.com/ershoufang/20011217710100184849.html,东御佲家,https://cd.ke.com/xiaoqu/1611100029400/,低楼层(共33层),2017年建,3室1厅,92.38平米,西北,51,2月前发布
1002,川师南门旁精装小套三，三面采光，朝南，户型通透,https://cd.ke.com/ershoufang/20011217710100183679.html,蓝谷地天域,https://cd.ke.com/xiaoqu/3011053261179/,中楼层(共34层),2010年建,3室2厅,87.92平米,东南,21,2月前发布
1003,地铁口，东洪广厦居家套三，业主诚心出售,https://cd.ke.com/ershoufang/20011217710100181767.html,东洪广厦,https://cd.ke.com/xiaoqu/1611047641103/,高楼层(共33层),2013年建,3室2厅,92平米,西北,2,2月前发布
1004,华宇广场1室1厅南,https://cd.ke.com/ershoufang/20011217710100165796.html,华宇广场,https://cd.ke.com/xiaoqu/1611062702646/,低楼层(共18层),2017年建,1室1厅,49.06平米,南,0,2月前发布
1005,电梯套二不临街安静精装套二带阳台,https://cd.ke.com/ershoufang/20011217710100165413.html,锦馨家园A区,https://cd.ke.com/xiaoqu/3011052683437/,高楼层(共18层),2006年建,2室1厅,84.29平米,南,9,2月前发布
1006,户型方正，次卧带阳台，东南朝向,https://cd.ke.com/ershoufang/20011217710100163317.html,上东锦城A区,https://cd.ke.com/xiaoqu/3011053447549/,低楼层(共34层),2009年建,3室2厅,89.19平米,东南,72,2月前发布
1007,锦馨家园B区标准套二户型，清水交付,https://cd.ke.com/ershoufang/20011217710100154250.html,锦馨家园B区,https://cd.ke.com/xiaoqu/3011053005099/,低楼层(共18层),2000年建,2室1厅,85.53平米,东,11,2月前发布
1008,小区是2013年交房的电梯小高层总高15楼，房子精装修。,https://cd.ke.com/ershoufang/20011217710100154154.html,沙河上二期,https://cd.ke.com/xiaoqu/1611060729057/,中楼层(共15层),2013年建,2室1厅,71.97平米,东南,20,2月前发布
1009,上海东韵朝南视野好套二满2年无抵押,https://cd.ke.com/ershoufang/20011217710100151762.html,上海东韵,https://cd.ke.com/xiaoqu/1611043073259/,高楼层(共30层),2012年建,2室1厅,70.69平米,南,25,2月前发布
1010,合能锦城2室1厅东南,https://cd.ke.com/ershoufang/20011217710100150752.html,合能锦城,https://cd.ke.com/xiaoqu/1611063766797/,中楼层(共28层),2015年建,2室1厅,64.24平米,东南,2,2月前发布
1011,太古里金府花园，户型方正，可看府河，采光好,https://cd.ke.com/ershoufang/20011217710100149392.html,金府花园,https://cd.ke.com/xiaoqu/1611043344612/,高楼层(共28层),2004年建,2室1厅,85.5平米,东南,12,2月前发布
1012,万科实用性强的套二；储存功能强,https://cd.ke.com/ershoufang/20011217710100147428.html,万科金润华府,https://cd.ke.com/xiaoqu/1611057882526/,高楼层(共35层),2012年建,2室2厅,65.2平米,西南,41,2月前发布
1013,澳龙名城大型车位，业主诚心出售,https://cd.ke.com/ershoufang/20011217710100145168.html,澳龙名城,https://cd.ke.com/xiaoqu/1611041481744/,地下室(共1层),2009年建,1室0厅,41.88平米,东,0,2月前发布
1014,凯丽香江装修套二出门锦江河畔带阳台看房方便,https://cd.ke.com/ershoufang/20011217710100144938.html,蓝光凯丽香江,https://cd.ke.com/xiaoqu/1611041618870/,中楼层(共42层),2009年建,2室1厅,71.23平米,南,78,2月前发布
1015,乐天圣苑3室1厅西南,https://cd.ke.com/ershoufang/20011217710100143959.html,乐天圣苑,https://cd.ke.com/xiaoqu/1611064002806/,中楼层(共40层)3室1厅,87.68平米,西南,,,27,2月前发布
1016,南府街50号2室1厅南,https://cd.ke.com/ershoufang/20011217710100143179.html,南府街50号,https://cd.ke.com/xiaoqu/1611061530527/,中楼层(共7层),1995年建,2室1厅,72.54平米,南,29,2月前发布
1017,清水大套四交通方便配套完善,https://cd.ke.com/ershoufang/20011217710100140761.html,中房优山PLUS,https://cd.ke.com/xiaoqu/1611706020408995/,低楼层(共32层)4室2厅,120平米,西南,,,4,2月前发布
1018,双公园双地铁二环边套二交通便利户型通透,https://cd.ke.com/ershoufang/20011217710100139860.html,摩玛城,https://cd.ke.com/xiaoqu/1611041551659/,中楼层(共34层),2011年建,2室1厅,79.13平米,南北,0,2月前发布
1019,牛王庙标准套二，出租装修，低楼层,https://cd.ke.com/ershoufang/20011217710100139381.html,一心园,https://cd.ke.com/xiaoqu/1611042048180/,低楼层(共7层),2000年建,2室1厅,59.33平米,东南,1,2月前发布
1020,鑫苑名家二期带装修的套二，可拎包入住,https://cd.ke.com/ershoufang/20011217710100128526.html,鑫苑名家二期,https://cd.ke.com/xiaoqu/1611047301096/,高楼层(共34层),2012年建,2室1厅,75.79平米,东南,15,2月前发布
1021,清水大户型套四双卫，户型方正，格局紧凑,https://cd.ke.com/ershoufang/20011217710100124783.html,锦蓉佳苑,https://cd.ke.com/xiaoqu/1611047607016/,低楼层(共30层),2014年建,4室2厅,137平米,东南西北,10,2月前发布
1022,精装修套三对中庭安静采光好,https://cd.ke.com/ershoufang/20011217710100123988.html,绿地468公馆一期,https://cd.ke.com/xiaoqu/1611061071609/,低楼层(共25层),2015年建,3室2厅,88.39平米,东北,3,2月前发布
1023,大观苑标准套二，采光比较好，适合刚需,https://cd.ke.com/ershoufang/20011217710100116039.html,大观苑一期,https://cd.ke.com/xiaoqu/3011053506896/,高楼层(共6层)2室1厅,72.63平米,东南,,,6,2月前发布
1024,标准套二有装修，中楼层带阳台安静不吵，随时约看。,https://cd.ke.com/ershoufang/20011217710100115413.html,万达锦华城,https://cd.ke.com/xiaoqu/1611041535054/,高楼层(共30层),2008年建,2室2厅,75.19平米,东南,16,2月前发布
1025,城市理想标准套二精装修拎包入住,https://cd.ke.com/ershoufang/20011217710100102648.html,城市理想,https://cd.ke.com/xiaoqu/1611059198261/,高楼层(共37层),2010年建,2室1厅,60.99平米,南北,9,2月前发布
1026,滨江中路1号2001年建成，塔楼，视野好，有阳台,https://cd.ke.com/ershoufang/20011217710100102510.html,滨江中路1号,https://cd.ke.com/xiaoqu/1611060162404/,中楼层(共25层),1992年建,3室2厅,115.68平米,北,21,2月前发布
1027,采光好，视野好，交通便利楼下配套齐全,https://cd.ke.com/ershoufang/20011217710100100317.html,俊发星雅俊园,https://cd.ke.com/xiaoqu/1611060973372/,高楼层(共37层),2015年建,1室1厅,42平米,东南,0,2月前发布
1028,镏金岁月双阳台标准套三出售,https://cd.ke.com/ershoufang/20011117710100185768.html,镏金岁月,https://cd.ke.com/xiaoqu/1611041550235/,低楼层(共33层),2010年建,3室2厅,105.6平米,西北,13,2月前发布
1029,标准套二，业主自住，房东诚心出售，可预约看房,https://cd.ke.com/ershoufang/20011117710100183244.html,红星国际,https://cd.ke.com/xiaoqu/1611059130055/,低楼层(共34层),2012年建,2室1厅,79.28平米,南,18,2月前发布
1030,套四，高楼层，采光好，出售价格包含车位。,https://cd.ke.com/ershoufang/20011117710100181083.html,融创四海逸家,https://cd.ke.com/xiaoqu/1611100689584/,高楼层(共40层),2015年建,4室2厅,87平米,东北,7,2月前发布
1031,蓝润锦江春天2室2厅西北,https://cd.ke.com/ershoufang/20011117710100171786.html,蓝润锦江春天,https://cd.ke.com/xiaoqu/1611063394263/,中楼层(共20层)2室2厅,69.97平米,西北,,,3,2月前发布
1032,锦江城市花园三期装修套二带阳台,https://cd.ke.com/ershoufang/20011117710100172494.html,锦江城市花园三期,https://cd.ke.com/xiaoqu/1611047140791/,低楼层(共34层),2011年建,2室1厅,54.6平米,西北,13,2月前发布
1033,此房为万达锦华城楼上70年产权，交通便利，采光好,https://cd.ke.com/ershoufang/20011117710100171838.html,万达锦华城,https://cd.ke.com/xiaoqu/1611041535054/,中楼层(共30层),2008年建,1室1厅,63.51平米,西南,8,2月前发布
1034,万科精装套二，衣帽间户型，位置安静。,https://cd.ke.com/ershoufang/20011117710100171419.html,万科金润华府,https://cd.ke.com/xiaoqu/1611057882526/,低楼层(共35层),2012年建,2室1厅,65平米,西南,32,2月前发布
1035,合江亭，中间楼层，明厨明卫，套三,https://cd.ke.com/ershoufang/20011117710100171094.html,滨江东路160号,https://cd.ke.com/xiaoqu/1615531719798157/,中楼层(共7层),1995年建,3室1厅,67平米,南,14,2月前发布
1036,朝阳名宅新上套二，装修保养好，看房方便,https://cd.ke.com/ershoufang/20011117710100168630.html,朝阳名宅,https://cd.ke.com/xiaoqu/1611041598814/,中楼层(共18层),2003年建,2室2厅,101.82平米,西北,11,2月前发布
1037,华宇广场3室1厅西北,https://cd.ke.com/ershoufang/20011117710100166714.html,华宇广场,https://cd.ke.com/xiaoqu/1611062702646/,低楼层(共29层),2017年建,3室1厅,89平米,西北,2,2月前发布
1038,在水一方小户型随时可看房朝府河,https://cd.ke.com/ershoufang/20011117710100166679.html,在水一方,https://cd.ke.com/xiaoqu/1611060844753/,中楼层(共12层),2005年建,1室0厅,30.3平米,东北,88,2月前发布
1039,钢管厂五区套二出售户型方正不临街适合居家,https://cd.ke.com/ershoufang/20011117710100156961.html,钢管厂五区,https://cd.ke.com/xiaoqu/1611041510821/,高楼层(共7层)2室1厅,68.34平米,西南,,,9,2月前发布
1040,卓锦城六期套四双卫精装修不临街,https://cd.ke.com/ershoufang/20011117710100152427.html,卓锦城六期,https://cd.ke.com/xiaoqu/1611047075553/,低楼层(共31层),2014年建,4室2厅,125平米,东南,21,2月前发布
1041,首开龙湖天璞4室1厅北,https://cd.ke.com/ershoufang/20011117710100148912.html,首开龙湖天璞,https://cd.ke.com/xiaoqu/1620025266079208/,高楼层(共25层),2020年建,4室1厅,82.52平米,北,2,2月前发布
1042,绿园小区套三，户型方正，单价低。,https://cd.ke.com/ershoufang/20011117710100146830.html,绿园小区,https://cd.ke.com/xiaoqu/3011053879974/,低楼层(共7层)3室1厅,68平米,东南,,,1,2月前发布
1043,交大绿岭套二，低楼层，看绿化。,https://cd.ke.com/ershoufang/20011117710100143336.html,交大绿岭一期,https://cd.ke.com/xiaoqu/3011053878390/,低楼层(共34层),2009年建,2室2厅,83.27平米,东北,1,2月前发布
1044,环球汇广场1室1厅南,https://cd.ke.com/ershoufang/20011117710100143174.html,环球汇广场,https://cd.ke.com/xiaoqu/16000000002594/,高楼层(共29层)1室1厅,41.87平米,南,,,0,2月前发布
1045,二环内橡树林旁！多层标准套二！,https://cd.ke.com/ershoufang/20011117710100142796.html,锦洲花园,https://cd.ke.com/xiaoqu/1611041541147/,高楼层(共6层),2004年建,2室1厅,71平米,西北,22,2月前发布
1046,双阳台对中庭套二东南朝向视野好,https://cd.ke.com/ershoufang/20011117710100137132.html,华都美林湾,https://cd.ke.com/xiaoqu/1611043094092/,高楼层(共30层),2012年建,2室2厅,89.66平米,东南,12,2月前发布
1047,万科城市花园精装修高楼层户型方正,https://cd.ke.com/ershoufang/20011117710100134531.html,万科城市花园,https://cd.ke.com/xiaoqu/1611057879617/,高楼层(共11层),2007年建,1室1厅,56.94平米,南,5,2月前发布
1048,金像苑套套二，标准户型，采光好,https://cd.ke.com/ershoufang/20011117710100130570.html,金像苑,https://cd.ke.com/xiaoqu/1611061478387/,高楼层(共6层),2000年建,2室1厅,57.65平米,南,27,2月前发布
1049,大业路33号，业主自己住的，保养好。,https://cd.ke.com/ershoufang/20011117710100130235.html,大业路33号,https://cd.ke.com/xiaoqu/1620020982070379/,高楼层(共6层)2室1厅,66.25平米,东南,,,22,2月前发布
1050,龙湖天璞4.9米全跃层，户型好采光好。,https://cd.ke.com/ershoufang/20011117710100127448.html,首开龙湖天璞,https://cd.ke.com/xiaoqu/1620025266079208/,低楼层(共30层),2020年建,3室1厅,73平米,南,0,2月前发布
1051,户型方正房屋精装修采光好房东诚心,https://cd.ke.com/ershoufang/20011117710100126539.html,东洪广厦,https://cd.ke.com/xiaoqu/1611047641103/,中楼层(共32层),2013年建,3室1厅,89.32平米,东南,5,2月前发布
1052,万科城市花园标准套一简单装修生活配套齐全,https://cd.ke.com/ershoufang/20011117710100126214.html,万科城市花园,https://cd.ke.com/xiaoqu/1611057879617/,中楼层(共11层),2007年建,1室1厅,56.49平米,南,17,2月前发布
1053,镏金岁月负一楼标准车库，欢迎带看。,https://cd.ke.com/ershoufang/20011117710100122790.html,镏金岁月,https://cd.ke.com/xiaoqu/1611041550235/,地下室(共层),2010年建,1室0厅,36.95平米,东,0,2月前发布
1054,锦江城市花园一期对中庭精装套二,https://cd.ke.com/ershoufang/20011117710100120673.html,锦江城市花园一期,https://cd.ke.com/xiaoqu/1611041539854/,中楼层(共34层),2009年建,2室1厅,80.14平米,西北,1,2月前发布
1055,万科金润华府新上小套三，精装修保养好对中庭,https://cd.ke.com/ershoufang/20011117710100114642.html,万科金润华府,https://cd.ke.com/xiaoqu/1611057882526/,高楼层(共35层),2012年建,3室1厅,73.14平米,东南,57,2月前发布
1056,锦馨家园B区标准套二，清水带阳台,https://cd.ke.com/ershoufang/20011117710100113429.html,锦馨家园B区,https://cd.ke.com/xiaoqu/3011053005099/,高楼层(共18层),2008年建,2室1厅,84.85平米,北,88,2月前发布
1057,蓉上坊一期一环路内标准套二,https://cd.ke.com/ershoufang/20011117710100108922.html,蓉上坊一期,https://cd.ke.com/xiaoqu/1611041538363/,低楼层(共30层),2009年建,2室1厅,88.82平米,南,1,2月前发布
1058,一环内，锦江区中间楼层小套三,https://cd.ke.com/ershoufang/20011117710100108281.html,东新街5号,https://cd.ke.com/xiaoqu/1610275561155900/,中楼层(共8层)3室1厅,65.78平米,西南,,,9,2月前发布
1059,万达锦华城70年住宅标间，出门就是电梯。,https://cd.ke.com/ershoufang/20011117710100101979.html,万达锦华城,https://cd.ke.com/xiaoqu/1611041535054/,中楼层(共30层),2008年建,1室0厅,46.95平米,东南,1,2月前发布
1060,东洪广厦2室1厅东南,https://cd.ke.com/ershoufang/20011117710100100819.html,东洪广厦,https://cd.ke.com/xiaoqu/1611047641103/,中楼层(共32层),2013年建,2室1厅,75.03平米,东南,0,2月前发布
1061,财富B座4t梯12户标准套二！,https://cd.ke.com/ershoufang/20011017710100181394.html,财富中心,https://cd.ke.com/xiaoqu/3011054635711/,低楼层(共29层),2006年建,2室1厅,66.07平米,南,40,2月前发布
1062,嘉和园二期标准套一，狮子山地铁站口,https://cd.ke.com/ershoufang/20011017710100180614.html,嘉和园二期,https://cd.ke.com/xiaoqu/3011053514186/,中楼层(共6层),2002年建,1室1厅,55.68平米,东,0,2月前发布
1063,致瑞雅苑标准套二，户型方正通风采光好，看房提前预约,https://cd.ke.com/ershoufang/20011017710100176178.html,致瑞雅苑B区,https://cd.ke.com/xiaoqu/168480461959337/,高楼层(共33层),2015年建,2室2厅,79.1平米,东南,3,2月前发布
1064,翡翠城五期标准车位出售！！！！！,https://cd.ke.com/ershoufang/20011017710100175075.html,翡翠城五期,https://cd.ke.com/xiaoqu/1611043088693/,地下室(共层),2011年建,1室0厅,29.14平米,东,0,2月前发布
1065,标准小套三，采光好，中间楼层，交通方便，购物方便,https://cd.ke.com/ershoufang/20011017710100174552.html,四川省农科院宿舍(静居寺路),https://cd.ke.com/xiaoqu/3011054471008/,中楼层(共6层),2000年建,3室1厅,83.83平米,东南,2,2月前发布
1066,五福苑标准套二高楼层采光好,https://cd.ke.com/ershoufang/20011017710100170598.html,五福苑(锦江),https://cd.ke.com/xiaoqu/1611062265603/,高楼层(共7层),1999年建,2室1厅,67.3平米,东南,50,2月前发布
1067,锦江东湖花园3室2厅南,https://cd.ke.com/ershoufang/20011017710100169938.html,锦江东湖花园,https://cd.ke.com/xiaoqu/1611043101025/,中楼层(共7层),2006年建,3室2厅,138平米,南,1,2月前发布
1068,此房楼层较高，采光通风好，标准套二，户型方正。,https://cd.ke.com/ershoufang/20011017710100170090.html,东洪广厦,https://cd.ke.com/xiaoqu/1611047641103/,高楼层(共33层),2013年建,2室1厅,70.49平米,东南,3,2月前发布
1069,索尔龙舟精装修标间出租中,https://cd.ke.com/ershoufang/20011017710100168419.html,索尔龙舟,https://cd.ke.com/xiaoqu/1611060961817/,低楼层(共34层),2012年建,1室0厅,35.95平米,西南,1,2月前发布
1070,套三清水房，低楼层随时可以看房,https://cd.ke.com/ershoufang/20011017710100167940.html,锦东庭园,https://cd.ke.com/xiaoqu/1611060729372/,低楼层(共28层),2013年建,3室2厅,89平米,西南,4,2月前发布
1071,东润风尚中等装修套一，保养好，可拧包入住,https://cd.ke.com/ershoufang/20011017710100167136.html,东润风尚,https://cd.ke.com/xiaoqu/1611041510560/,高楼层(共12层),2006年建,1室1厅,48.24平米,东南,12,2月前发布
1072,玉沙路132号1室1厅东,https://cd.ke.com/ershoufang/20011017710100164283.html,玉沙路132号,https://cd.ke.com/xiaoqu/1611061062940/,中楼层(共16层),2007年建,1室1厅,62.97平米,东,0,2月前发布
1073,精装小套一带个超大阳台户型方正无浪费,https://cd.ke.com/ershoufang/20011017710100161058.html,莲花逸都,https://cd.ke.com/xiaoqu/1611041521442/,低楼层(共34层),2009年建,1室1厅,47.4平米,东南,4,2月前发布
1074,俊发星雅俊园1室1厅西北,https://cd.ke.com/ershoufang/20011017710100156253.html,俊发星雅俊园,https://cd.ke.com/xiaoqu/1611060973372/,中楼层(共37层),2015年建,1室1厅,26.26平米,西北,0,2月前发布
1075,卓锦城六期红郡负一楼产权车位出电梯旁边,https://cd.ke.com/ershoufang/20011017710100155284.html,卓锦城六期,https://cd.ke.com/xiaoqu/1611047075553/,地下室(共1层)1室0厅,32.09平米,东,,,0,2月前发布
1076,锦江三圣乡东洪广厦套二东南向对中庭,https://cd.ke.com/ershoufang/20011017710100152232.html,东洪广厦,https://cd.ke.com/xiaoqu/1611047641103/,低楼层(共33层),2013年建,2室1厅,70.82平米,东南,4,2月前发布
1077,东洪广厦，高楼层，视野开阔，客厅带飘窗，卧室带阳台,https://cd.ke.com/ershoufang/20011017710100151534.html,东洪广厦,https://cd.ke.com/xiaoqu/1611047641103/,高楼层(共34层),2013年建,2室1厅,71.17平米,东南,5,2月前发布
1078,卓锦城二期精装套三出售，看房方便。,https://cd.ke.com/ershoufang/20011017710100149751.html,卓锦城二期,https://cd.ke.com/xiaoqu/1611047071451/,高楼层(共12层),2008年建,3室1厅,123.81平米,西南,14,2月前发布
1079,中间楼层，有装修，视野开阔，卧室带阳台晾晒私密性好,https://cd.ke.com/ershoufang/20011017710100149596.html,东洪广厦,https://cd.ke.com/xiaoqu/1611047641103/,中楼层(共34层),2013年建,2室1厅,71.01平米,东南,6,2月前发布
1080,468五期清水套四诚心出售！！,https://cd.ke.com/ershoufang/20011017710100148288.html,绿地468云玺五期,https://cd.ke.com/xiaoqu/1620026673981109/,中楼层(共39层)4室1厅,129平米,东南,,,8,2月前发布
1081,海棠佳苑精装小套二出售房东诚心出售,https://cd.ke.com/ershoufang/20011017710100147674.html,海棠佳苑,https://cd.ke.com/xiaoqu/169894157102319/,中楼层(共34层),2014年建,2室1厅,58.75平米,东南,9,2月前发布
1082,锦江区三圣片区精装修套二诚心出售,https://cd.ke.com/ershoufang/20011017710100144765.html,锦江城市花园二期,https://cd.ke.com/xiaoqu/1611041538906/,低楼层(共34层),2011年建,2室1厅,71.85平米,西南,0,2月前发布
1083,青龙横街37号2室2厅南北,https://cd.ke.com/ershoufang/20011017710100138525.html,青龙横街37号,https://cd.ke.com/xiaoqu/1611060884974/,高楼层(共7层),2000年建,2室2厅,94.56平米,南北,5,2月前发布
1084,海桐小区，户型方正，采光好。看房提前预约,https://cd.ke.com/ershoufang/20011017710100135738.html,海桐一期,https://cd.ke.com/xiaoqu/3011053380096/,中楼层(共11层),2010年建,1室1厅,47.34平米,南,1,2月前发布
1085,东二环攀成钢环球汇广场公寓LOFT楼层好朝南诚售,https://cd.ke.com/ershoufang/20011017710100135160.html,环球汇广场,https://cd.ke.com/xiaoqu/16000000002594/,高楼层(共29层)1室1厅,41.84平米,南,,,0,2月前发布
1086,凯丽香江标准套二业主诚心出售看房方便,https://cd.ke.com/ershoufang/20011017710100131038.html,蓝光凯丽香江,https://cd.ke.com/xiaoqu/1611041618870/,高楼层(共42层),2009年建,2室2厅,71.23平米,东,70,2月前发布
1087,此房满两年安静四面不临街无遮挡,https://cd.ke.com/ershoufang/20011017710100122097.html,卓锦城六期,https://cd.ke.com/xiaoqu/1611047075553/,低楼层(共28层),2014年建,3室1厅,87.73平米,东北,78,2月前发布
1088,川师刚需小套三，户型方正带大阳台，房东诚心！,https://cd.ke.com/ershoufang/20011017710100119316.html,爱丁郡院,https://cd.ke.com/xiaoqu/3011053555256/,高楼层(共18层),2009年建,3室2厅,90.02平米,西北,13,2月前发布
1089,香江花园带大平台套二，朝南户型,https://cd.ke.com/ershoufang/20011017710100111949.html,香江花园,https://cd.ke.com/xiaoqu/3011053097816/,低楼层(共6层),2003年建,2室1厅,64.69平米,西南,23,2月前发布
1090,攀成钢区天誉花园5栋精装房标准套一,https://cd.ke.com/ershoufang/20011017710100111838.html,天誉花园,https://cd.ke.com/xiaoqu/1611061049144/,低楼层(共26层),2016年建,1室1厅,46.7平米,东南,2,2月前发布
1091,锦江区琉璃厂锦馨家园，标准套一，,https://cd.ke.com/ershoufang/20011017710100105588.html,锦馨家园B区,https://cd.ke.com/xiaoqu/3011053005099/,高楼层(共18层),2000年建,1室1厅,50.82平米,南,20,2月前发布
1092,蜀都花园负2楼的车位，标准车位，好停车。,https://cd.ke.com/ershoufang/20011017710100101593.html,蜀都花园,https://cd.ke.com/xiaoqu/1611041540545/,地下室(共层)1室0厅,30平米,南,,,0,2月前发布
1093,紫东锦源套二，客厅带大阳台，有装修，带家具家电，,https://cd.ke.com/ershoufang/20011017710100100628.html,紫东锦源,https://cd.ke.com/xiaoqu/3011053123995/,高楼层(共25层),2010年建,2室2厅,77.55平米,东南,7,2月前发布
1094,城市理想，出租中，开发商装修。,https://cd.ke.com/ershoufang/20010917710100212134.html,城市理想,https://cd.ke.com/xiaoqu/1611059198261/,中楼层(共37层),2010年建,1室0厅,40.02平米,东南,2,2月前发布
1095,华宇广场精装套二带车位房东诚心出售,https://cd.ke.com/ershoufang/20010917710100211049.html,华宇广场,https://cd.ke.com/xiaoqu/1611062702646/,低楼层(共32层),2017年建,2室1厅,78平米,东,46,2月前发布
1096,锦东套三标准户型，主卧带有阳台,https://cd.ke.com/ershoufang/20010917710100209284.html,锦东庭园,https://cd.ke.com/xiaoqu/1611060729372/,高楼层(共34层),2013年建,3室1厅,88.49平米,东南,5,2月前发布
1097,东光街优质套二，居家装修，诚心出售。,https://cd.ke.com/ershoufang/20010917710100208296.html,东光街7号,https://cd.ke.com/xiaoqu/3011053864944/,高楼层(共7层),1999年建,2室1厅,68.4平米,南,3,2月前发布
1098,居家小套二，精装修，拎包入住。,https://cd.ke.com/ershoufang/20010917710100207749.html,锦江城市花园三期,https://cd.ke.com/xiaoqu/1611047140791/,中楼层(共34层),2011年建,2室1厅,48.25平米,西北,134,2月前发布
1099,翡翠城三期经典户型套三双卫对中庭,https://cd.ke.com/ershoufang/20010917710100207124.html,翡翠城三期,https://cd.ke.com/xiaoqu/1611047618273/,中楼层(共33层),2008年建,3室2厅,120.21平米,东南东,11,2月前发布
1100,翡翠城五期电梯顶跃，跃3层，视野无遮挡。,https://cd.ke.com/ershoufang/20010917710100201321.html,翡翠城五期,https://cd.ke.com/xiaoqu/1611043088693/,高楼层(共32层),2011年建,6室6厅,78平米,南北,11,2月前发布
1101,沙河壹号标准套三，简单装修，采光好,https://cd.ke.com/ershoufang/20010917710100200244.html,沙河壹号二期,https://cd.ke.com/xiaoqu/3011053579030/,中楼层(共34层),2013年建,3室1厅,81.96平米,东,33,2月前发布
1102,茂业豪园1室0厅东南,https://cd.ke.com/ershoufang/20010917710100195217.html,茂业豪园,https://cd.ke.com/xiaoqu/1620029784227984/,低楼层(共22层)1室0厅,27.63平米,东南,,,0,2月前发布
1103,凌云峰阁满两年家居全配朝东看中庭保养好,https://cd.ke.com/ershoufang/20010917710100186513.html,吉宝凌云峰阁,https://cd.ke.com/xiaoqu/1611062923844/,中楼层(共26层),2015年建,3室1厅,127.67平米,东南,31,2月前发布
1104,南三环天悦龙庭精装套四可拎包入住且带车位一起出售,https://cd.ke.com/ershoufang/20010917710100184037.html,天悦龙庭,https://cd.ke.com/xiaoqu/3011052708655/,高楼层(共38层),2014年建,4室1厅,147平米,东南,4,2月前发布
1105,天誉南庭标准车位出售标准车位,https://cd.ke.com/ershoufang/20010917710100182260.html,天誉南庭,https://cd.ke.com/xiaoqu/168305779945048/,地下室(共层)1室0厅,29.7平米,南,,,0,2月前发布
1106,鑫苑名家居家套二，高楼层，主卧带阳台,https://cd.ke.com/ershoufang/20010917710100178379.html,鑫苑名家一期,https://cd.ke.com/xiaoqu/1611043165264/,高楼层(共34层),2011年建,2室1厅,62.77平米,东南,2,2月前发布
1107,户型方正对中庭带车位精装修可直接入住诚售,https://cd.ke.com/ershoufang/20010917710100168925.html,翡翠城五期,https://cd.ke.com/xiaoqu/1611043088693/,低楼层(共32层),2011年建,3室2厅,89.06平米,东南,42,2月前发布
1108,粼江峰阁大套二出售，随时能签。,https://cd.ke.com/ershoufang/20010917710100166817.html,粼江峰阁,https://cd.ke.com/xiaoqu/1611041574572/,低楼层(共31层),2006年建,2室2厅,124.94平米,东南,1,2月前发布
1109,鑫苑名家套二，带一个使用权车位的。,https://cd.ke.com/ershoufang/20010917710100166150.html,鑫苑名家二期,https://cd.ke.com/xiaoqu/1611047301096/,高楼层(共34层),2012年建,2室1厅,64.02平米,东北,0,2月前发布
1110,纯清水套三带大阳台可做书房，满五唯一,https://cd.ke.com/ershoufang/20010917710100165980.html,锦江城市花园一期,https://cd.ke.com/xiaoqu/1611041539854/,低楼层(共34层),2009年建,3室2厅,88.64平米,东南,10,2月前发布
1111,人居锦尚春天A区装修套三对中庭满二年诚心出售,https://cd.ke.com/ershoufang/20010917710100165428.html,人居锦尚春天A区,https://cd.ke.com/xiaoqu/168800539259516/,高楼层(共34层)3室2厅,89.87平米,西北西南,,,22,2月前发布
1112,俊发星雅俊园4室1厅东南,https://cd.ke.com/ershoufang/20010917710100163168.html,俊发星雅俊园,https://cd.ke.com/xiaoqu/1611060973372/,高楼层(共33层),2015年建,4室1厅,118平米,东南,5,2月前发布
1113,天涯石住家小区环境优美,https://cd.ke.com/ershoufang/20010917710100153693.html,川报锦苑,https://cd.ke.com/xiaoqu/3011053671321/,中楼层(共23层)3室2厅,193.74平米,南,,,20,2月前发布
1114,精装好房，有投影仪可做私人影院,https://cd.ke.com/ershoufang/20010917710100152398.html,蓝润V客东都二期,https://cd.ke.com/xiaoqu/1620027206841027/,中楼层(共35层),2017年建,1室1厅,23.48平米,东南,0,2月前发布
1115,比华利国际城二期通透套三单卫有阳台,https://cd.ke.com/ershoufang/20010917710100151366.html,比华利国际城二期,https://cd.ke.com/xiaoqu/3011053557417/,低楼层(共26层),2011年建,3室2厅,91.17平米,东南西北,4,2月前发布
1116,川报锦苑1室0厅西南,https://cd.ke.com/ershoufang/20010917710100146756.html,川报锦苑,https://cd.ke.com/xiaoqu/3011053671321/,地下室(共1层)1室0厅,81.17平米,西南,,,0,2月前发布
1117,华宇清水，诚心出售有钥匙随时看房,https://cd.ke.com/ershoufang/20010917710100145837.html,华宇广场,https://cd.ke.com/xiaoqu/1611062702646/,高楼层(共17层),2017年建,1室1厅,37平米,东南,2,2月前发布
1118,华宇广场清水户型有钥匙诚心出售随时带,https://cd.ke.com/ershoufang/20010917710100145399.html,华宇广场,https://cd.ke.com/xiaoqu/1611062702646/,中楼层(共17层),2017年建,1室1厅,77平米,东南,0,2月前发布
1119,样板间装修两居室，拎包入住，安静不临街，大阳台,https://cd.ke.com/ershoufang/20010917710100144121.html,翡翠城四期,https://cd.ke.com/xiaoqu/1611043130056/,低楼层(共30层),2009年建,2室1厅,86.92平米,东,33,2月前发布
1120,钢管厂五区电梯套二出售户型方正不临街适合居家,https://cd.ke.com/ershoufang/20010917710100143241.html,钢管厂五区,https://cd.ke.com/xiaoqu/1611041510821/,低楼层(共11层),2001年建,2室2厅,76.55平米,东,11,2月前发布
1121,四海逸家云庭，西南朝向，楼层位置很好，带车位!！,https://cd.ke.com/ershoufang/20010917710100139252.html,融创四海逸家,https://cd.ke.com/xiaoqu/1611100689584/,中楼层(共40层),2015年建,4室1厅,88.36平米,西南,2,2月前发布
1122,蓝润v客东都二期底商，业主诚心出售,https://cd.ke.com/ershoufang/20010917710100135520.html,蓝润V客东都二期,https://cd.ke.com/xiaoqu/1620027206841027/,低楼层(共35层),2017年建,1室1厅,82.36平米,东,0,2月前发布
1123,鑫苑名家一期，带装修，套三户型,https://cd.ke.com/ershoufang/20010917710100119622.html,鑫苑名家一期,https://cd.ke.com/xiaoqu/1611043165264/,低楼层(共34层),2011年建,3室1厅,78.86平米,东南,16,2月前发布
1124,少见纯清水房，通透户型，看东湖,https://cd.ke.com/ershoufang/20010917710100116593.html,翡翠城五期,https://cd.ke.com/xiaoqu/1611043088693/,中楼层(共32层),2011年建,2室1厅,77.45平米,西北,12,2月前发布
1125,鑫苑名家二期标准套二，居家装修,https://cd.ke.com/ershoufang/20010917710100110826.html,鑫苑名家二期,https://cd.ke.com/xiaoqu/1611047301096/,低楼层(共34层),2012年建,2室1厅,64.5平米,东南,3,2月前发布
1126,九眼桥套二双卫朝南对中庭大阳台,https://cd.ke.com/ershoufang/20010917710100110382.html,粼江峰阁,https://cd.ke.com/xiaoqu/1611041574572/,中楼层(共31层),2006年建,2室2厅,124.94平米,西南,6,2月前发布
1127,锦江区二环内标准套一，户型方正，中间楼层,https://cd.ke.com/ershoufang/20010917710100108394.html,龙舟路58号,https://cd.ke.com/xiaoqu/1611046929674/,中楼层(共7层),1998年建,1室1厅,54.88平米,东南,6,2月前发布
1128,钢管厂五区，居家装修，优质套二。,https://cd.ke.com/ershoufang/20010917710100103059.html,钢管厂五区,https://cd.ke.com/xiaoqu/1611041510821/,高楼层(共7层),2001年建,2室1厅,73.59平米,东南,7,2月前发布
1129,套二双飘窗户型看中庭和塔子山公园,https://cd.ke.com/ershoufang/20010917710100101518.html,锦东庭园,https://cd.ke.com/xiaoqu/1611060729372/,高楼层(共36层),2013年建,2室1厅,68.79平米,北东北,41,2月前发布
1130,蓝润锦江春天2室2厅东南,https://cd.ke.com/ershoufang/20010817710100197157.html,蓝润锦江春天,https://cd.ke.com/xiaoqu/1611063394263/,中楼层(共20层)2室2厅,49.49平米,东南,,,0,2月前发布
1131,仁恒滨河湾3室2厅西南,https://cd.ke.com/ershoufang/20010817710100193648.html,仁恒滨河湾,https://cd.ke.com/xiaoqu/1611058066211/,高楼层(共32层),2016年建,3室2厅,124.24平米,西南,18,2月前发布
1132,鑫苑名家一期新青年标准一不容错过,https://cd.ke.com/ershoufang/20010817710100191984.html,鑫苑名家一期,https://cd.ke.com/xiaoqu/1611043165264/,高楼层(共35层),2011年建,1室0厅,40.87平米,东南,0,2月前发布
1133,河景房，中间楼层户型方正主卧很大，安静位置好,https://cd.ke.com/ershoufang/20010817710100190899.html,摩玛城,https://cd.ke.com/xiaoqu/1611041551659/,中楼层(共33层),2011年建,1室1厅,61.41平米,北,4,2月前发布
1134,精装套四，客厅大开间，跃层设计，看房方便。,https://cd.ke.com/ershoufang/20010817710100188160.html,四海逸家二期,https://cd.ke.com/xiaoqu/1611043076880/,低楼层(共34层),2013年建,4室2厅,97.33平米,东南,12,2月前发布
1135,成都九眼桥1.5环朝阳名宅*清水套三带车位出售,https://cd.ke.com/ershoufang/20010817710100186910.html,朝阳名宅,https://cd.ke.com/xiaoqu/1611041598814/,高楼层(共18层),2003年建,3室1厅,130.47平米,东南西北,10,2月前发布
1136,万科精装小套三对中庭安静不吵,https://cd.ke.com/ershoufang/20010817710100185479.html,万科金润华府,https://cd.ke.com/xiaoqu/1611057882526/,低楼层(共35层),2012年建,3室2厅,73.14平米,东南,36,2月前发布
1137,万科金润华府1室0厅东南,https://cd.ke.com/ershoufang/20010817710100184428.html,万科金润华府,https://cd.ke.com/xiaoqu/1611057882526/,地下室(共层)1室0厅,32平米,东南,,,1,2月前发布
1138,鑫苑名家一期3室1厅东南,https://cd.ke.com/ershoufang/20010817710100182811.html,鑫苑名家一期,https://cd.ke.com/xiaoqu/1611043165264/,高楼层(共34层),2011年建,3室1厅,104平米,东南,25,2月前发布
1139,翡翠城五期，负一层车位出售，随时可看，方便出入,https://cd.ke.com/ershoufang/20010817710100176324.html,翡翠城五期,https://cd.ke.com/xiaoqu/1611043088693/,地下室(共层),2011年建,1室0厅,29.14平米,东,0,2月前发布
1140,此房满2年清水房，户型方正安静不吵，在一楼,https://cd.ke.com/ershoufang/20010817710100174868.html,锦馨家园B区,https://cd.ke.com/xiaoqu/3011053005099/,低楼层(共18层),2000年建,1室1厅,51.09平米,东南,57,2月前发布
1141,锦绣阳光小区地下车库-1层停车位,https://cd.ke.com/ershoufang/20010817710100174654.html,锦绣阳光(锦江),https://cd.ke.com/xiaoqu/3011052687193/,地下室(共1层)1室0厅,27.98平米,南,,,0,2月前发布
1142,锦绣阳光小区地下车库-1层停车位,https://cd.ke.com/ershoufang/20010817710100173827.html,锦绣阳光(锦江),https://cd.ke.com/xiaoqu/3011052687193/,地下室(共1层),2005年建,1室0厅,27.89平米,南,0,2月前发布
1143,中间楼层优质套二采光好生活便利,https://cd.ke.com/ershoufang/20010817710100173040.html,大田坎街91号,https://cd.ke.com/xiaoqu/1611042022017/,中楼层(共7层),1993年建,2室1厅,53平米,东南,1,2月前发布
1144,万科主卧带衣帽间户型，中间楼层,https://cd.ke.com/ershoufang/20010817710100169248.html,万科金润华府,https://cd.ke.com/xiaoqu/1611057882526/,中楼层(共35层),2012年建,2室2厅,65.83平米,西北,44,2月前发布
1145,海椒市街12号高楼层采光好,https://cd.ke.com/ershoufang/20010817710100166934.html,海椒市街12号,https://cd.ke.com/xiaoqu/1611041839312/,高楼层(共6层),1988年建,1室1厅,55.49平米,东,20,2月前发布
1146,九眼桥外滩精装河景套三，拎包入住,https://cd.ke.com/ershoufang/20010817710100165321.html,外滩,https://cd.ke.com/xiaoqu/1611041490318/,高楼层(共41层),2009年建,3室1厅,94.48平米,西北,11,2月前发布
1147,该房子东南方向，房屋装修精致，房屋设施配套完全,https://cd.ke.com/ershoufang/20010817710100155232.html,交大绿岭一期,https://cd.ke.com/xiaoqu/3011053878390/,低楼层(共34层),2009年建,3室2厅,106.38平米,西南,2,2月前发布
1148,出行方便，户型方正，方便舒适，,https://cd.ke.com/ershoufang/20010817710100158064.html,索尔龙舟,https://cd.ke.com/xiaoqu/1611060961817/,低楼层(共34层),2012年建,1室0厅,35平米,南,0,2月前发布
1149,俊发星雅俊园1室1厅东,https://cd.ke.com/ershoufang/20010817710100154029.html,俊发星雅俊园,https://cd.ke.com/xiaoqu/1611060973372/,高楼层(共20层),2015年建,1室1厅,36平米,东,0,2月前发布
1150,跃层套四户型，客厅对中庭，卧室落地窗，客厅带有阳台,https://cd.ke.com/ershoufang/20010817710100154442.html,融创四海逸家,https://cd.ke.com/xiaoqu/1611100689584/,中楼层(共40层),2015年建,4室1厅,87.81平米,东北,14,2月前发布
1151,皇经嘉苑套二，中间楼层，有装修,https://cd.ke.com/ershoufang/20010817710100156515.html,皇经嘉苑,https://cd.ke.com/xiaoqu/3011052687630/,中楼层(共15层),2010年建,2室1厅,70.83平米,东南,54,2月前发布
1152,八栋三单元！！车位房东诚心出售！价格美丽！！！,https://cd.ke.com/ershoufang/20010817710100153354.html,乐天圣苑,https://cd.ke.com/xiaoqu/1611064002806/,地下室(共层)1室0厅,15平米,南,,,0,2月前发布
1153,摩根套二出售户型方正不临街适合居家,https://cd.ke.com/ershoufang/20010817710100150774.html,摩根中心,https://cd.ke.com/xiaoqu/1611043867573/,高楼层(共40层),2012年建,2室1厅,83.01平米,西南,2,2月前发布
1154,融创四海逸家4室2厅东南,https://cd.ke.com/ershoufang/20010817710100143990.html,融创四海逸家,https://cd.ke.com/xiaoqu/1611100689584/,中楼层(共40层),2015年建,4室2厅,88平米,东南,1,2月前发布
1155,指挥街70号3室1厅南,https://cd.ke.com/ershoufang/20010817710100144268.html,指挥街70号,https://cd.ke.com/xiaoqu/1620021557898090/,中楼层(共6层)3室1厅,67.44平米,南,,,7,2月前发布
1156,橡树林二期河景小套三，全对中庭，精装保养好,https://cd.ke.com/ershoufang/20010817710100141587.html,瑞升望江橡树林二期,https://cd.ke.com/xiaoqu/1611047229565/,高楼层(共34层),2011年建,3室1厅,89平米,北,11,2月前发布
1157,莲花新一区中间楼层明厨明卫,https://cd.ke.com/ershoufang/20010817710100139122.html,莲花新一区,https://cd.ke.com/xiaoqu/1611041520715/,低楼层(共7层),2002年建,2室1厅,67.38平米,东南,6,2月前发布
1158,天仙桥北路2号，电梯套二，住家装修。,https://cd.ke.com/ershoufang/20010817710100136748.html,金海岸公寓,https://cd.ke.com/xiaoqu/1611058918733/,中楼层(共25层),2001年建,2室1厅,97.98平米,东,3,2月前发布
1159,带装修低楼层离春熙路500米，房东诚心卖,https://cd.ke.com/ershoufang/20010817710100129034.html,古卧龙桥街12号,https://cd.ke.com/xiaoqu/1611062653272/,低楼层(共8层),1998年建,4室0厅,70.9平米,南,0,2月前发布
1160,户型方正，标准套二，采光充足！单价总价低！,https://cd.ke.com/ershoufang/20010817710100122311.html,莲心苑(锦江),https://cd.ke.com/xiaoqu/1611041928660/,高楼层(共7层),1998年建,2室1厅,59.04平米,东南,42,2月前发布
1161,户型方正，中间楼层，明厨明卫，视野无遮挡,https://cd.ke.com/ershoufang/20010817710100121598.html,蜀都花园,https://cd.ke.com/xiaoqu/1611041540545/,中楼层(共19层),2003年建,4室2厅,137.1平米,南,115,2月前发布
1162,都会风尚3室2厅南,https://cd.ke.com/ershoufang/20010817710100118439.html,都会风尚,https://cd.ke.com/xiaoqu/1611041510720/,高楼层(共32层),2009年建,3室2厅,116.41平米,南,5,2月前发布
1163,卓锦城二期负一楼产权车位诚心出售。,https://cd.ke.com/ershoufang/20010817710100115725.html,卓锦城二期,https://cd.ke.com/xiaoqu/1611047071451/,地下室(共1层),2008年建,1室0厅,28.35平米,北,0,2月前发布
1164,蓝谷地天域套三出售带入户三面采光,https://cd.ke.com/ershoufang/20010817710100114846.html,蓝谷地天域,https://cd.ke.com/xiaoqu/3011053261179/,中楼层(共34层),2010年建,3室2厅,87.93平米,东南,15,2月前发布
1165,钢管厂一区套23楼交通便利,https://cd.ke.com/ershoufang/20010817710100111912.html,水碾河路6号,https://cd.ke.com/xiaoqu/1611043142374/,中楼层(共6层)2室1厅,59.49平米,东南,,,2,2月前发布
1166,蜀都花园3号库负二楼大车位好停车,https://cd.ke.com/ershoufang/20010817710100108594.html,蜀都花园,https://cd.ke.com/xiaoqu/1611041540545/,地下室(共层)1室0厅,36.66平米,东,,,0,2月前发布
1167,房子装修保养不错，无抵押无贷款，诚心出售,https://cd.ke.com/ershoufang/20010817710100108899.html,比华利国际城一期,https://cd.ke.com/xiaoqu/3011053484408/,低楼层(共26层),2008年建,3室2厅,154平米,东南,3,2月前发布
1168,美林湾对中庭套二有楼顶使用,https://cd.ke.com/ershoufang/20010817710100108784.html,华都美林湾,https://cd.ke.com/xiaoqu/1611043094092/,高楼层(共30层),2012年建,2室1厅,89.66平米,东南,10,2月前发布
1169,塔子山地铁口6+1电梯洋房小区环境优美对中庭安静,https://cd.ke.com/ershoufang/20010817710100100741.html,塔子山壹号,https://cd.ke.com/xiaoqu/1611058895651/,中楼层(共6层),2015年建,4室2厅,137.18平米,东南,4,2月前发布
1170,精装套二，视野开阔采光充足，不临街,https://cd.ke.com/ershoufang/20010717710100188940.html,财富中心,https://cd.ke.com/xiaoqu/3011054635711/,高楼层(共30层),2005年建,2室1厅,80.53平米,南,9,2月前发布
1171,吉祥佳苑清水套四可根据自己想法改变,https://cd.ke.com/ershoufang/20010717710100187080.html,吉祥佳苑,https://cd.ke.com/xiaoqu/1611047299620/,低楼层(共28层),2013年建,4室2厅,138.93平米,东北,5,2月前发布
1172,天涯石住家套二+框架结构+华民逸园小区,https://cd.ke.com/ershoufang/20010717710100169644.html,华民逸园,https://cd.ke.com/xiaoqu/3011053657965/,低楼层(共7层),2000年建,2室2厅,87.04平米,东南,27,2月前发布
1173,比华利国际城一期标准车位诚心出售,https://cd.ke.com/ershoufang/20010717710100162287.html,比华利国际城一期,https://cd.ke.com/xiaoqu/3011053484408/,地下室(共层),2008年建,1室0厅,29平米,南,0,2月前发布
1174,沙河壹号二期车位，负一楼标准车位,https://cd.ke.com/ershoufang/20010717710100156999.html,沙河壹号二期,https://cd.ke.com/xiaoqu/3011053579030/,地下室(共层)1室0厅,32.64平米,东南,,,4,2月前发布
1175,卓锦城二期套二出售，户型方正，看房方便提前预约。,https://cd.ke.com/ershoufang/20010717710100154475.html,卓锦城二期,https://cd.ke.com/xiaoqu/1611047071451/,高楼层(共12层),2008年建,2室2厅,94.41平米,西南,8,2月前发布
1176,和风楼+套一有装修+武成大街以南,https://cd.ke.com/ershoufang/20010717710100145580.html,和风楼,https://cd.ke.com/xiaoqu/1611061398338/,中楼层(共7层),2000年建,1室1厅,51.62平米,东,0,2月前发布
1177,爱丁唯一在售车位给你的爱车找个家！,https://cd.ke.com/ershoufang/20010717710100144983.html,爱丁郡院,https://cd.ke.com/xiaoqu/3011053555256/,地下室(共层)厅室未知,35.38平米,东东南南,,,0,2月前发布
1178,卖！卖！卖！业主诚心卖！位置好找！,https://cd.ke.com/ershoufang/20010717710100144650.html,新希望锦官阁,https://cd.ke.com/xiaoqu/1611703330811693/,地下室(共层)1室0厅,31.92平米,东南,,,3,2月前发布
1179,标准人防车位，位置较好，在4号楼下。,https://cd.ke.com/ershoufang/20010717710100143652.html,新希望锦官阁,https://cd.ke.com/xiaoqu/1611703330811693/,地下室(共层)1室0厅,31.92平米,东南,,,4,2月前发布
1180,玉沙路+机电大厦宿舍+中间楼层,https://cd.ke.com/ershoufang/20010717710100137862.html,玉沙路84号,https://cd.ke.com/xiaoqu/169955991366763/,中楼层(共6层),1989年建,2室1厅,64.61平米,东南,0,2月前发布
1181,临湖优质两房，东南朝向，诚心出售，有钥匙,https://cd.ke.com/ershoufang/20010717710100136657.html,翡翠城一期,https://cd.ke.com/xiaoqu/1611042527332/,中楼层(共11层),2004年建,2室1厅,82.65平米,东南,10,2月前发布
1182,精装套三，全明格局，户型方正，拎包入住,https://cd.ke.com/ershoufang/20010717710100134488.html,成功红树林,https://cd.ke.com/xiaoqu/1611061694252/,中楼层(共34层),2014年建,3室1厅,100.87平米,南,28,2月前发布
1183,近地铁环境好物业好配套完善视野好格局好,https://cd.ke.com/ershoufang/20010717710100134120.html,环球汇蔚然,https://cd.ke.com/xiaoqu/1620025408694359/,中楼层(共35层),2019年建,1室0厅,33.45平米,东南,5,2月前发布
1184,蓝光凯丽香江套三双卫对中庭带大阳台采光好！,https://cd.ke.com/ershoufang/20010717710100133869.html,蓝光凯丽香江,https://cd.ke.com/xiaoqu/1611041618870/,高楼层(共42层),2009年建,3室2厅,89平米,南北,7,2月前发布
1185,标准小套一，户型方正，采光好，青年过渡人群,https://cd.ke.com/ershoufang/20010717710100128446.html,索尔龙舟,https://cd.ke.com/xiaoqu/1611060961817/,低楼层(共34层),2012年建,1室1厅,31.04平米,西南,23,2月前发布
1186,鑫苑名家一期中层套一带阳台户型,https://cd.ke.com/ershoufang/20010717710100128130.html,鑫苑名家一期,https://cd.ke.com/xiaoqu/1611043165264/,中楼层(共35层),2011年建,1室0厅,40.65平米,东南,2,2月前发布
1187,青房云上通风采光好无增值税,https://cd.ke.com/ershoufang/20010717710100126117.html,青房云上一期,https://cd.ke.com/xiaoqu/3011054505330/,高楼层(共18层),2003年建,2室1厅,101.93平米,北,4,2月前发布
1188,锦江城市花园三期2室1厅东南,https://cd.ke.com/ershoufang/20010717710100123568.html,锦江城市花园三期,https://cd.ke.com/xiaoqu/1611047140791/,中楼层(共34层),2011年建,2室1厅,55.25平米,东南,1,2月前发布
1189,中间楼层套二房，清水，可按自己喜好装修,https://cd.ke.com/ershoufang/20010717710100123031.html,干槐树街8号,https://cd.ke.com/xiaoqu/1616527834754895/,中楼层(共5层)2室1厅,53.93平米,东南,,,19,2月前发布
1190,万科金润华府1室0厅东南,https://cd.ke.com/ershoufang/20010717710100122867.html,万科金润华府,https://cd.ke.com/xiaoqu/1611057882526/,地下室(共层)1室0厅,32平米,东南,,,5,2月前发布
1191,锦江区，三圣乡，清水别墅出售，小区环境好。,https://cd.ke.com/ershoufang/20010717710100118047.html,金房三径,https://cd.ke.com/xiaoqu/167172273482894/,低楼层(共3层),2014年建,4室2厅,342.31平米,南,2,2月前发布
1192,阳光新业中心1室2厅南,https://cd.ke.com/ershoufang/20010717710100114812.html,阳光新业中心,https://cd.ke.com/xiaoqu/1611063242484/,中楼层(共45层),2014年建,1室2厅,88.62平米,南,1,2月前发布
1193,阳光新业中心1室2厅南,https://cd.ke.com/ershoufang/20010717710100113625.html,阳光新业中心,https://cd.ke.com/xiaoqu/1611063242484/,中楼层(共45层),2014年建,1室2厅,92.99平米,南,1,2月前发布
1194,鑫苑名家一期，居家装修，小套二，中底楼层，采光好,https://cd.ke.com/ershoufang/20010717710100109574.html,鑫苑名家一期,https://cd.ke.com/xiaoqu/1611043165264/,低楼层(共34层),2011年建,2室2厅,62.7平米,东南,4,2月前发布
1195,锦江区三圣乡锦蓉佳苑标准大套二,https://cd.ke.com/ershoufang/20010717710100108721.html,锦蓉佳苑,https://cd.ke.com/xiaoqu/1611047607016/,中楼层(共32层),2014年建,2室1厅,84.79平米,东南,8,2月前发布
1196,橡树林套二朝南，采光好，精装，户型方正。。无浪费,https://cd.ke.com/ershoufang/20010717710100106098.html,望江橡树林一期,https://cd.ke.com/xiaoqu/1611041736706/,高楼层(共34层),2009年建,2室1厅,58.42平米,东东南,10,2月前发布
1197,晶蓝半岛二期3室1厅西南,https://cd.ke.com/ershoufang/20010717710100105471.html,晶蓝半岛二期,https://cd.ke.com/xiaoqu/1611041544330/,低楼层(共26层),2008年建,3室1厅,136平米,西南,2,2月前发布
1198,流星花园，简单装修，带家具家电出售。,https://cd.ke.com/ershoufang/20010717710100103327.html,流星花园,https://cd.ke.com/xiaoqu/1611041522287/,高楼层(共16层),2003年建,2室1厅,63.16平米,东,11,2月前发布
1199,天涯石标准车位车位车位,https://cd.ke.com/ershoufang/20010717710100101171.html,天涯庭苑,https://cd.ke.com/xiaoqu/3011053674847/,地下室(共层)1室0厅,28.48平米,南,,,0,2月前发布
1200,二环内花园式改善住宅温馨套二等您来看！,https://cd.ke.com/ershoufang/20010617710100166428.html,蜀都花园,https://cd.ke.com/xiaoqu/1611041540545/,中楼层(共18层),2003年建,2室1厅,82.05平米,北,1,2月前发布
1201,海桐三期标准套一户型方正采光好,https://cd.ke.com/ershoufang/20010617710100165511.html,海桐三期,https://cd.ke.com/xiaoqu/3011053375751/,高楼层(共24层),2014年建,1室1厅,47平米,东南,66,2月前发布
1202,万科标准车位，位置好，停车空间大,https://cd.ke.com/ershoufang/20010617710100165246.html,万科金润华府,https://cd.ke.com/xiaoqu/1611057882526/,地下室(共层)1室0厅,32平米,东,,,0,2月前发布
1203,成功红树林套三双卫户型方正双阳台,https://cd.ke.com/ershoufang/20010617710100165199.html,成功红树林,https://cd.ke.com/xiaoqu/1611061694252/,中楼层(共34层),2014年建,3室2厅,112.45平米,北,30,2月前发布
1204,标准套二，纯清水，位置安静，采光好。,https://cd.ke.com/ershoufang/20010617710100164780.html,绿地468公馆一期,https://cd.ke.com/xiaoqu/1611061071609/,高楼层(共33层),2015年建,2室1厅,77.05平米,东北,24,2月前发布
1205,套三双卫，对中庭，安静，落地窗采光好！,https://cd.ke.com/ershoufang/20010617710100164526.html,锦江逸家,https://cd.ke.com/xiaoqu/168420324553067/,中楼层(共33层),2015年建,3室1厅,86.32平米,东南,8,2月前发布
1206,福字街小户型+有租客需要提前预约,https://cd.ke.com/ershoufang/20010617710100163035.html,福字街1号,https://cd.ke.com/xiaoqu/1611099497630/,低楼层(共7层),1994年建,1室1厅,34.89平米,南,8,2月前发布
1207,澳龙名城1室0厅南,https://cd.ke.com/ershoufang/20010617710100161570.html,澳龙名城,https://cd.ke.com/xiaoqu/1611041481744/,地下室(共1层),2009年建,1室0厅,19.99平米,南,0,2月前发布
1208,春熙路，电梯小户型，随时可以看房,https://cd.ke.com/ershoufang/20010617710100160254.html,格莱美空间,https://cd.ke.com/xiaoqu/1611061370084/,高楼层(共6层)1室0厅,33.62平米,南,,,4,2月前发布
1209,此房满2年无增值税，精装套二带阳台，房东诚心出售,https://cd.ke.com/ershoufang/20010617710100156640.html,卓锦城四期,https://cd.ke.com/xiaoqu/1611047075462/,高楼层(共32层),2010年建,2室1厅,88.71平米,西南,17,2月前发布
1210,蜀都花园错层两居东南朝向两梯四户,https://cd.ke.com/ershoufang/20010617710100154162.html,蜀都花园,https://cd.ke.com/xiaoqu/1611041540545/,中楼层(共22层),2003年建,2室1厅,100.38平米,东南,30,2月前发布
1211,恒大都汇华庭，满两年套一，卧室带阳台，开发商装修,https://cd.ke.com/ershoufang/20010617710100146069.html,恒大都汇华庭,https://cd.ke.com/xiaoqu/1611061104258/,高楼层(共50层),2015年建,1室1厅,68.85平米,西,35,2月前发布
1212,套三双卫，看小区中庭，朝南，有装修。,https://cd.ke.com/ershoufang/20010617710100143838.html,粼江峰阁,https://cd.ke.com/xiaoqu/1611041574572/,中楼层(共30层),2006年建,3室1厅,147.95平米,东南,8,2月前发布
1213,标准间，户型方正，采光好，适合单身男女,https://cd.ke.com/ershoufang/20010617710100137981.html,蓝润V客东都二期,https://cd.ke.com/xiaoqu/1620027206841027/,中楼层(共35层),2017年建,1室1厅,23.8平米,东,0,2月前发布
1214,锦江区琉璃厂锦馨家园标准套一看房预约,https://cd.ke.com/ershoufang/20010617710100134712.html,锦馨家园C区,https://cd.ke.com/xiaoqu/3011052685517/,高楼层(共18层),2007年建,1室1厅,51.28平米,东南,73,2月前发布
1215,川师7号线地铁口，精装套二，华润品质物业。,https://cd.ke.com/ershoufang/20010617710100133917.html,华润幸福里一期,https://cd.ke.com/xiaoqu/1611060831905/,高楼层(共29层),2014年建,2室1厅,75.53平米,东,4,2月前发布
1216,满两年视野采光好带家具家电,https://cd.ke.com/ershoufang/20010617710100133335.html,东润风尚,https://cd.ke.com/xiaoqu/1611041510560/,高楼层(共12层),2006年建,1室1厅,48.86平米,南,13,2月前发布
1217,翡翠城二期大套三双卫有装修,https://cd.ke.com/ershoufang/20010617710100132365.html,翡翠城二期,https://cd.ke.com/xiaoqu/1611043129257/,中楼层(共17层),2006年建,3室2厅,127.94平米,东,5,2月前发布
1218,创意山SOHO套一诚心出售,https://cd.ke.com/ershoufang/20010617710100126225.html,创意山,https://cd.ke.com/xiaoqu/1611063134459/,中楼层(共22层),2017年建,1室0厅,48.6平米,南,2,2月前发布
1219,柳江新居标准套三，户型方正，高楼层，采光好。,https://cd.ke.com/ershoufang/20010617710100125985.html,柳江新居一期,https://cd.ke.com/xiaoqu/3011053108352/,高楼层(共18层),2005年建,3室1厅,120.97平米,东,6,2月前发布
1220,金象嘉园业主自住套二，出行方便,https://cd.ke.com/ershoufang/20010617710100124792.html,金象嘉园,https://cd.ke.com/xiaoqu/3011053088059/,中楼层(共6层),2003年建,2室1厅,68.44平米,南北,36,2月前发布
1221,锦江三圣小套二精装修横厅诚心出售,https://cd.ke.com/ershoufang/20010617710100124337.html,锦江城市花园二期,https://cd.ke.com/xiaoqu/1611041538906/,低楼层(共34层),2011年建,2室1厅,51.14平米,西南,39,2月前发布
1222,攀成钢标准套一居家装修卧室带有大阳台,https://cd.ke.com/ershoufang/20010617710100123262.html,江东民居一区,https://cd.ke.com/xiaoqu/1611041875211/,中楼层(共7层),1998年建,1室1厅,53.71平米,东南,22,2月前发布
1223,精装套二，带阳台对中庭很安静，看房方便！！,https://cd.ke.com/ershoufang/20010617710100113473.html,鑫苑名家二期,https://cd.ke.com/xiaoqu/1611047301096/,中楼层(共34层),2012年建,2室2厅,75.67平米,西南,5,2月前发布
1224,精装大套二，保养好，东南朝向，采光通风好,https://cd.ke.com/ershoufang/20010617710100108385.html,锦江城市花园三期,https://cd.ke.com/xiaoqu/1611047140791/,中楼层(共34层),2011年建,2室1厅,74.32平米,东南,0,2月前发布
1225,古卧龙桥街12号室内环境很好，精装好房，采光很好。,https://cd.ke.com/ershoufang/20010617710100105398.html,古卧龙桥街12号,https://cd.ke.com/xiaoqu/1611062653272/,高楼层(共6层)2室1厅,69.6平米,南,,,0,2月前发布
1226,绿园套二，户型方正，居家装修。,https://cd.ke.com/ershoufang/20010517710100214179.html,绿园小区,https://cd.ke.com/xiaoqu/3011053879974/,高楼层(共7层),2000年建,2室1厅,75.51平米,西南,2,2月前发布
1227,翡翠城五期套二，格局合理，看房方便，可观东湖,https://cd.ke.com/ershoufang/20010517710100210077.html,翡翠城五期,https://cd.ke.com/xiaoqu/1611043088693/,高楼层(共32层),2011年建,2室2厅,77.24平米,西北,8,2月前发布
1228,标准套二，紧挨春熙路，业主诚心出售,https://cd.ke.com/ershoufang/20010517710100209440.html,三圣街33号,https://cd.ke.com/xiaoqu/1615778616216774/,高楼层(共7层),1999年建,2室1厅,70.38平米,东,2,2月前发布
1229,镏金岁月，2号房，标准的套一，带有生活阳台,https://cd.ke.com/ershoufang/20010517710100201552.html,镏金岁月,https://cd.ke.com/xiaoqu/1611041550235/,高楼层(共33层),2010年建,1室1厅,53.31平米,东,16,2月前发布
1230,红星国际满两年标间户型正面窗户开发商精装修,https://cd.ke.com/ershoufang/20010517710100197312.html,红星国际,https://cd.ke.com/xiaoqu/1611059130055/,中楼层(共34层),2012年建,1室0厅,48.87平米,南,3,2月前发布
1231,莲花新区商品房大套四，前后对中庭。,https://cd.ke.com/ershoufang/20010517710100193065.html,莲花新区,https://cd.ke.com/xiaoqu/1611041519968/,高楼层(共7层),2002年建,4室2厅,137.06平米,东南,4,2月前发布
1232,清水套三双卫，客厅带阳台，层高3.2米,https://cd.ke.com/ershoufang/20010517710100187123.html,ICC凯旋门,https://cd.ke.com/xiaoqu/1611877458128788/,高楼层(共43层),2018年建,3室2厅,133.72平米,北,87,2月前发布
1233,澳龙名城朝东南大套三一梯两户板式结构。,https://cd.ke.com/ershoufang/20010517710100185878.html,澳龙名城,https://cd.ke.com/xiaoqu/1611041481744/,高楼层(共11层),2009年建,3室1厅,144.7平米,东南,24,2月前发布
1234,塔子山地铁口全新小区清水套三朝中庭安静不临街,https://cd.ke.com/ershoufang/20010517710100183314.html,中房优山PLUS,https://cd.ke.com/xiaoqu/1611706020408995/,低楼层(共31层),2018年建,3室2厅,97.26平米,西南,221,2月前发布
1235,比华利国际城二期套三有入户花园客厅带阳台,https://cd.ke.com/ershoufang/20010517710100183093.html,比华利国际城二期,https://cd.ke.com/xiaoqu/3011053557417/,中楼层(共26层),2011年建,3室2厅,85.19平米,东南,12,2月前发布
1236,中房优山套三双卫清水房中间楼层,https://cd.ke.com/ershoufang/20010517710100179190.html,中房优山PLUS,https://cd.ke.com/xiaoqu/1611706020408995/,中楼层(共32层)3室2厅,95.74平米,东南,,,0,2月前发布
1237,龙湖晶蓝半岛套三双卫双阳台客厅对中庭朝东南,https://cd.ke.com/ershoufang/20010517710100175044.html,晶蓝半岛二期,https://cd.ke.com/xiaoqu/1611041544330/,中楼层(共26层),2008年建,3室1厅,123.88平米,西北,0,2月前发布
1238,居家装修客厅带阳台套二高楼层,https://cd.ke.com/ershoufang/20010517710100171713.html,锦江城市花园一期,https://cd.ke.com/xiaoqu/1611041539854/,高楼层(共34层),2009年建,2室1厅,80.13平米,东南,3,2月前发布
1239,户型方正，东南朝向，生活便捷。套三户型,https://cd.ke.com/ershoufang/20010517710100169471.html,合能锦城,https://cd.ke.com/xiaoqu/1611063766797/,高楼层(共32层),2015年建,3室2厅,82.35平米,西南,0,2月前发布
1240,财富A座标准套一，生活配套齐全，优质房源！,https://cd.ke.com/ershoufang/20010517710100158943.html,财富中心,https://cd.ke.com/xiaoqu/3011054635711/,低楼层(共30层),2005年建,1室1厅,47.53平米,南,9,2月前发布
1241,天涯石画片老式套三欢迎品鉴,https://cd.ke.com/ershoufang/20010517710100158771.html,书院西街62号,https://cd.ke.com/xiaoqu/1613561859943779/,高楼层(共6层),1984年建,3室1厅,70.2平米,东,9,2月前发布
1242,俊发星雅俊园1室1厅西北,https://cd.ke.com/ershoufang/20010517710100157664.html,俊发星雅俊园,https://cd.ke.com/xiaoqu/1611060973372/,中楼层(共37层),2015年建,1室1厅,35.91平米,西北,0,2月前发布
1243,莲花逸都套三出售，对中庭，低楼层,https://cd.ke.com/ershoufang/20010517710100154990.html,莲花逸都,https://cd.ke.com/xiaoqu/1611041521442/,低楼层(共34层),2009年建,3室2厅,114.42平米,南,9,2月前发布
1244,7号线琉璃场，中楼层，多层套三，采光好,https://cd.ke.com/ershoufang/20010517710100149242.html,金象嘉园,https://cd.ke.com/xiaoqu/3011053088059/,中楼层(共6层),2003年建,3室1厅,82.84平米,北,6,2月前发布
1245,阳光新业中心2室1厅东南,https://cd.ke.com/ershoufang/20010517710100148629.html,阳光新业中心,https://cd.ke.com/xiaoqu/1611063242484/,高楼层(共45层)2室1厅,85.5平米,东南,,,3,2月前发布
1246,雅郡顶跃带花园位置安静适宜居住,https://cd.ke.com/ershoufang/20010517710100143422.html,城东雅郡,https://cd.ke.com/xiaoqu/1611057880741/,高楼层(共6层),2005年建,5室2厅,204.61平米,南,5,2月前发布
1247,成都市锦江区一环路牛王庙，套三在售，有装修,https://cd.ke.com/ershoufang/20010517710100141417.html,晶蓝半岛二期,https://cd.ke.com/xiaoqu/1611041544330/,中楼层(共24层),2008年建,3室2厅,134.34平米,东南,11,2月前发布
1248,蓝谷地一二期大套四一梯两户户型通透,https://cd.ke.com/ershoufang/20010517710100139815.html,蓝谷地一二期,https://cd.ke.com/xiaoqu/1611057996834/,低楼层(共11层),2006年建,4室2厅,156.01平米,南,1,2月前发布
1249,橡树林旁摩玛城朝南自住装修标准套二,https://cd.ke.com/ershoufang/20010517710100138212.html,摩玛城,https://cd.ke.com/xiaoqu/1611041551659/,高楼层(共34层),2011年建,2室2厅,79.13平米,南,0,2月前发布
1250,太古里旁朗御一室一厅有装修保养好,https://cd.ke.com/ershoufang/20010517710100138161.html,朗御,https://cd.ke.com/xiaoqu/1611060720805/,中楼层(共51层),2012年建,1室1厅,88.95平米,东,11,2月前发布
1251,万科城市花园精选优质套三，套三双卫,https://cd.ke.com/ershoufang/20010517710100131942.html,万科城市花园,https://cd.ke.com/xiaoqu/1611057879617/,中楼层(共4层),2007年建,3室1厅,114.43平米,南,7,2月前发布
1252,塔子山清水洋房通透户型南北通透无按揭无抵押过户方便,https://cd.ke.com/ershoufang/20010517710100129829.html,塔子山壹号,https://cd.ke.com/xiaoqu/1611058895651/,低楼层(共6层),2015年建,4室1厅,144.72平米,南北,8,2月前发布
1253,环球汇蔚然1室0厅东南,https://cd.ke.com/ershoufang/20010517710100128691.html,环球汇蔚然,https://cd.ke.com/xiaoqu/1620025408694359/,中楼层(共35层),2019年建,1室0厅,34平米,东南,0,2月前发布
1254,锦江区二环内优质套三安静不临街,https://cd.ke.com/ershoufang/20010517710100128163.html,望江橡树林一期,https://cd.ke.com/xiaoqu/1611041736706/,中楼层(共34层),2009年建,3室2厅,99.19平米,南北,25,2月前发布
1255,比华利国际城一期2室2厅东南,https://cd.ke.com/ershoufang/20010517710100125447.html,比华利国际城一期,https://cd.ke.com/xiaoqu/3011053484408/,高楼层(共26层),2008年建,2室2厅,89.72平米,东南,6,2月前发布
1256,朝阳名宅一楼车库可做底商,https://cd.ke.com/ershoufang/20010517710100123729.html,朝阳名宅,https://cd.ke.com/xiaoqu/1611041598814/,低楼层(共1层)1室0厅,31.5平米,西南,,,2,2月前发布
1257,绿地一期，正对中庭，装修套三，户型方正,https://cd.ke.com/ershoufang/20010517710100123697.html,绿地468公馆一期,https://cd.ke.com/xiaoqu/1611061071609/,高楼层(共25层),2015年建,3室1厅,88.39平米,东北,12,2月前发布
1258,鑫苑名家一期精装标间诚心出售,https://cd.ke.com/ershoufang/20010517710100120418.html,鑫苑名家一期,https://cd.ke.com/xiaoqu/1611043165264/,高楼层(共35层),2011年建,1室1厅,40.68平米,东南,2,2月前发布
1259,静居寺有房出售，通透户型，采光好，视野开阔,https://cd.ke.com/ershoufang/20010517710100117364.html,东润风景A区,https://cd.ke.com/xiaoqu/1611041510338/,中楼层(共7层),1999年建,3室1厅,88.89平米,南,26,2月前发布
1260,该房屋户型方正，布局合理无浪费，采光视野无遮挡,https://cd.ke.com/ershoufang/20010517710100110667.html,翡翠城四期,https://cd.ke.com/xiaoqu/1611043130056/,高楼层(共30层),2009年建,2室1厅,89.1平米,西北,8,2月前发布
1261,俊发星雅俊园1室1厅西北,https://cd.ke.com/ershoufang/20010517710100105018.html,俊发星雅俊园,https://cd.ke.com/xiaoqu/1611060973372/,低楼层(共20层),2015年建,1室1厅,36平米,西北,0,2月前发布
1262,锦江区琉璃厂锦绣阳光套二带露台,https://cd.ke.com/ershoufang/20010517710100101128.html,锦绣阳光(锦江),https://cd.ke.com/xiaoqu/3011052687193/,低楼层(共6层),2005年建,2室2厅,90.17平米,东南,6,2月前发布
1263,俊发星雅俊园1室1厅东东南,https://cd.ke.com/ershoufang/20010517710100100634.html,俊发星雅俊园,https://cd.ke.com/xiaoqu/1611060973372/,高楼层(共37层),2015年建,1室1厅,40平米,东东南,0,2月前发布
1264,居家装修套二，安静不吵，户型方正，高楼层采光很好,https://cd.ke.com/ershoufang/20010417710100203395.html,锦江城市花园二期,https://cd.ke.com/xiaoqu/1611041538906/,中楼层(共34层),2010年建,2室1厅,47.1平米,东南,12,2月前发布
1265,尖东旺座二期标间精装紧挨地铁口,https://cd.ke.com/ershoufang/20010417710100203227.html,尖东旺座二期,https://cd.ke.com/xiaoqu/1611041550511/,中楼层(共15层),2004年建,1室1厅,42.47平米,南,1,2月前发布
1266,此房满2年，一楼套二带入户花园，前后花园,https://cd.ke.com/ershoufang/20010417710100201546.html,城东雅郡,https://cd.ke.com/xiaoqu/1611057880741/,低楼层(共6层),2005年建,2室2厅,86.77平米,东南,1,2月前发布
1267,锦蓉佳苑套二户型视野好采光好带入户还有阳台,https://cd.ke.com/ershoufang/20010417710100201494.html,锦蓉佳苑,https://cd.ke.com/xiaoqu/1611047607016/,高楼层(共32层),2014年建,2室2厅,84.79平米,东南,2,2月前发布
1268,精装套三业主诚心出售中式居家装修,https://cd.ke.com/ershoufang/20010417710100201025.html,绿地468公馆一期,https://cd.ke.com/xiaoqu/1611061071609/,低楼层(共29层),2015年建,3室1厅,88.94平米,东南,1,2月前发布
1269,安静的两居室，客厅带有阳台的，自住装修的,https://cd.ke.com/ershoufang/20010417710100195620.html,摩玛城,https://cd.ke.com/xiaoqu/1611041551659/,低楼层(共34层),2011年建,2室1厅,86平米,南北,2,2月前发布
1270,清爽明亮，空中花园，带双阳台。,https://cd.ke.com/ershoufang/20010417710100184766.html,融创四海逸家,https://cd.ke.com/xiaoqu/1611100689584/,高楼层(共40层),2015年建,4室1厅,87.13平米,南,46,2月前发布
1271,卓锦城五期2室1厅东南,https://cd.ke.com/ershoufang/20010417710100182227.html,卓锦城五期,https://cd.ke.com/xiaoqu/1611047075758/,高楼层(共33层),2012年建,2室1厅,85.28平米,东南,2,2月前发布
1272,四海逸家套四三卫清水房子，对中庭。,https://cd.ke.com/ershoufang/20010417710100181963.html,融创四海逸家,https://cd.ke.com/xiaoqu/1611100689584/,中楼层(共40层),2015年建,4室1厅,97平米,东北,6,2月前发布
1273,带有入户花园，南北两面采光，满两年,https://cd.ke.com/ershoufang/20010417710100179446.html,翡翠城一期,https://cd.ke.com/xiaoqu/1611042527332/,中楼层(共5层),2004年建,3室1厅,136.31平米,北,2,2月前发布
1274,华宇广场5.2米层高配套齐全,https://cd.ke.com/ershoufang/20010417710100175419.html,华宇广场,https://cd.ke.com/xiaoqu/1611062702646/,低楼层(共18层),2018年建,1室1厅,77平米,东南南,1,2月前发布
1275,翡翠城三期洋房套三婚房装修,https://cd.ke.com/ershoufang/20010417710100174166.html,翡翠城三期,https://cd.ke.com/xiaoqu/1611047618273/,中楼层(共6层),2008年建,3室2厅,138.11平米,南,21,2月前发布
1276,天誉花园1室1厅东南西,https://cd.ke.com/ershoufang/20010417710100172134.html,天誉花园,https://cd.ke.com/xiaoqu/1611061049144/,中楼层(共26层),2016年建,1室1厅,46.9平米,东南西,1,2月前发布
1277,四海逸家负一楼标准车位产权清晰,https://cd.ke.com/ershoufang/20010417710100167510.html,四海逸家二期,https://cd.ke.com/xiaoqu/1611043076880/,地下室(共层)1室0厅,28.91平米,东,,,0,2月前发布
1278,龙王庙套一户型，总价低，采光好,https://cd.ke.com/ershoufang/20010417710100159341.html,三圣街21号,https://cd.ke.com/xiaoqu/1610747524166100/,高楼层(共6层)1室1厅,35.09平米,南,,,4,2月前发布
1279,东洪广厦套二诚心出售！！！！！,https://cd.ke.com/ershoufang/20010417710100157698.html,东洪广厦,https://cd.ke.com/xiaoqu/1611047641103/,中楼层(共32层),2013年建,2室1厅,75.15平米,东南,15,2月前发布
1280,海桐小区优质套二，配套齐全，生活便利,https://cd.ke.com/ershoufang/20010417710100158929.html,海桐二期,https://cd.ke.com/xiaoqu/3011053348771/,低楼层(共11层),2010年建,2室2厅,77.4平米,东南,2,2月前发布
1281,错层套三户型方正，采光好，户型通透,https://cd.ke.com/ershoufang/20010417710100158664.html,南府锦,https://cd.ke.com/xiaoqu/1611041552349/,中楼层(共18层),2004年建,3室2厅,117.61平米,东南,17,2月前发布
1282,俊发星雅俊园1室1厅东南,https://cd.ke.com/ershoufang/20010417710100157462.html,俊发星雅俊园,https://cd.ke.com/xiaoqu/1611060973372/,低楼层(共37层),2015年建,1室1厅,38.17平米,东南,0,2月前发布
1283,此房对小区中庭位置安静装修保养很好。,https://cd.ke.com/ershoufang/20010417710100157189.html,比华利国际城三期,https://cd.ke.com/xiaoqu/3011053478981/,地下室(共1层),2014年建,1室0厅,24.5平米,东,0,2月前发布
1284,美林湾车位出售，地面产权车位。,https://cd.ke.com/ershoufang/20010417710100157031.html,华都美林湾,https://cd.ke.com/xiaoqu/1611043094092/,地下室(共层)厅室未知,38.35平米,东,,,0,2月前发布
1285,大田坎街91号此房采光好出行方便套二户型,https://cd.ke.com/ershoufang/20010417710100153983.html,大田坎街91号,https://cd.ke.com/xiaoqu/1611042022017/,高楼层(共7层),1993年建,2室2厅,63.21平米,南北,4,2月前发布
1286,卓锦城四期套二居家装修满五唯一，对中庭,https://cd.ke.com/ershoufang/20010417710100150823.html,卓锦城四期,https://cd.ke.com/xiaoqu/1611047075462/,低楼层(共32层),2010年建,2室2厅,89.35平米,北,38,2月前发布
1287,俊发星雅俊园1室1厅东南,https://cd.ke.com/ershoufang/20010417710100139274.html,俊发星雅俊园,https://cd.ke.com/xiaoqu/1611060973372/,高楼层(共37层),2015年建,1室1厅,39.4平米,东南,0,2月前发布
1288,三圣乡星雅俊园平层房子，诚心出售,https://cd.ke.com/ershoufang/20010417710100139393.html,俊发星雅俊园,https://cd.ke.com/xiaoqu/1611060973372/,低楼层(共37层),2015年建,1室0厅,41平米,东北,0,2月前发布
1289,星河名都1室0厅西,https://cd.ke.com/ershoufang/20010417710100136958.html,星河名都,https://cd.ke.com/xiaoqu/1611061165010/,低楼层(共1层)1室0厅,14.01平米,西,,,0,2月前发布
1290,翡翠城五期3室2厅西南,https://cd.ke.com/ershoufang/20010417710100136137.html,翡翠城五期,https://cd.ke.com/xiaoqu/1611043088693/,高楼层(共32层),2011年建,3室2厅,90.33平米,西南,15,2月前发布
1291,此房装修房，精装套二，竖厅户型，房东诚心卖,https://cd.ke.com/ershoufang/20010417710100135949.html,绿地468公馆三期,https://cd.ke.com/xiaoqu/167305930748357/,低楼层(共33层),2015年建,2室1厅,77.08平米,西北,10,2月前发布
1292,都会风尚精装修套二住家不临街拎包入住,https://cd.ke.com/ershoufang/20010417710100135182.html,都会风尚,https://cd.ke.com/xiaoqu/1611041510720/,低楼层(共32层),2009年建,2室1厅,89.1平米,西北,18,2月前发布
1293,朝阳名宅2室2厅东南,https://cd.ke.com/ershoufang/20010417710100134614.html,朝阳名宅,https://cd.ke.com/xiaoqu/1611041598814/,中楼层(共18层),2003年建,2室2厅,99.29平米,东南,26,2月前发布
1294,华宇优质房屋出售，水电气三通。,https://cd.ke.com/ershoufang/20010417710100132451.html,华宇广场,https://cd.ke.com/xiaoqu/1611062702646/,低楼层(共18层),2018年建,1室1厅,49平米,东南东北,0,2月前发布
1295,四海逸家三期，负三楼标准车位，位置很好诚心出售,https://cd.ke.com/ershoufang/20010417710100132056.html,融创四海逸家,https://cd.ke.com/xiaoqu/1611100689584/,地下室(共层)1室0厅,33.68平米,东,,,1,2月前发布
1296,永兴佳苑70年住宅正东采光好,https://cd.ke.com/ershoufang/20010417710100130968.html,永兴佳苑,https://cd.ke.com/xiaoqu/3011053941967/,中楼层(共26层),2016年建,2室1厅,48平米,东南,4,2月前发布
1297,南三环内侧锦江区凯丽香江精装套三朝东对中庭带家具,https://cd.ke.com/ershoufang/20010417710100128157.html,蓝光凯丽香江,https://cd.ke.com/xiaoqu/1611041618870/,中楼层(共42层),2009年建,3室1厅,127.42平米,东,3,2月前发布
1298,蓉上坊二期套三住家装修看房方便,https://cd.ke.com/ershoufang/20010417710100123762.html,蓉上坊二期,https://cd.ke.com/xiaoqu/1611041538774/,高楼层(共33层),2010年建,3室2厅,130.55平米,南,2,2月前发布
1299,蓝润V客东都二期1室1厅东南,https://cd.ke.com/ershoufang/20010417710100122835.html,蓝润V客东都二期,https://cd.ke.com/xiaoqu/1620027206841027/,中楼层(共35层),2017年建,1室1厅,23.48平米,东南,0,2月前发布
1300,卓锦城五期，标准大车位，产权清晰，交易快捷。,https://cd.ke.com/ershoufang/20010417710100119739.html,卓锦城五期,https://cd.ke.com/xiaoqu/1611047075758/,地下室(共层)1室0厅,30平米,东南,,,0,2月前发布
1301,俊发星雅俊园1室0厅东南,https://cd.ke.com/ershoufang/20010417710100119669.html,俊发星雅俊园,https://cd.ke.com/xiaoqu/1611060973372/,中楼层(共37层),2015年建,1室0厅,55.91平米,东南,1,2月前发布
1302,东安北路6号满两年出行方便,https://cd.ke.com/ershoufang/20010417710100118851.html,东安北路6号,https://cd.ke.com/xiaoqu/3011053697178/,高楼层(共7层),1995年建,3室1厅,97.3平米,东南,41,2月前发布
1303,离地铁近精装套二房东诚心出售看房方便,https://cd.ke.com/ershoufang/20010417710100113252.html,万科金色城市二期,https://cd.ke.com/xiaoqu/1610501596655214/,低楼层(共29层),2017年建,2室2厅,66.84平米,东南,156,2月前发布
1304,4.9米全跃层对中庭采光好有产权带车位房东诚心出售,https://cd.ke.com/ershoufang/20010417710100111492.html,首开龙湖天璞,https://cd.ke.com/xiaoqu/1620025266079208/,低楼层(共25层),2020年建,3室2厅,82平米,南北,2,2月前发布
1305,华宇广场5.2米民宿，视野采光不错。,https://cd.ke.com/ershoufang/20010417710100106244.html,华宇广场,https://cd.ke.com/xiaoqu/1611062702646/,中楼层(共17层),2017年建,1室0厅,43.88平米,东南,1,2月前发布
1306,锦江城市花园三期精装套二户型方正,https://cd.ke.com/ershoufang/20010417710100104142.html,锦江城市花园三期,https://cd.ke.com/xiaoqu/1611047140791/,高楼层(共34层),2011年建,2室1厅,46.61平米,西北,5,2月前发布
1307,上海东韵超大车库，也可做储藏间,https://cd.ke.com/ershoufang/20010417710100103746.html,上海东韵,https://cd.ke.com/xiaoqu/1611043073259/,地下室(共层)1室1厅,426.89平米,东南,,,2,2月前发布
1308,春熙路看太古里两居美国铁狮门,https://cd.ke.com/ershoufang/20010317710100191950.html,铁狮门晶融汇,https://cd.ke.com/xiaoqu/1611061704466/,中楼层(共40层),2013年建,2室2厅,94.51平米,西北,2,2月前发布
1309,镏金岁月精装套二，客厅带阳台，采光好，业主自住,https://cd.ke.com/ershoufang/20010317710100190491.html,镏金岁月,https://cd.ke.com/xiaoqu/1611041550235/,中楼层(共33层),2010年建,2室1厅,75.81平米,北,25,2月前发布
1310,嘉和园优质套三，装修保养好，可领包入住。,https://cd.ke.com/ershoufang/20010317710100185021.html,嘉和园一期,https://cd.ke.com/xiaoqu/3011053569931/,中楼层(共6层),2002年建,3室1厅,111.83平米,西北西,44,2月前发布
1311,免增值税、采光好、视野开阔无遮挡。,https://cd.ke.com/ershoufang/20010317710100183071.html,锦江城市花园三期,https://cd.ke.com/xiaoqu/1611047140791/,高楼层(共34层),2011年建,2室1厅,57.07平米,北,2,2月前发布
1312,锦江好房，融创开发！看房方便！强力关注,https://cd.ke.com/ershoufang/20010317710100182589.html,蓝谷地一二期,https://cd.ke.com/xiaoqu/1611057996834/,中楼层(共11层),2006年建,3室2厅,119.02平米,南,17,2月前发布
1313,合能锦城3室1厅东,https://cd.ke.com/ershoufang/20010317710100182326.html,合能锦城,https://cd.ke.com/xiaoqu/1611063766797/,低楼层(共32层),2015年建,3室1厅,82平米,东,0,2月前发布
1314,新希望品质！清水跃层套四三卫、户型方正,https://cd.ke.com/ershoufang/20010317710100179436.html,新希望锦官阁,https://cd.ke.com/xiaoqu/1611703330811693/,中楼层(共31层),2018年建,4室2厅,155平米,东南,18,2月前发布
1315,川师旁.小洋房精装小套二.端头位置视野开阔,https://cd.ke.com/ershoufang/20010317710100174847.html,翰林美居,https://cd.ke.com/xiaoqu/1611100287503/,高楼层(共11层),2015年建,2室1厅,66.28平米,东南,3,2月前发布
1316,天涯石，住家小区，精装修标准套三，,https://cd.ke.com/ershoufang/20010317710100174411.html,天涯庭苑,https://cd.ke.com/xiaoqu/3011053674847/,低楼层(共18层),2006年建,3室1厅,138.24平米,东,29,2月前发布
1317,俊发。星雅俊园，4.9m的清水跃层，已经做了钢价了，,https://cd.ke.com/ershoufang/20010317710100172617.html,俊发星雅俊园,https://cd.ke.com/xiaoqu/1611060973372/,中楼层(共20层),2015年建,1室1厅,41平米,东南,1,2月前发布
1318,海棠佳苑2室1厅东南,https://cd.ke.com/ershoufang/20010317710100168449.html,海棠佳苑,https://cd.ke.com/xiaoqu/169894157102319/,低楼层(共25层)2室1厅,60.14平米,东南,,,1,2月前发布
1319,雕墅标准套一，2栋低楼层，生活配套好。,https://cd.ke.com/ershoufang/20010317710100164378.html,雕墅,https://cd.ke.com/xiaoqu/3011054640201/,低楼层(共3层),2007年建,1室1厅,52.83平米,东,19,2月前发布
1320,恒大都汇华庭3室1厅西南西西北,https://cd.ke.com/ershoufang/20010317710100161573.html,恒大都汇华庭,https://cd.ke.com/xiaoqu/1611061104258/,高楼层(共50层),2015年建,3室1厅,128.29平米,西南西西北,4,2月前发布
1321,橡树林一期套二单卫，端头位置，,https://cd.ke.com/ershoufang/20010317710100160859.html,望江橡树林一期,https://cd.ke.com/xiaoqu/1611041736706/,低楼层(共34层),2009年建,2室1厅,57.78平米,南,40,2月前发布
1322,华宇广场清水5.2米层高配套齐全,https://cd.ke.com/ershoufang/20010317710100157679.html,华宇广场,https://cd.ke.com/xiaoqu/1611062702646/,高楼层(共18层),2018年建,1室1厅,49平米,东,4,2月前发布
1323,环球汇蔚然1室1厅北,https://cd.ke.com/ershoufang/20010317710100157225.html,环球汇蔚然,https://cd.ke.com/xiaoqu/1620025408694359/,低楼层(共35层),2019年建,1室1厅,34平米,北,0,2月前发布
1324,此房为标准套二，视野开阔，采光好，对中庭。,https://cd.ke.com/ershoufang/20010317710100157087.html,成功红树林,https://cd.ke.com/xiaoqu/1611061694252/,低楼层(共34层),2014年建,2室1厅,73.9平米,东南,4,2月前发布
1325,澳龙名城停车车位此车位在澳龙名城负一楼,https://cd.ke.com/ershoufang/20010317710100155848.html,澳龙名城,https://cd.ke.com/xiaoqu/1611041481744/,地下室(共1层),2009年建,1室0厅,19.99平米,东,0,2月前发布
1326,精装套二朝中庭诚心出售,https://cd.ke.com/ershoufang/20010317710100152670.html,锦东庭园,https://cd.ke.com/xiaoqu/1611060729372/,中楼层(共36层),2013年建,2室2厅,68.79平米,北,7,2月前发布
1327,望江橡树林套一，精装修客厅带阳台。,https://cd.ke.com/ershoufang/20010317710100144681.html,望江橡树林一期,https://cd.ke.com/xiaoqu/1611041736706/,高楼层(共34层),2009年建,1室2厅,62.46平米,西,5,2月前发布
1328,翡翠城一期负一层车位，距14栋位置近，位置相对独立,https://cd.ke.com/ershoufang/20010317710100143211.html,翡翠城一期,https://cd.ke.com/xiaoqu/1611042527332/,地下室(共层)1室0厅,25.95平米,东,,,1,2月前发布
1329,静居嘉苑，户型方正套1，带双阳台,https://cd.ke.com/ershoufang/20010317710100142333.html,静居嘉苑,https://cd.ke.com/xiaoqu/3011053920649/,高楼层(共6层),2005年建,1室1厅,52.73平米,北,9,2月前发布
1330,美丽合江户型方正标准套一，精装修,https://cd.ke.com/ershoufang/20010317710100136962.html,美丽合江,https://cd.ke.com/xiaoqu/1611061108895/,低楼层(共13层)1室1厅,52.23平米,南,,,22,2月前发布
1331,橡树林旁边摩玛城套二双卫朝南大套二,https://cd.ke.com/ershoufang/20010317710100136828.html,摩玛城,https://cd.ke.com/xiaoqu/1611041551659/,低楼层(共34层),2011年建,2室1厅,90.15平米,南,25,2月前发布
1332,新希望品质！清水跃层、户型方正、带双车位,https://cd.ke.com/ershoufang/20010317710100134623.html,新希望锦官阁,https://cd.ke.com/xiaoqu/1611703330811693/,中楼层(共30层),2018年建,4室2厅,156平米,东南,87,2月前发布
1333,房东诚心出售楼层好朝向好出行交通方便,https://cd.ke.com/ershoufang/20010317710100132120.html,中房优山PLUS,https://cd.ke.com/xiaoqu/1611706020408995/,高楼层(共32层)3室1厅,94.61平米,西南,,,0,2月前发布
1334,东湖，河心岛上，地铁口，朝南套二户型,https://cd.ke.com/ershoufang/20010317710100131676.html,东湖花园水晶座,https://cd.ke.com/xiaoqu/1611043090696/,中楼层(共11层),2006年建,2室1厅,65.82平米,南,48,2月前发布
1335,东风路27号标准套二采光好交通便利,https://cd.ke.com/ershoufang/20010317710100128744.html,东风路27号,https://cd.ke.com/xiaoqu/1610972448436093/,高楼层(共6层)2室2厅,77.58平米,南,,,0,2月前发布
1336,新上标间，采光视野都好，可直接拎包入住,https://cd.ke.com/ershoufang/20010317710100127747.html,东润理想居,https://cd.ke.com/xiaoqu/1611047631158/,中楼层(共12层),2004年建,1室1厅,42.21平米,东南,9,2月前发布
1337,美林湾套四出售，采光好，看幸福梅林景区,https://cd.ke.com/ershoufang/20010317710100123438.html,华都美林湾,https://cd.ke.com/xiaoqu/1611043094092/,低楼层(共24层),2012年建,4室2厅,160.95平米,西南,16,2月前发布
1338,俊发星雅俊园1室1厅东南,https://cd.ke.com/ershoufang/20010317710100121796.html,俊发星雅俊园,https://cd.ke.com/xiaoqu/1611060973372/,中楼层(共20层),2015年建,1室1厅,41.49平米,东南,0,2月前发布
1339,锦江区临沙河多层小区，江东民居一区标准套二,https://cd.ke.com/ershoufang/20010317710100116558.html,江东民居一区,https://cd.ke.com/xiaoqu/1611041875211/,高楼层(共7层),1998年建,3室1厅,73.47平米,西南,12,2月前发布
1340,锦江城市花园。居家套二，中楼层,https://cd.ke.com/ershoufang/20010317710100112663.html,锦江城市花园三期,https://cd.ke.com/xiaoqu/1611047140791/,中楼层(共34层),2011年建,2室1厅,54平米,东东南,4,2月前发布
1341,锦江明珠套一+朝北+有装修=高楼层视野好,https://cd.ke.com/ershoufang/20010317710100111679.html,锦江明珠,https://cd.ke.com/xiaoqu/1611041513765/,中楼层(共32层),2009年建,1室1厅,58.19平米,北,7,2月前发布
1342,天悦龙庭套四双卫的房子，房子南北朝向，户型方正，,https://cd.ke.com/ershoufang/20010317710100109765.html,天悦龙庭,https://cd.ke.com/xiaoqu/3011052708655/,低楼层(共38层),2014年建,4室1厅,147.01平米,南,35,2月前发布
1343,锦江区莲花新区，低楼层有装修套二,https://cd.ke.com/ershoufang/20010317710100107843.html,莲花新区,https://cd.ke.com/xiaoqu/1611041519968/,中楼层(共7层),2002年建,2室1厅,91.09平米,西北,7,2月前发布
1344,海桐三期优质好房，价格优惠，环境优美,https://cd.ke.com/ershoufang/20010317710100106788.html,海桐三期,https://cd.ke.com/xiaoqu/3011053375751/,中楼层(共24层),2014年建,1室1厅,46平米,东南,30,2月前发布
1345,华韵天府，装修套四，只需198万！,https://cd.ke.com/ershoufang/20010217710100182916.html,华韵天府,https://cd.ke.com/xiaoqu/1611047922039/,低楼层(共39层),2013年建,4室2厅,84.24平米,西北,36,2月前发布
1346,高楼层视野好自住装修采光好户型方正,https://cd.ke.com/ershoufang/20010217710100179071.html,海棠佳苑,https://cd.ke.com/xiaoqu/169894157102319/,高楼层(共34层)2室1厅,59.59平米,东,,,9,2月前发布
1347,有装修中间楼层标间采光好位置安静,https://cd.ke.com/ershoufang/20010217710100175523.html,鑫苑名家一期,https://cd.ke.com/xiaoqu/1611043165264/,高楼层(共35层),2011年建,1室0厅,41平米,东南,0,2月前发布
1348,锦江城市花园2期，、、、、、、、,https://cd.ke.com/ershoufang/20010217710100170388.html,锦江城市花园二期,https://cd.ke.com/xiaoqu/1611041538906/,低楼层(共34层),2010年建,2室1厅,71.92平米,东,12,2月前发布
1349,望江锦园小套三户型端正采光好房东诚心出售,https://cd.ke.com/ershoufang/20010217710100168343.html,望江锦园,https://cd.ke.com/xiaoqu/1611058001960/,高楼层(共33层),2014年建,3室1厅,92.4平米,南,22,2月前发布
1350,中间楼层居家装修户型方正采光好,https://cd.ke.com/ershoufang/20010217710100163475.html,民馨南苑,https://cd.ke.com/xiaoqu/1620030269872230/,中楼层(共6层)2室1厅,64平米,南,,,4,2月前发布
1351,首创娇子1号户型优质精装套三领包入住,https://cd.ke.com/ershoufang/20010217710100157384.html,首创娇子1号,https://cd.ke.com/xiaoqu/166872826916790/,低楼层(共34层),2018年建,3室1厅,86平米,东北,11,2月前发布
1352,高楼层，采光好视野开阔，楼下配套齐全，交通便利。,https://cd.ke.com/ershoufang/20010217710100152712.html,万达锦华城,https://cd.ke.com/xiaoqu/1611041535054/,高楼层(共30层),2008年建,1室0厅,61.37平米,东,2,2月前发布
1353,户型方正，配套齐全，交通出行方便,https://cd.ke.com/ershoufang/20010217710100152394.html,万达锦华城,https://cd.ke.com/xiaoqu/1611041535054/,高楼层(共30层),2008年建,1室0厅,41.03平米,东,2,2月前发布
1354,华宇广场稀有套二户型诚心出售采光充足视野超好,https://cd.ke.com/ershoufang/20010217710100145571.html,华宇广场,https://cd.ke.com/xiaoqu/1611062702646/,高楼层(共31层),2017年建,2室1厅,76.23平米,东南,17,2月前发布
1355,万科金润华府1室0厅东,https://cd.ke.com/ershoufang/20010217710100144553.html,万科金润华府,https://cd.ke.com/xiaoqu/1611057882526/,地下室(共层)1室0厅,32平米,东,,,2,2月前发布
1356,此房标准套二，没有浪费面积，空间使用合理。,https://cd.ke.com/ershoufang/20010217710100142648.html,锦江城市花园三期,https://cd.ke.com/xiaoqu/1611047140791/,低楼层(共34层),2011年建,2室1厅,55.12平米,东南西北,11,2月前发布
1357,都市驿站1室0厅东北,https://cd.ke.com/ershoufang/20010217710100141731.html,都市驿站,https://cd.ke.com/xiaoqu/1611060753678/,高楼层(共13层),2003年建,1室0厅,56.61平米,东北,1,2月前发布
1358,装修套二带阳台，中间楼层，安静位置好，看房方便,https://cd.ke.com/ershoufang/20010217710100140881.html,卓锦城三期,https://cd.ke.com/xiaoqu/1611041741563/,中楼层(共24层),2010年建,2室2厅,96.72平米,东南,4,2月前发布
1359,住家双卫套四，有家具家电，两梯四户,https://cd.ke.com/ershoufang/20010217710100138368.html,华韵天府,https://cd.ke.com/xiaoqu/1611047922039/,高楼层(共39层),2013年建,4室2厅,93.01平米,东北,3,2月前发布
1360,三圣乡居家装修西南朝向采光好,https://cd.ke.com/ershoufang/20010217710100138248.html,合能锦城,https://cd.ke.com/xiaoqu/1611063766797/,中楼层(共32层),2015年建,3室2厅,81.2平米,西南,43,2月前发布
1361,简装套二，客厅进门隔了一个房间出来,https://cd.ke.com/ershoufang/20010217710100137586.html,锦江城市花园三期,https://cd.ke.com/xiaoqu/1611047140791/,高楼层(共34层),2011年建,2室1厅,56.59平米,东南,56,2月前发布
1362,卓锦城五期1室0厅南,https://cd.ke.com/ershoufang/20010217710100132683.html,卓锦城五期,https://cd.ke.com/xiaoqu/1611047075758/,地下室(共层)1室0厅,32平米,南,,,0,2月前发布
1363,比华利国际城一期1室0厅东,https://cd.ke.com/ershoufang/20010217710100131872.html,比华利国际城一期,https://cd.ke.com/xiaoqu/3011053484408/,地下室(共层),2008年建,1室0厅,29.54平米,东,0,2月前发布
1364,东城攻略套二户型反正采光好,https://cd.ke.com/ershoufang/20010217710100131554.html,东城攻略,https://cd.ke.com/xiaoqu/1611041505411/,高楼层(共33层),2008年建,2室1厅,56.46平米,东南,57,2月前发布
1365,卓锦城六期3室1厅西南,https://cd.ke.com/ershoufang/20010217710100131328.html,卓锦城六期,https://cd.ke.com/xiaoqu/1611047075553/,高楼层(共28层),2014年建,3室1厅,144.5平米,西南,0,2月前发布
1366,建银大厦小区干净整洁适宜居家,https://cd.ke.com/ershoufang/20010217710100129937.html,建银大厦,https://cd.ke.com/xiaoqu/1611043099580/,中楼层(共28层),2007年建,3室1厅,133.68平米,南,1,2月前发布
1367,金融城三期旁中港套三，正在出租中,https://cd.ke.com/ershoufang/20010217710100122083.html,中港悦蓉府,https://cd.ke.com/xiaoqu/1614826032083808/,高楼层(共34层),2013年建,3室2厅,90.59平米,西,20,2月前发布
1368,卓锦城一期套三双卫南北透明随时看房,https://cd.ke.com/ershoufang/20010217710100121951.html,卓锦城一期,https://cd.ke.com/xiaoqu/1611041742145/,中楼层(共6层),2006年建,3室1厅,120.8平米,西南,7,2月前发布
1369,房东诚心出售，希望大家多多带客户。,https://cd.ke.com/ershoufang/20010217710100121251.html,万达锦华城,https://cd.ke.com/xiaoqu/1611041535054/,中楼层(共30层),2008年建,1室0厅,41.01平米,南北,0,2月前发布
1370,俊发星雅俊园1室1厅西北,https://cd.ke.com/ershoufang/20010217710100120993.html,俊发星雅俊园,https://cd.ke.com/xiaoqu/1611060973372/,高楼层(共37层),2015年建,1室1厅,37平米,西北,0,2月前发布
1371,2015年新小区，满两年，电梯套四，位置安静,https://cd.ke.com/ershoufang/20010217710100119362.html,致瑞雅苑A区,https://cd.ke.com/xiaoqu/168463400841818/,中楼层(共23层),1994年建,4室2厅,153.84平米,东南,8,2月前发布
1372,华宇广场对公园精装套二，带家具家电，,https://cd.ke.com/ershoufang/20010217710100107182.html,华宇广场,https://cd.ke.com/xiaoqu/1611062702646/,高楼层(共31层),2017年建,2室2厅,66.55平米,西南,126,2月前发布
1373,华韵天府1室0厅东,https://cd.ke.com/ershoufang/20010217710100107323.html,华韵天府,https://cd.ke.com/xiaoqu/1611047922039/,地下室(共层)1室0厅,31.69平米,东,,,0,2月前发布
1374,全屋品牌轻奢装修，家具家电配齐，拎包入住！,https://cd.ke.com/ershoufang/20010217710100107491.html,东御佲家,https://cd.ke.com/xiaoqu/1611100029400/,低楼层(共27层),2017年建,1室1厅,43平米,东南,47,2月前发布
1375,三环边，精装明厨明卫套一，诚心出售,https://cd.ke.com/ershoufang/20010217710100105423.html,锦馨家园B区,https://cd.ke.com/xiaoqu/3011053005099/,中楼层(共18层),2000年建,1室1厅,52平米,南,5,2月前发布
1376,锦江区三圣乡东南面3.5环东洪广厦精装修套二,https://cd.ke.com/ershoufang/20010217710100104541.html,东洪广厦,https://cd.ke.com/xiaoqu/1611047641103/,中楼层(共32层),2013年建,2室1厅,75.17平米,东南,68,2月前发布
1377,蓝谷地天域精装套三对中庭安静,https://cd.ke.com/ershoufang/20010117710100145554.html,蓝谷地天域,https://cd.ke.com/xiaoqu/3011053261179/,高楼层(共31层),2011年建,3室2厅,122平米,西北,4,2月前发布
1378,东城攻略标准套二采光充足看房方便,https://cd.ke.com/ershoufang/20010117710100145493.html,东城攻略,https://cd.ke.com/xiaoqu/1611041505411/,高楼层(共33层),2008年建,2室2厅,78.24平米,南,10,2月前发布
1379,合能锦城精装套三，低楼层，户型方正，居家实用。,https://cd.ke.com/ershoufang/20010117710100145165.html,合能锦城,https://cd.ke.com/xiaoqu/1611063766797/,低楼层(共28层),2015年建,3室1厅,82.29平米,西南,13,2月前发布
1380,金象花园精装套二顶楼保养好,https://cd.ke.com/ershoufang/20010117710100139249.html,金象花园三期,https://cd.ke.com/xiaoqu/3011053572471/,高楼层(共6层),2003年建,2室1厅,58.64平米,北,32,2月前发布
1381,套三户型方正对中庭正在计划安装电梯,https://cd.ke.com/ershoufang/20010117710100130149.html,莲花新区,https://cd.ke.com/xiaoqu/1611041519968/,低楼层(共7层),2002年建,3室2厅,119.8平米,南,8,2月前发布
1382,上海东韵2室1厅南,https://cd.ke.com/ershoufang/20010117710100118827.html,上海东韵,https://cd.ke.com/xiaoqu/1611043073259/,高楼层(共30层),2012年建,2室1厅,70.67平米,南,13,2月前发布
1383,卓锦城二期标准车位诚心出售1号车库,https://cd.ke.com/ershoufang/20010117710100107147.html,卓锦城二期,https://cd.ke.com/xiaoqu/1611047071451/,地下室(共层),2008年建,1室0厅,30平米,东南,0,2月前发布
1384,蓉上坊一期标准套二临春熙路太古里东门大桥地铁,https://cd.ke.com/ershoufang/20010117710100104791.html,蓉上坊一期,https://cd.ke.com/xiaoqu/1611041538363/,中楼层(共30层),2009年建,2室1厅,89.87平米,东,1,2月前发布
1385,外滩中庭河景看廊桥视野开阔,https://cd.ke.com/ershoufang/20010117710100101946.html,外滩,https://cd.ke.com/xiaoqu/1611041490318/,高楼层(共41层),2009年建,2室1厅,76.31平米,西南,5,2月前发布
1386,卓锦城三期1室1厅东南,https://cd.ke.com/ershoufang/20010117710100100291.html,卓锦城三期,https://cd.ke.com/xiaoqu/1611041741563/,中楼层(共24层),2010年建,1室1厅,70.25平米,东南,6,2月前发布
1387,三圣乡景区旁的精装修标间诚心出售,https://cd.ke.com/ershoufang/19123117710100174295.html,俊发星雅俊园,https://cd.ke.com/xiaoqu/1611060973372/,中楼层(共37层),2015年建,1室0厅,37.84平米,东南,1,2月前发布
1388,四海逸家二期东南朝向装修未入住,https://cd.ke.com/ershoufang/19123117710100160847.html,四海逸家二期,https://cd.ke.com/xiaoqu/1611043076880/,中楼层(共34层),2013年建,4室1厅,87.45平米,东南,92,2月前发布
1389,万科精装套二，房东自住！保养好！满两年！,https://cd.ke.com/ershoufang/19123117710100159916.html,万科金色城市,https://cd.ke.com/xiaoqu/1611064018200/,中楼层(共27层)2室2厅,72.57平米,西北,,,50,2月前发布
1390,俊发星雅俊园1室1厅东南,https://cd.ke.com/ershoufang/19123117710100159391.html,俊发星雅俊园,https://cd.ke.com/xiaoqu/1611060973372/,中楼层(共37层),2015年建,1室1厅,38平米,东南,0,2月前发布
1391,套三改套二，朝向朝着树德，东南方向,https://cd.ke.com/ershoufang/19123117710100152674.html,人居锦尚春天B区,https://cd.ke.com/xiaoqu/3011052564988/,高楼层(共27层),2013年建,3室2厅,90.47平米,东南,16,2月前发布
1392,锦江城市花园三期套二户型带家具家电和暖气,https://cd.ke.com/ershoufang/19123117710100144734.html,锦江城市花园三期,https://cd.ke.com/xiaoqu/1611047140791/,低楼层(共34层),2011年建,2室1厅,55平米,东南,6,2月前发布
1393,卓锦城一期套二精装修业主诚心出售,https://cd.ke.com/ershoufang/19123117710100137526.html,卓锦城一期,https://cd.ke.com/xiaoqu/1611041742145/,低楼层(共24层),2006年建,2室2厅,101.68平米,西南,3,2月前发布
1394,绿地468公馆一期，标准套二，装修可以，满两年，,https://cd.ke.com/ershoufang/19123117710100137237.html,绿地468公馆二期,https://cd.ke.com/xiaoqu/1611100276106/,高楼层(共33层),2015年建,2室1厅,77.18平米,东南,12,2月前发布
1395,锦江城市花园。居家套二，中楼层，东南朝向，采光好,https://cd.ke.com/ershoufang/19123117710100136554.html,锦江城市花园三期,https://cd.ke.com/xiaoqu/1611047140791/,高楼层(共34层),2011年建,2室1厅,55平米,东南,2,2月前发布
1396,俊发星雅俊园1室1厅东南,https://cd.ke.com/ershoufang/19123117710100136649.html,俊发星雅俊园,https://cd.ke.com/xiaoqu/1611060973372/,中楼层(共37层),2015年建,1室1厅,38.17平米,东南,0,2月前发布
1397,上海东韵1室0厅东,https://cd.ke.com/ershoufang/19123117710100133687.html,上海东韵,https://cd.ke.com/xiaoqu/1611043073259/,地下室(共层),2012年建,1室0厅,33.89平米,东,0,2月前发布
1398,俊发。星雅俊园的平层，房东用心精装修的，目前空置。,https://cd.ke.com/ershoufang/19123117710100133156.html,俊发星雅俊园,https://cd.ke.com/xiaoqu/1611060973372/,高楼层(共37层),2015年建,1室1厅,40平米,东南,0,2月前发布
1399,锦江城市花园一期精装修小套二全新装修设计,https://cd.ke.com/ershoufang/19123117710100130783.html,锦江城市花园一期,https://cd.ke.com/xiaoqu/1611041539854/,低楼层(共34层),2009年建,2室1厅,51.08平米,西,32,2月前发布
1400,万科金润华府精装套二，视野无遮挡采光好,https://cd.ke.com/ershoufang/19123117710100129325.html,万科金润华府,https://cd.ke.com/xiaoqu/1611057882526/,高楼层(共35层),2012年建,2室1厅,65.05平米,西北北东北,35,2月前发布
1401,小区在售宽敞套二户型，中间楼层,https://cd.ke.com/ershoufang/19123117710100129415.html,东方新城一期,https://cd.ke.com/xiaoqu/1611041509062/,中楼层(共11层),2007年建,2室1厅,91.83平米,西南,13,2月前发布
1402,东城攻略1室1厅东南,https://cd.ke.com/ershoufang/19123117710100124753.html,东城攻略,https://cd.ke.com/xiaoqu/1611041505411/,高楼层(共18层),2008年建,1室1厅,38.8平米,东南,0,2月前发布
1403,望江橡树林二期全面对中庭标准套一，精装修,https://cd.ke.com/ershoufang/19123117710100124219.html,瑞升望江橡树林二期,https://cd.ke.com/xiaoqu/1611047229565/,高楼层(共32层),2011年建,1室2厅,56.32平米,南,11,2月前发布
1404,鑫苑名家二期2室1厅东南东,https://cd.ke.com/ershoufang/19123117710100118318.html,鑫苑名家二期,https://cd.ke.com/xiaoqu/1611047301096/,低楼层(共40层),2012年建,2室1厅,85.88平米,东南东,0,2月前发布
1405,绿地468公馆三期3室1厅西北,https://cd.ke.com/ershoufang/19123117710100117011.html,绿地468公馆三期,https://cd.ke.com/xiaoqu/167305930748357/,低楼层(共33层),2015年建,3室1厅,89平米,西北,6,2月前发布
1406,市区恒大广场旁，温馨套二电梯住宅，可以直接入住,https://cd.ke.com/ershoufang/19123117710100115238.html,兴隆街23号,https://cd.ke.com/xiaoqu/1611100142162/,中楼层(共7层),2000年建,2室1厅,34.13平米,东南,116,2月前发布
1407,东城拐下街，府河边，低楼层小套三,https://cd.ke.com/ershoufang/19123117710100113761.html,东城拐下街8号,https://cd.ke.com/xiaoqu/1611060080780/,中楼层(共6层),1980年建,3室1厅,66.69平米,东,12,2月前发布
1408,品质小区精装套三双卫带空调带地暖,https://cd.ke.com/ershoufang/19123117710100111364.html,锦江逸家,https://cd.ke.com/xiaoqu/168420324553067/,中楼层(共29层),2015年建,3室1厅,86.32平米,东南,22,2月前发布
1409,首创娇子1号3室1厅西南,https://cd.ke.com/ershoufang/19123117710100103651.html,首创娇子1号,https://cd.ke.com/xiaoqu/166872826916790/,高楼层(共34层),2018年建,3室1厅,96.76平米,西南,4,2月前发布
1410,装修套二，东南朝向，看房提前预约！,https://cd.ke.com/ershoufang/19123117710100102565.html,绿地468公馆一期,https://cd.ke.com/xiaoqu/1611061071609/,高楼层(共25层),2015年建,2室1厅,74.87平米,东南,0,2月前发布
1411,华韵天府，装修套四，拎包可入住,https://cd.ke.com/ershoufang/19123117710100101672.html,华韵天府,https://cd.ke.com/xiaoqu/1611047922039/,高楼层(共39层),2013年建,4室2厅,86.13平米,西北,27,2月前发布
1412,攀成钢高档小区停车位负一楼有产权可安充电桩,https://cd.ke.com/ershoufang/19123017710100182053.html,吉宝凌云峰阁,https://cd.ke.com/xiaoqu/1611062923844/,地下室(共层)1室0厅,28.47平米,南,,,1,2月前发布
1413,安静的套四才装修不到2年全新家电家具直接入住,https://cd.ke.com/ershoufang/19123017710100181149.html,瑞升望江橡树林二期,https://cd.ke.com/xiaoqu/1611047229565/,中楼层(共34层),2011年建,4室1厅,123.78平米,西南,11,2月前发布
1414,鑫苑名家一期，精装小套二，中间楼层，看中庭,https://cd.ke.com/ershoufang/19123017710100180578.html,鑫苑名家一期,https://cd.ke.com/xiaoqu/1611043165264/,中楼层(共34层),2011年建,2室1厅,56平米,东南,9,2月前发布
1415,客厅带阳台，装修保养好，对中庭，舒适安静，,https://cd.ke.com/ershoufang/19123017710100174950.html,镏金岁月,https://cd.ke.com/xiaoqu/1611041550235/,中楼层(共33层),2010年建,2室1厅,75.01平米,东南,5,2月前发布
1416,下莲池街8号3室1厅西南,https://cd.ke.com/ershoufang/19123017710100174276.html,下莲池街8号,https://cd.ke.com/xiaoqu/1611099583998/,低楼层(共7层),2000年建,3室1厅,89.1平米,西南,8,2月前发布
1417,秀水园新上套三，临塔子山公园，视野开阔，采光优秀,https://cd.ke.com/ershoufang/19123017710100171629.html,秀水园,https://cd.ke.com/xiaoqu/1611061046349/,中楼层(共7层),2004年建,3室1厅,84.61平米,东,36,2月前发布
1418,鑫苑名家一期1室0厅南,https://cd.ke.com/ershoufang/19123017710100165293.html,鑫苑名家一期,https://cd.ke.com/xiaoqu/1611043165264/,低楼层(共35层),2011年建,1室0厅,41平米,南,1,2月前发布
1419,莲花逸都套一出售双阳台有装修,https://cd.ke.com/ershoufang/19123017710100164120.html,莲花逸都,https://cd.ke.com/xiaoqu/1611041521442/,中楼层(共34层),2009年建,1室1厅,49.42平米,东北,4,2月前发布
1420,标准套四，精装修，客厅带阳台，户型方正,https://cd.ke.com/ershoufang/19123017710100162354.html,锦江城市花园一期,https://cd.ke.com/xiaoqu/1611041539854/,中楼层(共34层),2009年建,4室1厅,140.17平米,南,8,2月前发布
1421,房子户型方正，采光通风效果好，朝南，视野无遮挡。,https://cd.ke.com/ershoufang/19123017710100158437.html,皇城公寓,https://cd.ke.com/xiaoqu/1611059127976/,高楼层(共24层),2003年建,3室1厅,168.5平米,南,24,2月前发布
1422,精装修，满两年，中间楼层，采光好,https://cd.ke.com/ershoufang/19123017710100158291.html,蓝润锦江春天,https://cd.ke.com/xiaoqu/1611063394263/,中楼层(共18层)3室2厅,71.38平米,东北,,,44,2月前发布
1423,银唐国际跃层套一婚房装修预约看房,https://cd.ke.com/ershoufang/19123017710100151224.html,银唐国际,https://cd.ke.com/xiaoqu/1611041522684/,高楼层(共23层),2006年建,1室1厅,92.45平米,南,5,2月前发布
1424,钢管厂五区电梯套二出售户型方正不临街适合居家,https://cd.ke.com/ershoufang/19123017710100150113.html,钢管厂五区,https://cd.ke.com/xiaoqu/1611041510821/,中楼层(共11层),2001年建,2室2厅,76.55平米,东南,0,2月前发布
1425,房子精装，保养的很好，带家具家电，房主诚心出售,https://cd.ke.com/ershoufang/19123017710100149427.html,锦江城市花园三期,https://cd.ke.com/xiaoqu/1611047140791/,高楼层(共34层),2011年建,3室2厅,80.76平米,东北,7,2月前发布
1426,海椒市标准套二，配套齐全。生活方便,https://cd.ke.com/ershoufang/19123017710100145014.html,海椒市街11号,https://cd.ke.com/xiaoqu/1611046966217/,中楼层(共6层),1997年建,2室0厅,51平米,东,2,2月前发布
1427,天誉花园优质一房，交通便利，位置好,https://cd.ke.com/ershoufang/19123017710100141421.html,天誉花园,https://cd.ke.com/xiaoqu/1611061049144/,中楼层(共26层),2016年建,1室1厅,43.27平米,西南,0,2月前发布
1428,美林湾标间，单价和总价都低的户型,https://cd.ke.com/ershoufang/19123017710100137761.html,华都美林湾,https://cd.ke.com/xiaoqu/1611043094092/,高楼层(共33层),2012年建,1室0厅,36.36平米,西南,1,2月前发布
1429,华润幸福里，标准车位，诚心出售,https://cd.ke.com/ershoufang/19123017710100132550.html,华润幸福里一期,https://cd.ke.com/xiaoqu/1611060831905/,地下室(共层),2014年建,1室0厅,38.84平米,东南西北,0,2月前发布
1430,万达广场好房推荐，标准套二，中间楼层,https://cd.ke.com/ershoufang/19123017710100130096.html,东光街11号,https://cd.ke.com/xiaoqu/3011053866491/,低楼层(共7层),1999年建,2室2厅,73.24平米,东南,6,2月前发布
1431,成都九眼桥1.5环朝阳名宅套三双卫出售,https://cd.ke.com/ershoufang/19123017710100126240.html,朝阳名宅,https://cd.ke.com/xiaoqu/1611041598814/,低楼层(共18层),2003年建,3室1厅,125.89平米,南,9,2月前发布
1432,华宇广场5.2米层高跃层配套齐全,https://cd.ke.com/ershoufang/19123017710100125413.html,华宇广场,https://cd.ke.com/xiaoqu/1611062702646/,高楼层(共18层),2017年建,1室0厅,36.95平米,东南,0,2月前发布
1433,锦江城市花园一期标准套二主卧带阳台朝东南,https://cd.ke.com/ershoufang/19123017710100124431.html,锦江城市花园一期,https://cd.ke.com/xiaoqu/1611041539854/,高楼层(共34层),2009年建,2室2厅,87.12平米,西北,6,2月前发布
1434,市区闹中取静，多层过厅套三，户型方正,https://cd.ke.com/ershoufang/19123017710100124350.html,指挥街70号,https://cd.ke.com/xiaoqu/1620021557898090/,低楼层(共5层)3室1厅,72.31平米,东,,,9,2月前发布
1435,恒大都汇华庭1室0厅东南西北,https://cd.ke.com/ershoufang/19123017710100124148.html,恒大都汇华庭,https://cd.ke.com/xiaoqu/1611061104258/,地下室(共层)1室0厅,41.53平米,东南西北,,,1,2月前发布
1436,香江花园朝中庭套二，优质套二。,https://cd.ke.com/ershoufang/19123017710100122953.html,香江花园,https://cd.ke.com/xiaoqu/3011053097816/,低楼层(共6层),2003年建,2室1厅,67.13平米,东南,20,2月前发布
1437,朝南看府河，高楼层，视野采光好。,https://cd.ke.com/ershoufang/19123017710100120991.html,世代锦江凯旋门,https://cd.ke.com/xiaoqu/1611059601791/,高楼层(共29层),2008年建,3室2厅,166.34平米,南,28,2月前发布
1438,房子保养好，居家装修位置安静,https://cd.ke.com/ershoufang/19123017710100120049.html,东城印象小区,https://cd.ke.com/xiaoqu/1611063610252/,高楼层(共28层),2017年建,3室1厅,84.53平米,西北,137,2月前发布
1439,标准套四双卫，客厅带阳台，对中庭的,https://cd.ke.com/ershoufang/19123017710100119134.html,东御佲家,https://cd.ke.com/xiaoqu/1611100029400/,高楼层(共30层),2017年建,4室2厅,137.16平米,南,5,2月前发布
1440,澳龙名城标准套一出售带阳台！！！,https://cd.ke.com/ershoufang/19123017710100112174.html,澳龙名城,https://cd.ke.com/xiaoqu/1611041481744/,高楼层(共33层),2009年建,1室1厅,53.6平米,东南,2,2月前发布
1441,看沙河公园和塔子山公园，精装没住过人,https://cd.ke.com/ershoufang/19123017710100107770.html,ICC凯旋门,https://cd.ke.com/xiaoqu/1611877458128788/,低楼层(共43层),2018年建,2室2厅,94.25平米,东南,33,2月前发布
1442,二环内侧，出行方便，背靠望江楼公园。,https://cd.ke.com/ershoufang/19123017710100102288.html,东方逸景,https://cd.ke.com/xiaoqu/1611041509738/,高楼层(共7层),2003年建,5室2厅,152.79平米,南,27,2月前发布
1443,此房套三双卫，低楼层带花园，户型方正,https://cd.ke.com/ershoufang/19123017710100101521.html,华都美林湾,https://cd.ke.com/xiaoqu/1611043094092/,低楼层(共28层),2012年建,3室2厅,120平米,东南,17,2月前发布
1444,绿地468公馆一期1室1厅南,https://cd.ke.com/ershoufang/19122917710100190385.html,绿地468公馆一期,https://cd.ke.com/xiaoqu/1611061071609/,地下室(共1层)1室1厅,33.67平米,南,,,0,2月前发布
1445,三栋楼下标准大产权车位，就在停车场入口,https://cd.ke.com/ershoufang/19122917710100190264.html,四海逸家一期,https://cd.ke.com/xiaoqu/1611043076352/,地下室(共层)1室0厅,32.12平米,东南,,,0,2月前发布
1446,空中跃层，大套四精装带空调地暖，正对公园,https://cd.ke.com/ershoufang/19122917710100188421.html,四海逸家二期,https://cd.ke.com/xiaoqu/1611043076880/,中楼层(共34层),2013年建,4室2厅,97平米,南东北,178,2月前发布
1447,天誉标间开发商精装修西南朝向,https://cd.ke.com/ershoufang/19122917710100188344.html,天誉花园,https://cd.ke.com/xiaoqu/1611061049144/,低楼层(共26层),2016年建,1室1厅,43.27平米,西南,0,2月前发布
1448,36.7平、48w的，已经满二了销售,https://cd.ke.com/ershoufang/19122917710100184347.html,俊发星雅俊园,https://cd.ke.com/xiaoqu/1611060973372/,中楼层(共20层),2015年建,1室0厅,36.7平米,东南,0,2月前发布
1449,户型正气标准套二，中间楼层采光好,https://cd.ke.com/ershoufang/19122917710100184162.html,新半边街10号,https://cd.ke.com/xiaoqu/1611059228624/,中楼层(共7层),1996年建,2室2厅,93.51平米,南,8,2月前发布
1450,锦江明珠2室1厅东北,https://cd.ke.com/ershoufang/19122917710100181949.html,锦江明珠,https://cd.ke.com/xiaoqu/1611041513765/,中楼层(共32层),2009年建,2室1厅,61.42平米,东北,46,2月前发布
1451,东洪广厦户型方正低楼层带阳台诚心出售,https://cd.ke.com/ershoufang/19122917710100174844.html,东洪广厦,https://cd.ke.com/xiaoqu/1611047641103/,低楼层(共34层),2013年建,2室1厅,70.64平米,东南,29,2月前发布
1452,套三，低楼层，户型方正，配套齐全,https://cd.ke.com/ershoufang/19122917710100171440.html,东城拐下街8号,https://cd.ke.com/xiaoqu/1611060080780/,低楼层(共5层),1980年建,3室1厅,62.55平米,南,17,2月前发布
1453,致瑞雅苑套二，清水房，户型没有改动，看房预约。,https://cd.ke.com/ershoufang/19122917710100171159.html,致瑞雅苑B区,https://cd.ke.com/xiaoqu/168480461959337/,低楼层(共29层),2015年建,2室1厅,88.3平米,西南,10,2月前发布
1454,东洪广厦精装套三，诚心出售，方便看房,https://cd.ke.com/ershoufang/19122917710100168979.html,东洪广厦,https://cd.ke.com/xiaoqu/1611047641103/,高楼层(共32层),2013年建,3室1厅,89.5平米,东南,22,2月前发布
1455,合能锦城简装小套二，顶楼视野好,https://cd.ke.com/ershoufang/19122917710100163550.html,合能锦城,https://cd.ke.com/xiaoqu/1611063766797/,高楼层(共32层),2015年建,2室1厅,64平米,东北,8,2月前发布
1456,万达锦华城70住宅标间面积大房东诚心出售,https://cd.ke.com/ershoufang/19122917710100163365.html,万达锦华城,https://cd.ke.com/xiaoqu/1611041535054/,中楼层(共30层),2008年建,1室0厅,44.62平米,东北,18,2月前发布
1457,瑞升望江橡树林三期1室0厅东南,https://cd.ke.com/ershoufang/19122917710100159042.html,瑞升望江橡树林三期,https://cd.ke.com/xiaoqu/1620042888152255/,地下室(共1层)1室0厅,33平米,东南,,,0,2月前发布
1458,橡树林三期中庭套三安静不吵随时可看,https://cd.ke.com/ershoufang/19122917710100158388.html,瑞升望江橡树林三期,https://cd.ke.com/xiaoqu/1620042888152255/,中楼层(共26层),2017年建,3室1厅,78.52平米,西,10,2月前发布
1459,青房云上一期套三双卫带露台有装修,https://cd.ke.com/ershoufang/19122917710100154637.html,青房云上一期,https://cd.ke.com/xiaoqu/3011054505330/,高楼层(共18层),2006年建,3室1厅,131.12平米,南北,9,2月前发布
1460,中新横街3号2室1厅东南,https://cd.ke.com/ershoufang/19122917710100150539.html,中新横街3号,https://cd.ke.com/xiaoqu/169168589172039/,中楼层(共7层),2000年建,2室1厅,82平米,东南,0,2月前发布
1461,莲花新一区优质套一出售,https://cd.ke.com/ershoufang/19122917710100147732.html,莲花新一区,https://cd.ke.com/xiaoqu/1611041520715/,中楼层(共7层),2002年建,1室1厅,48.04平米,南北,2,2月前发布
1462,三圣乡人居东御佲家，唯一平层洋房在售，房东诚心,https://cd.ke.com/ershoufang/19122917710100147192.html,东御佲家,https://cd.ke.com/xiaoqu/1611100029400/,高楼层(共8层),2017年建,4室2厅,142.61平米,东南,39,2月前发布
1463,地铁口拎包套二，带电梯口车位！！全新装修，对中庭,https://cd.ke.com/ershoufang/19122917710100145144.html,绿地468云玺五期,https://cd.ke.com/xiaoqu/1620026673981109/,高楼层(共39层)2室1厅,77平米,西北,,,19,2月前发布
1464,镏金岁月，标准车位，欢迎带看。,https://cd.ke.com/ershoufang/19122917710100144367.html,镏金岁月,https://cd.ke.com/xiaoqu/1611041550235/,地下室(共层),2010年建,1室0厅,36.95平米,东南,0,2月前发布
1465,三圣乡俊发星雅俊园套一跃层朝南,https://cd.ke.com/ershoufang/19122917710100142839.html,俊发星雅俊园,https://cd.ke.com/xiaoqu/1611060973372/,中楼层(共20层),2015年建,1室1厅,29.08平米,南,0,2月前发布
1466,校园春天3室1厅东北,https://cd.ke.com/ershoufang/19122917710100134569.html,校园春天,https://cd.ke.com/xiaoqu/1611057880294/,中楼层(共6层),2004年建,3室1厅,93.46平米,东北,4,2月前发布
1467,锦江华庭2居室，业主自住，精装修，看房提前预约,https://cd.ke.com/ershoufang/19122917710100133791.html,锦江华庭,https://cd.ke.com/xiaoqu/1611059189106/,低楼层(共21层),2007年建,2室2厅,87.32平米,南,9,2月前发布
1468,万达锦华城70年，对中庭住宅标间，安静可自住,https://cd.ke.com/ershoufang/19122917710100121874.html,万达锦华城,https://cd.ke.com/xiaoqu/1611041535054/,高楼层(共30层),2008年建,1室1厅,53.45平米,东南,20,2月前发布
1469,精装修大套二，可以直接拎包入住。,https://cd.ke.com/ershoufang/19122917710100120180.html,鑫苑名家二期,https://cd.ke.com/xiaoqu/1611047301096/,低楼层(共34层),2012年建,2室2厅,81.26平米,东南,3,2月前发布
1470,成都花园上城2室2厅南,https://cd.ke.com/ershoufang/20031217710100144443.html,成都花园上城,https://cd.ke.com/xiaoqu/1611041601163/,低楼层(共22层),2009年建,2室2厅,98.39平米,南,0,今天发布
1471,怡馨花园A区1室0厅东,https://cd.ke.com/ershoufang/20031217710100142167.html,怡馨花园A区,https://cd.ke.com/xiaoqu/1611041811113/,地下室(共1层)1室0厅,38.08平米,东,,,0,今天发布
1472,优品道一期3室2厅南,https://cd.ke.com/ershoufang/20031217710100127747.html,优品道一期,https://cd.ke.com/xiaoqu/1617975788973477/,低楼层(共9层),2006年建,3室2厅,142.41平米,南,0,今天发布
1473,横四道街7号3室2厅南,https://cd.ke.com/ershoufang/20031217710100129522.html,横四道街7号,https://cd.ke.com/xiaoqu/3011054167520/,高楼层(共6层),1995年建,3室2厅,90.82平米,南,0,今天发布
1474,优品道二期3室1厅东,https://cd.ke.com/ershoufang/20031217710100125032.html,优品道二期,https://cd.ke.com/xiaoqu/1617975849005219/,中楼层(共11层),2006年建,3室1厅,149.83平米,东,0,今天发布
1475,天府广场旁东华门街多层套二通透户型小区环境好,https://cd.ke.com/ershoufang/20031217710100114987.html,东华门街19号,https://cd.ke.com/xiaoqu/3011053822036/,高楼层(共7层)2室1厅,60.94平米,西南,,,2,今天发布
1476,现代城人民公园2室1厅西南,https://cd.ke.com/ershoufang/20031217710100114544.html,现代城人民公园,https://cd.ke.com/xiaoqu/1611041622435/,低楼层(共23层),2004年建,2室1厅,70.18平米,西南,1,今天发布
1477,朗诗西溪里2室2厅东南,https://cd.ke.com/ershoufang/20031217710100111573.html,朗诗西溪里,https://cd.ke.com/xiaoqu/1611062695359/,高楼层(共33层),2016年建,2室2厅,53.27平米,东南,0,今天发布
1478,万科金色领域标准地下车库车位出售,https://cd.ke.com/ershoufang/20031217710100101815.html,万科金色领域,https://cd.ke.com/xiaoqu/1611044699628/,地下室(共层)1室0厅,33平米,东,,,0,今天发布
1479,群益路2号2室1厅南,https://cd.ke.com/ershoufang/20031217710100101312.html,群益路2号,https://cd.ke.com/xiaoqu/1611061360091/,高楼层(共7层),2000年建,2室1厅,81.43平米,南,0,今天发布
1480,凯德风尚居家装修一楼有花园有阳台,https://cd.ke.com/ershoufang/20031117710100224234.html,凯德风尚,https://cd.ke.com/xiaoqu/1611043174238/,低楼层(共19层),2012年建,2室2厅,80.34平米,北,2,今天发布
1481,标准车位，房东诚心卖。小区环境好,https://cd.ke.com/ershoufang/20031117710100220183.html,保利香槟光华,https://cd.ke.com/xiaoqu/1611060968918/,地下室(共层)1室0厅,30平米,南,,,0,今天发布
1482,二十一世纪花园四期，中间楼层，,https://cd.ke.com/ershoufang/20031117710100218777.html,二十一世纪花园四期,https://cd.ke.com/xiaoqu/1611042007639/,中楼层(共7层),2003年建,2室2厅,91平米,北南,1,今天发布
1483,省医院宿舍二区3室1厅南,https://cd.ke.com/ershoufang/20031117710100211883.html,省医院宿舍二区,https://cd.ke.com/xiaoqu/1611061381499/,低楼层(共6层),1997年建,3室1厅,73.59平米,南,0,今天发布
1484,（温馨婚房精装）大客厅套二装修花了十多万,https://cd.ke.com/ershoufang/20031117710100204952.html,方正东街58号,https://cd.ke.com/xiaoqu/1620041458588958/,低楼层(共6层)2室1厅,47.6平米,西北,,,0,今天发布
1485,此房简单装修，有阳台，安静。户型方正有装修。,https://cd.ke.com/ershoufang/20031117710100206194.html,左右,https://cd.ke.com/xiaoqu/1611041556995/,低楼层(共25层),2010年建,2室1厅,65.81平米,南,0,今天发布
1486,优品道套二不临街朝南有装修,https://cd.ke.com/ershoufang/20031117710100196594.html,优品道三期,https://cd.ke.com/xiaoqu/1611043164053/,低楼层(共22层),2010年建,2室1厅,88平米,南,0,今天发布
1487,属于泡小西区，小套2，户型不错、朝南安静,https://cd.ke.com/ershoufang/20031117710100197759.html,朗基龙堂,https://cd.ke.com/xiaoqu/1611041619788/,低楼层(共27层),2010年建,2室2厅,82平米,南,0,今天发布
1488,元益花园2室2厅南北,https://cd.ke.com/ershoufang/20031117710100195830.html,元益花园,https://cd.ke.com/xiaoqu/1611043140046/,高楼层(共21层),2014年建,2室2厅,79.37平米,南北,0,今天发布
1489,优品道央作，不临街，朝南，带阳台，拎包入住,https://cd.ke.com/ershoufang/20031117710100204736.html,优品道央作,https://cd.ke.com/xiaoqu/1617976285998446/,高楼层(共23层),2010年建,2室1厅,90.27平米,南,0,今天发布
1490,中铁西城西苑精装修套二对中庭满两年,https://cd.ke.com/ershoufang/20031117710100194296.html,中铁西城西苑,https://cd.ke.com/xiaoqu/1611049846784/,低楼层(共18层),2014年建,2室1厅,80.84平米,东,0,今天发布
1491,天邑花园套二带花园看房预约,https://cd.ke.com/ershoufang/20031117710100191762.html,天邑花园,https://cd.ke.com/xiaoqu/1611041583927/,低楼层(共11层),2008年建,2室1厅,94.48平米,西,5,今天发布
1492,户型房正，采光好安静，东西通透，有装修、房间大,https://cd.ke.com/ershoufang/20031117710100181245.html,东坡小区,https://cd.ke.com/xiaoqu/1611041785771/,高楼层(共7层),2000年建,2室1厅,74.75平米,东西,0,今天发布
1493,满五年，带花园，中庭位置，无抵押无按揭，安静不临街,https://cd.ke.com/ershoufang/20031117710100186583.html,光华馨地,https://cd.ke.com/xiaoqu/1611041580934/,高楼层(共11层),2006年建,3室1厅,94.43平米,北,0,今天发布
1494,文化宫4+7号地铁口小套二商圈成熟,https://cd.ke.com/ershoufang/20031117710100184643.html,卧龙晓城,https://cd.ke.com/xiaoqu/1611042045164/,低楼层(共6层),2003年建,2室1厅,60.81平米,南,1,今天发布
1495,地铁口安静不临街采光好视野开阔,https://cd.ke.com/ershoufang/20031117710100180660.html,锦欣苑,https://cd.ke.com/xiaoqu/1611061069912/,高楼层(共7层),1999年建,2室1厅,58.43平米,南,0,今天发布
1496,现代城人民公园2室1厅西南,https://cd.ke.com/ershoufang/20031117710100171793.html,现代城人民公园,https://cd.ke.com/xiaoqu/1611041622435/,高楼层(共23层),2004年建,2室1厅,83平米,西南,0,今天发布
1497,浪琴湾4室2厅东,https://cd.ke.com/ershoufang/20031117710100173192.html,浪琴湾,https://cd.ke.com/xiaoqu/1611041620095/,低楼层(共7层),2004年建,4室2厅,77.25平米,东,0,今天发布
1498,青华路8号2室1厅南,https://cd.ke.com/ershoufang/20031117710100170676.html,青华路8号,https://cd.ke.com/xiaoqu/1611058723373/,高楼层(共7层),2001年建,2室1厅,62.77平米,南,0,今天发布
1499,锦西民宅3室2厅南,https://cd.ke.com/ershoufang/20031117710100174318.html,锦西民宅,https://cd.ke.com/xiaoqu/1611041924425/,低楼层(共6层),2000年建,3室2厅,144.18平米,南,0,今天发布
1500,锦绣光华精装套二，装修好，保养好,https://cd.ke.com/ershoufang/20031117710100172154.html,锦绣光华,https://cd.ke.com/xiaoqu/1611041618340/,低楼层(共18层),2010年建,2室2厅,89.84平米,西南,2,今天发布
1501,蓝光COCO金沙一期2室1厅西北,https://cd.ke.com/ershoufang/20031117710100156661.html,蓝光COCO金沙一期,https://cd.ke.com/xiaoqu/1611047610092/,中楼层(共22层),2014年建,2室1厅,65.19平米,西北,0,今天发布
1502,青羊区培风小区80号青羊教师公寓,https://cd.ke.com/ershoufang/20031117710100156433.html,培风小区80号,https://cd.ke.com/xiaoqu/1611041578057/,高楼层(共10层)3室2厅,132.83平米,东,,,0,今天发布
1503,精装套三，带空中阁楼可做套四，带子母车位,https://cd.ke.com/ershoufang/20031117710100158953.html,保利香槟光华,https://cd.ke.com/xiaoqu/1611060968918/,高楼层(共18层),2014年建,3室2厅,89平米,北,3,今天发布
1504,跃层小户型楼上卧室楼下客厅厨房卫生间中等装修,https://cd.ke.com/ershoufang/20031117710100153548.html,城市物语,https://cd.ke.com/xiaoqu/1611041784842/,中楼层(共10层),2003年建,1室1厅,36.64平米,东,0,今天发布
1505,光华逸家2室1厅东南,https://cd.ke.com/ershoufang/20031117710100151164.html,光华逸家,https://cd.ke.com/xiaoqu/1611047799476/,低楼层(共17层),2014年建,2室1厅,52.78平米,东南,0,今天发布
1506,中海金沙府东南朝向对中庭三居室,https://cd.ke.com/ershoufang/20031117710100145064.html,中海金沙府,https://cd.ke.com/xiaoqu/1611043119754/,中楼层(共31层),2012年建,3室1厅,134.35平米,东南,0,今天发布
1507,清江苑2室1厅东南,https://cd.ke.com/ershoufang/20031117710100146194.html,清江苑,https://cd.ke.com/xiaoqu/1620026460944873/,高楼层(共7层)2室1厅,82.86平米,东南,,,0,今天发布
1508,齐力花园3室2厅南,https://cd.ke.com/ershoufang/20031117710100141444.html,齐力花园,https://cd.ke.com/xiaoqu/1611041739029/,低楼层(共7层),2002年建,3室2厅,133.86平米,南,0,今天发布
1509,佳兆业广场标准套二清水房对中庭楼层好,https://cd.ke.com/ershoufang/20031117710100128286.html,佳兆业广场,https://cd.ke.com/xiaoqu/166988596260316/,低楼层(共15层)2室2厅,66.21平米,东,,,0,今天发布
1510,金沙鹭岛三期3室2厅西北,https://cd.ke.com/ershoufang/20031117710100131251.html,金沙鹭岛三期,https://cd.ke.com/xiaoqu/1611043175848/,高楼层(共28层),2014年建,3室2厅,125.71平米,西北,0,今天发布
1511,人民中路一段11号4室2厅东,https://cd.ke.com/ershoufang/20031117710100129658.html,人民中路一段11号,https://cd.ke.com/xiaoqu/1620039786863878/,中楼层(共6层)4室2厅,102平米,东,,,2,今天发布
1512,华府世家1室1厅南,https://cd.ke.com/ershoufang/20031117710100126746.html,华府世家,https://cd.ke.com/xiaoqu/1611044076899/,低楼层(共25层),2012年建,1室1厅,51.18平米,南,0,今天发布
1513,西城家园(青羊)2室1厅东南,https://cd.ke.com/ershoufang/20031117710100117689.html,西城家园(青羊),https://cd.ke.com/xiaoqu/1611042045497/,高楼层(共6层),2000年建,2室1厅,85.9平米,东南,0,今天发布
1514,东南朝向，套二可变小套三，安静不临街,https://cd.ke.com/ershoufang/20031117710100117884.html,蓝光凯丽美域,https://cd.ke.com/xiaoqu/1611041584809/,高楼层(共31层),2010年建,2室1厅,77.58平米,东南,1,今天发布
1515,二十一世纪花园三期精装套三中间楼层,https://cd.ke.com/ershoufang/20031117710100121755.html,二十一世纪花园三期,https://cd.ke.com/xiaoqu/1611043447758/,中楼层(共8层),2003年建,3室2厅,130.09平米,南,1,今天发布
1516,双清中路40号简装锦欣苑,https://cd.ke.com/ershoufang/20031117710100112886.html,锦欣苑,https://cd.ke.com/xiaoqu/1611061069912/,高楼层(共7层),1999年建,2室1厅,58.43平米,南,1,今天发布
1517,俊发时光俊园1室1厅东,https://cd.ke.com/ershoufang/20031117710100112683.html,俊发时光俊园,https://cd.ke.com/xiaoqu/1611049464265/,高楼层(共21层)1室1厅,42.09平米,东,,,0,今天发布
1518,财大地铁口标准套三户型方正不临街诚意出售,https://cd.ke.com/ershoufang/20031117710100105834.html,双清南路4号,https://cd.ke.com/xiaoqu/1611041824810/,高楼层(共7层),2000年建,3室2厅,82.4平米,南,0,今天发布
1519,tt尚品2室1厅北,https://cd.ke.com/ershoufang/20031117710100108753.html,tt尚品,https://cd.ke.com/xiaoqu/1611041574587/,低楼层(共18层),2007年建,2室1厅,86.71平米,北,0,今天发布
1520,翠微清波A区3室2厅西北,https://cd.ke.com/ershoufang/20031117710100103499.html,翠微清波A区,https://cd.ke.com/xiaoqu/1611041602744/,低楼层(共18层),2008年建,3室2厅,113.07平米,西北,0,今天发布
1521,此房为青羊区政府单位房，标准套二单卫，户型好,https://cd.ke.com/ershoufang/20031117710100103385.html,石人南路13号,https://cd.ke.com/xiaoqu/3011056042810/,中楼层(共7层),1999年建,2室1厅,81.12平米,东南,2,今天发布
1522,西门贝森正规标间朝东无遮挡,https://cd.ke.com/ershoufang/20031117710100103049.html,美丽朋城,https://cd.ke.com/xiaoqu/1611041803949/,低楼层(共12层),2007年建,1室0厅,38.67平米,东,0,今天发布
1523,世纪金沙3室2厅东南,https://cd.ke.com/ershoufang/20031017710100214195.html,世纪金沙,https://cd.ke.com/xiaoqu/1611041583154/,高楼层(共24层),2009年建,3室2厅,117.99平米,东南,0,2天前发布
1524,房东诚心出售两个房间都带有飘窗,https://cd.ke.com/ershoufang/20031017710100212443.html,清溪雅筑,https://cd.ke.com/xiaoqu/1611047819375/,高楼层(共18层),2012年建,2室1厅,73.9平米,东南,5,2天前发布
1525,锦里苑3室2厅北,https://cd.ke.com/ershoufang/20031017710100207044.html,锦里苑,https://cd.ke.com/xiaoqu/1611042818900/,低楼层(共8层),1998年建,3室2厅,157.6平米,北,0,2天前发布
1526,元益花园2室1厅东,https://cd.ke.com/ershoufang/20031017710100196243.html,元益花园,https://cd.ke.com/xiaoqu/1611043140046/,高楼层(共21层),2014年建,2室1厅,78.77平米,东,1,2天前发布
1527,清水路苑、交通便利、配套成熟、采光好,https://cd.ke.com/ershoufang/20031017710100190798.html,清水路苑,https://cd.ke.com/xiaoqu/1611057410255/,中楼层(共18层),2012年建,3室2厅,89平米,北,0,2天前发布
1528,精装修安静不临街中间楼层,https://cd.ke.com/ershoufang/20031017710100189224.html,长富新城,https://cd.ke.com/xiaoqu/3011053431391/,中楼层(共26层),2004年建,1室0厅,40.45平米,南,8,2天前发布
1529,精装大套三，采光很好，对中庭的，户型方正,https://cd.ke.com/ershoufang/20031017710100180758.html,锦绣光华,https://cd.ke.com/xiaoqu/1611041618340/,中楼层(共21层),2010年建,3室2厅,106.01平米,西南南,2,2天前发布
1530,正府街28号3室1厅南北,https://cd.ke.com/ershoufang/20031017710100179167.html,正府街28号,https://cd.ke.com/xiaoqu/3011053837975/,低楼层(共7层),1999年建,3室1厅,79平米,南北,0,2天前发布
1531,凤栖桐2室1厅东南,https://cd.ke.com/ershoufang/20031017710100175771.html,凤栖桐,https://cd.ke.com/xiaoqu/3011054833607/,中楼层(共32层),2011年建,2室1厅,59.06平米,东南,1,2天前发布
1532,铸信境界地下产权大车位，36平,https://cd.ke.com/ershoufang/20031017710100169560.html,铸信境界,https://cd.ke.com/xiaoqu/1611041556151/,地下室(共层),2011年建,1室0厅,36.92平米,东,0,2天前发布
1533,实业街17号套三南北通透有采光,https://cd.ke.com/ershoufang/20031017710100169621.html,实业街17号,https://cd.ke.com/xiaoqu/3011055634878/,高楼层(共7层)3室2厅,84.5平米,南北,,,1,2天前发布
1534,蓝光coco蜜城精装大平层套四户型,https://cd.ke.com/ershoufang/20031017710100167658.html,蓝光COCO蜜城,https://cd.ke.com/xiaoqu/1611047132714/,低楼层(共20层)4室1厅,94.23平米,南,,,11,2天前发布
1535,海棠月色1室0厅南,https://cd.ke.com/ershoufang/20031017710100167441.html,海棠月色,https://cd.ke.com/xiaoqu/1611042971341/,高楼层(共8层),2002年建,1室0厅,32.52平米,南,2,2天前发布
1536,蓝光凯丽美域标准套三户型自住装修带入户,https://cd.ke.com/ershoufang/20031017710100167290.html,蓝光凯丽美域,https://cd.ke.com/xiaoqu/1611041584809/,低楼层(共31层),2010年建,3室2厅,89.13平米,西南,3,2天前发布
1537,金沙鹭岛四期3室2厅南,https://cd.ke.com/ershoufang/20031017710100166847.html,金沙鹭岛四期,https://cd.ke.com/xiaoqu/167512342934401/,低楼层(共30层),2017年建,3室2厅,117.88平米,南,1,2天前发布
1538,花语城套二，近地铁，装修保养好,https://cd.ke.com/ershoufang/20031017710100165376.html,荣盛花语城,https://cd.ke.com/xiaoqu/1611063648395/,高楼层(共20层),2014年建,2室1厅,62.19平米,东,2,2天前发布
1539,清水路苑2室2厅东,https://cd.ke.com/ershoufang/20031017710100165270.html,清水路苑,https://cd.ke.com/xiaoqu/1611057410255/,低楼层(共18层),2012年建,2室2厅,83平米,东,0,2天前发布
1540,南桥视窗可以上户读彩虹在釜山国际人民公园地铁口,https://cd.ke.com/ershoufang/20031017710100164897.html,南桥视窗,https://cd.ke.com/xiaoqu/3011053926395/,中楼层(共19层),2006年建,1室1厅,53.44平米,南,0,2天前发布
1541,此房满五年，中间楼层，朝南户型，采光充足，标准套一,https://cd.ke.com/ershoufang/20031017710100163496.html,证大正府,https://cd.ke.com/xiaoqu/3011053839948/,高楼层(共32层),2010年建,1室1厅,61.93平米,东南,0,2天前发布
1542,元益花园套3住家装修.房东诚心出售,https://cd.ke.com/ershoufang/20031017710100156232.html,元益花园,https://cd.ke.com/xiaoqu/1611043140046/,低楼层(共21层),2014年建,3室2厅,114平米,西,0,2天前发布
1543,清水绿苑顶跃有花园朝南采光好,https://cd.ke.com/ershoufang/20031017710100160541.html,清水绿苑,https://cd.ke.com/xiaoqu/1611041732220/,高楼层(共9层),2002年建,7室2厅,278.42平米,南,2,2天前发布
1544,西门2.5环保利贝森公馆精装房出售,https://cd.ke.com/ershoufang/20031017710100157236.html,保利贝森公馆,https://cd.ke.com/xiaoqu/1611047088028/,低楼层(共29层),2013年建,3室2厅,140.21平米,南,0,2天前发布
1545,上河新城2室2厅东,https://cd.ke.com/ershoufang/20031017710100155969.html,上河新城,https://cd.ke.com/xiaoqu/3011053889173/,高楼层(共18层),2005年建,2室2厅,76.38平米,东,0,2天前发布
1546,此房满五唯一，房东诚心出售，价格可谈。,https://cd.ke.com/ershoufang/20031017710100153375.html,橙花风景,https://cd.ke.com/xiaoqu/1611041554256/,低楼层(共28层),2008年建,2室1厅,88.94平米,西南,1,2天前发布
1547,清水河畔2室2厅东,https://cd.ke.com/ershoufang/20031017710100151580.html,清水河畔,https://cd.ke.com/xiaoqu/1611041558279/,高楼层(共23层),2008年建,2室2厅,86.3平米,东,1,2天前发布
1548,人民中路一段5号小区+低楼层+户型好,https://cd.ke.com/ershoufang/20031017710100150371.html,人民中路一段5号,https://cd.ke.com/xiaoqu/3011052264362/,低楼层(共5层),1984年建,2室1厅,70.3平米,东,0,2天前发布
1549,左右小区简装套一随时可看,https://cd.ke.com/ershoufang/20031017710100151095.html,左右,https://cd.ke.com/xiaoqu/1611041556995/,低楼层(共25层),2010年建,1室1厅,41.86平米,东,0,2天前发布
1550,优品道四期曦岸2室1厅东南,https://cd.ke.com/ershoufang/20031017710100145380.html,优品道四期曦岸,https://cd.ke.com/xiaoqu/1611045493370/,高楼层(共31层),2013年建,2室1厅,91.5平米,东南,4,2天前发布
1551,精装修大套二带衣帽间交通便利，配套设施齐全,https://cd.ke.com/ershoufang/20031017710100144499.html,凯德风尚,https://cd.ke.com/xiaoqu/1611043174238/,低楼层(共19层),2012年建,2室1厅,94.11平米,东,1,2天前发布
1552,品质小区，诚意出售，中间楼层，采光好,https://cd.ke.com/ershoufang/20031017710100135795.html,长虹和悦府,https://cd.ke.com/xiaoqu/1611063890469/,中楼层(共20层),2015年建,2室1厅,58.42平米,东,2,2天前发布
1553,低楼层，简单装修，可直接拎包入住,https://cd.ke.com/ershoufang/20031017710100134233.html,石人南路35号,https://cd.ke.com/xiaoqu/3011056015626/,低楼层(共7层),1997年建,3室1厅,75平米,东南,0,2天前发布
1554,文殊院双眼井旁套四双卫低楼层,https://cd.ke.com/ershoufang/20031017710100128993.html,通顺苑,https://cd.ke.com/xiaoqu/1611059249943/,低楼层(共7层),2000年建,4室2厅,142平米,南,0,2天前发布
1555,清水河畔套三业主自住装修保养好,https://cd.ke.com/ershoufang/20031017710100127885.html,清水河畔,https://cd.ke.com/xiaoqu/1611041558279/,低楼层(共23层),2008年建,3室2厅,98.22平米,西南,1,2天前发布
1556,保利金香槟精装套四双卫对中庭,https://cd.ke.com/ershoufang/20031017710100125189.html,保利金香槟,https://cd.ke.com/xiaoqu/1611043451443/,中楼层(共18层),2012年建,4室2厅,133.64平米,南,1,2天前发布
1557,青羊万达标间出售，精装修，交通方便,https://cd.ke.com/ershoufang/20031017710100124568.html,成都青羊万达广场,https://cd.ke.com/xiaoqu/1611100040029/,中楼层(共27层),2016年建,1室0厅,38.57平米,南,1,2天前发布
1558,西子香荷5栋车位出售产权清晰,https://cd.ke.com/ershoufang/20031017710100122050.html,中铁西子香荷,https://cd.ke.com/xiaoqu/1611041555455/,地下室(共层),2010年建,1室0厅,23.14平米,东,0,2天前发布
1559,锦江时代花园标准套四地段好不临街人民公园旁边,https://cd.ke.com/ershoufang/20031017710100120048.html,锦江时代花园,https://cd.ke.com/xiaoqu/3011054216189/,低楼层(共18层),2003年建,4室2厅,177.26平米,南,0,2天前发布
1560,六月花苑3室2厅东南,https://cd.ke.com/ershoufang/20031017710100116475.html,六月花苑,https://cd.ke.com/xiaoqu/3011056031833/,低楼层(共4层),2002年建,3室2厅,142.5平米,东南,1,2天前发布
1561,双玺1室1厅西,https://cd.ke.com/ershoufang/20031017710100120427.html,双玺,https://cd.ke.com/xiaoqu/1611041609498/,高楼层(共18层),2011年建,1室1厅,53.1平米,西,0,2天前发布
1562,保利香槟光华精装套三出售对中庭小区环境好,https://cd.ke.com/ershoufang/20031017710100114916.html,保利香槟光华,https://cd.ke.com/xiaoqu/1611060968918/,低楼层(共18层),2014年建,3室1厅,76.74平米,东,1,2天前发布
1563,人民中路一段五号，背靠天府广场,https://cd.ke.com/ershoufang/20031017710100111561.html,人民中路一段5号,https://cd.ke.com/xiaoqu/3011052264362/,低楼层(共6层),1984年建,3室1厅,86.5平米,南,1,2天前发布
1564,青龙街新上房源总价低标准套二,https://cd.ke.com/ershoufang/20031017710100106315.html,青龙街71号,https://cd.ke.com/xiaoqu/3011053918422/,高楼层(共6层)2室1厅,61.44平米,东,,,4,2天前发布
1565,元益花园3室2厅东,https://cd.ke.com/ershoufang/20031017710100107310.html,元益花园,https://cd.ke.com/xiaoqu/1611043140046/,高楼层(共21层),2014年建,3室2厅,83.8平米,东,2,2天前发布
1566,鹭岛三期全对中庭，安静，采光好，有装修套二,https://cd.ke.com/ershoufang/20031017710100106191.html,金沙鹭岛三期,https://cd.ke.com/xiaoqu/1611043175848/,高楼层(共28层),2014年建,2室2厅,84.59平米,东北,0,2天前发布
1567,上河新城2室2厅南,https://cd.ke.com/ershoufang/20031017710100100564.html,上河新城,https://cd.ke.com/xiaoqu/3011053889173/,高楼层(共9层),2005年建,2室2厅,88.04平米,南,7,2天前发布
1568,套二精装修户型方正，客厅带阳台,https://cd.ke.com/ershoufang/20031017710100100297.html,清溪雅筑,https://cd.ke.com/xiaoqu/1611047819375/,中楼层(共18层),2012年建,2室2厅,73.03平米,东,0,2天前发布
1569,光华欣苑简装套三双卫采光好有车位,https://cd.ke.com/ershoufang/20030917710100183459.html,光华欣苑,https://cd.ke.com/xiaoqu/1612880413207629/,低楼层(共20层)3室2厅,107.69平米,东,,,0,3天前发布
1570,佳兆业广场2室2厅东东南,https://cd.ke.com/ershoufang/20030917710100181416.html,佳兆业广场,https://cd.ke.com/xiaoqu/166988596260316/,高楼层(共15层),2012年建,2室2厅,68.71平米,东东南,0,3天前发布
1571,中铁西城东苑2室2厅东,https://cd.ke.com/ershoufang/20030917710100180766.html,中铁西城东苑,https://cd.ke.com/xiaoqu/1611047975132/,低楼层(共18层),2012年建,2室2厅,85.99平米,东,1,3天前发布
1572,锦秀民居2室1厅东南,https://cd.ke.com/ershoufang/20030917710100174528.html,锦秀民居,https://cd.ke.com/xiaoqu/1611041819954/,中楼层(共7层),2001年建,2室1厅,95平米,东南,0,3天前发布
1573,房屋标准套一，住家装修，可拎包入住，明厨明卫带阳台,https://cd.ke.com/ershoufang/20030917710100170894.html,现代城人民公园,https://cd.ke.com/xiaoqu/1611041622435/,低楼层(共23层),2004年建,1室1厅,54.21平米,东北,2,3天前发布
1574,电梯跃层满五唯一，跃层电梯房,https://cd.ke.com/ershoufang/20030917710100169619.html,丽阳天下,https://cd.ke.com/xiaoqu/1611059530903/,低楼层(共23层),2001年建,1室1厅,62.03平米,东南,0,3天前发布
1575,房子在地铁线通惠门路站交通方便,https://cd.ke.com/ershoufang/20030917710100164488.html,通惠门路25号,https://cd.ke.com/xiaoqu/3011053412025/,高楼层(共7层),1999年建,2室2厅,74.7平米,西,0,3天前发布
1576,蓝光负一楼电梯口大车位原价出售,https://cd.ke.com/ershoufang/20030917710100164311.html,蓝光SOFA社区,https://cd.ke.com/xiaoqu/1611048335846/,地下室(共层)1室0厅,28.85平米,东,,,1,3天前发布
1577,花样年华新街坊二期2室1厅东,https://cd.ke.com/ershoufang/20030917710100161067.html,花样年华新街坊二期,https://cd.ke.com/xiaoqu/1611059316102/,中楼层(共25层),2009年建,2室1厅,64.85平米,东,1,3天前发布
1578,顺城大街，融城云熙，曹家巷恒大广场，金牛万达广场,https://cd.ke.com/ershoufang/20030917710100157950.html,融城云熙,https://cd.ke.com/xiaoqu/3011053723141/,高楼层(共29层)2室2厅,104.67平米,东南,,,1,3天前发布
1579,户型方正，朝东视野好，明厨明卫有装修。,https://cd.ke.com/ershoufang/20030917710100158372.html,齐力碧水湾,https://cd.ke.com/xiaoqu/1611041579253/,高楼层(共18层),2007年建,2室1厅,86平米,东南,2,3天前发布
1580,清水路苑2室2厅南,https://cd.ke.com/ershoufang/20030917710100152636.html,清水路苑,https://cd.ke.com/xiaoqu/1611057410255/,低楼层(共18层),2012年建,2室2厅,89.1平米,南,0,3天前发布
1581,中铁瑞景颐城4室1厅南,https://cd.ke.com/ershoufang/20030917710100150118.html,中铁瑞景颐城,https://cd.ke.com/xiaoqu/1611049057688/,高楼层(共20层),2013年建,4室1厅,119平米,南,0,3天前发布
1582,锦天国际低楼层明厨明卫装修好,https://cd.ke.com/ershoufang/20030917710100144032.html,锦天国际,https://cd.ke.com/xiaoqu/3011053776089/,低楼层(共32层),2009年建,1室1厅,61.59平米,南,1,3天前发布
1583,万科金色领域，精装套二,https://cd.ke.com/ershoufang/20030917710100143475.html,万科金色领域,https://cd.ke.com/xiaoqu/1611044699628/,低楼层(共24层),2012年建,2室1厅,81.82平米,南,2,3天前发布
1584,时代凯悦1室1厅东南,https://cd.ke.com/ershoufang/20030917710100143336.html,时代凯悦,https://cd.ke.com/xiaoqu/1611058909990/,高楼层(共40层),2006年建,1室1厅,48.52平米,东南,0,3天前发布
1585,对中庭，安静不吵，采光好，客厅带大阳台,https://cd.ke.com/ershoufang/20030917710100136528.html,元益花园,https://cd.ke.com/xiaoqu/1611043140046/,中楼层(共21层),2014年建,3室2厅,104.82平米,东西,0,3天前发布
1586,不对三环采光不错，楼层适中，清水房,https://cd.ke.com/ershoufang/20030917710100136016.html,金沙城锦西观堂,https://cd.ke.com/xiaoqu/16000000001766/,中楼层(共21层)4室2厅,134.79平米,西北,,,2,3天前发布
1587,外光华品质小区，精装修小套二，可拎包入住,https://cd.ke.com/ershoufang/20030917710100133729.html,长虹和悦府,https://cd.ke.com/xiaoqu/1611063890469/,中楼层(共20层),2015年建,2室1厅,60.93平米,西西北,7,3天前发布
1588,金阳易诚国际2室1厅北,https://cd.ke.com/ershoufang/20030917710100129513.html,金阳易诚国际,https://cd.ke.com/xiaoqu/1611043100741/,高楼层(共22层),2010年建,2室1厅,79.19平米,北,1,3天前发布
1589,元益花园2室1厅北,https://cd.ke.com/ershoufang/20030917710100125338.html,元益花园,https://cd.ke.com/xiaoqu/1611043140046/,高楼层(共21层),2014年建,2室1厅,80.66平米,北,1,3天前发布
1590,守经街新上房源，总价低，三室，一楼，实得面积大,https://cd.ke.com/ershoufang/20030917710100125228.html,守经街6号,https://cd.ke.com/xiaoqu/1611059312387/,低楼层(共6层)3室0厅,28.69平米,东东南,,,1,3天前发布
1591,铸信境界3室1厅南,https://cd.ke.com/ershoufang/20030917710100124354.html,铸信境界,https://cd.ke.com/xiaoqu/1611041556151/,低楼层(共28层),2009年建,3室1厅,89.87平米,南,0,3天前发布
1592,清江东路11号，标准套二，采光还可以。安静不临街。,https://cd.ke.com/ershoufang/20030917710100120975.html,成勘院,https://cd.ke.com/xiaoqu/1611058694818/,低楼层(共5层)2室1厅,72.33平米,南,,,3,3天前发布
1593,金沙愉景一期3室2厅南,https://cd.ke.com/ershoufang/20030917710100118955.html,金沙愉景一期,https://cd.ke.com/xiaoqu/1611041616877/,高楼层(共10层)3室2厅,138.62平米,南,,,0,3天前发布
1594,标准套一中间层采光不错,https://cd.ke.com/ershoufang/20030917710100114878.html,清溪雅筑,https://cd.ke.com/xiaoqu/1611047819375/,中楼层(共18层),2012年建,1室1厅,49.73平米,东,0,3天前发布
1595,富力公馆3室2厅东南,https://cd.ke.com/ershoufang/20030917710100113217.html,富力公馆,https://cd.ke.com/xiaoqu/3011053825555/,中楼层(共47层),2012年建,3室2厅,163.8平米,东南,0,3天前发布
1596,东原时光道3室1厅东南,https://cd.ke.com/ershoufang/20030917710100112759.html,东原时光道,https://cd.ke.com/xiaoqu/1611063210428/,中楼层(共21层),2015年建,3室1厅,89.75平米,东南,1,3天前发布
1597,西南财大地铁4号线，精装套二，朝南，地段繁华,https://cd.ke.com/ershoufang/20030917710100110935.html,金林大城小室,https://cd.ke.com/xiaoqu/1611042993730/,中楼层(共18层),2009年建,2室1厅,78.67平米,南,1,3天前发布
1598,鼓楼北二街58号院1室1厅西,https://cd.ke.com/ershoufang/20030917710100108413.html,鼓楼北二街58号院,https://cd.ke.com/xiaoqu/1620021833709405/,高楼层(共7层),2000年建,1室1厅,39.5平米,西,0,3天前发布
1599,凯德风尚居家装修三居室双卫有阳台,https://cd.ke.com/ershoufang/20030817710100305791.html,凯德风尚,https://cd.ke.com/xiaoqu/1611043174238/,低楼层(共19层),2012年建,3室2厅,90.25平米,北,2,4天前发布
1600,蓝光coco金沙二期1室1厅南,https://cd.ke.com/ershoufang/20030817710100214790.html,蓝光coco金沙二期,https://cd.ke.com/xiaoqu/1611062950321/,高楼层(共22层),2015年建,1室1厅,29.4平米,南,0,4天前发布
1601,清水路苑、户型方正、采光好、交通便利、配套成熟、,https://cd.ke.com/ershoufang/20030817710100214124.html,清水路苑,https://cd.ke.com/xiaoqu/1611057410255/,高楼层(共18层),2012年建,3室2厅,89平米,北,0,4天前发布
1602,蓝光凯丽美域3室1厅西北,https://cd.ke.com/ershoufang/20030817710100213219.html,蓝光凯丽美域,https://cd.ke.com/xiaoqu/1611041584809/,高楼层(共31层),2010年建,3室1厅,86平米,西北,0,4天前发布
1603,简装大套二户型方正采光好,https://cd.ke.com/ershoufang/20030817710100213079.html,清水路苑,https://cd.ke.com/xiaoqu/1611057410255/,高楼层(共18层),2012年建,2室2厅,89平米,南,0,4天前发布
1604,石人南路39号标准套三中间楼层,https://cd.ke.com/ershoufang/20030817710100209472.html,石人南路39号,https://cd.ke.com/xiaoqu/3011056016495/,中楼层(共7层),1996年建,3室1厅,73.56平米,南北,1,4天前发布
1605,青羊区光华大道置信清水湾精装套三,https://cd.ke.com/ershoufang/20030817710100200041.html,置信清水湾,https://cd.ke.com/xiaoqu/1611041605623/,高楼层(共26层),2010年建,3室1厅,103.46平米,东南,1,4天前发布
1606,新阳光健康家园顶跃带大花园,https://cd.ke.com/ershoufang/20030817710100199294.html,新阳光健康家园,https://cd.ke.com/xiaoqu/1611041924937/,高楼层(共10层)2室1厅,49.09平米,西,,,6,4天前发布
1607,精装套二户型方正采光好,https://cd.ke.com/ershoufang/20030817710100193182.html,清水路苑,https://cd.ke.com/xiaoqu/1611057410255/,中楼层(共18层),2012年建,2室2厅,83平米,南,4,4天前发布
1608,蓝光COCO蜜城2室1厅北,https://cd.ke.com/ershoufang/20030817710100188662.html,蓝光COCO蜜城,https://cd.ke.com/xiaoqu/1611047132714/,高楼层(共30层),2014年建,2室1厅,66.66平米,北,1,4天前发布
1609,品质小区，精装修户型方正，配套齐全交通便利，满两年,https://cd.ke.com/ershoufang/20030817710100184391.html,长虹和悦府,https://cd.ke.com/xiaoqu/1611063890469/,中楼层(共20层),2015年建,2室1厅,60.86平米,北东北,6,4天前发布
1610,泡桐树街20号2室1厅南,https://cd.ke.com/ershoufang/20030817710100186745.html,泡桐树街20号,https://cd.ke.com/xiaoqu/3011055626176/,高楼层(共7层)2室1厅,59.64平米,南,,,1,4天前发布
1611,宽窄巷子旁套三改套四大户型,https://cd.ke.com/ershoufang/20030817710100185640.html,锦都,https://cd.ke.com/xiaoqu/3011053410699/,中楼层(共25层),2005年建,4室2厅,143.11平米,东,6,4天前发布
1612,地铁口，万达盘，标准套三出售，户型方正，采光好！,https://cd.ke.com/ershoufang/20030817710100186335.html,清水路苑,https://cd.ke.com/xiaoqu/1611057410255/,中楼层(共18层),2012年建,3室2厅,89.6平米,北,1,4天前发布
1613,揽胜金沙2室1厅南,https://cd.ke.com/ershoufang/20030817710100182592.html,揽胜金沙,https://cd.ke.com/xiaoqu/1611043282868/,中楼层(共35层),2012年建,2室1厅,69.78平米,南,0,4天前发布
1614,楼层好，采光不错，小区配套齐全。,https://cd.ke.com/ershoufang/20030817710100169374.html,清江东路65号,https://cd.ke.com/xiaoqu/1611062778274/,中楼层(共7层)3室1厅,73.8平米,东,,,0,4天前发布
1615,蓝光coco金沙二期套二装修居家,https://cd.ke.com/ershoufang/20030817710100165195.html,蓝光coco金沙二期,https://cd.ke.com/xiaoqu/1611062950321/,低楼层(共22层),2015年建,2室1厅,49.22平米,西北,3,4天前发布
1616,人民公园08年电梯房，标准一居室，居家装修，,https://cd.ke.com/ershoufang/20030817710100164924.html,冠城花园三期,https://cd.ke.com/xiaoqu/1611060141318/,高楼层(共20层),2008年建,1室1厅,48.6平米,东南,0,4天前发布
1617,西岸蒂景1室1厅东,https://cd.ke.com/ershoufang/20030817710100160974.html,西岸蒂景,https://cd.ke.com/xiaoqu/1611058910819/,中楼层(共12层),2004年建,1室1厅,61.91平米,东,1,4天前发布
1618,新城市广场1室1厅南,https://cd.ke.com/ershoufang/20030817710100159788.html,新城市广场,https://cd.ke.com/xiaoqu/1611059361602/,低楼层(共30层),2003年建,1室1厅,48.11平米,南,0,4天前发布
1619,八宝街2015年次新房标准套二客厅朝南带阳台,https://cd.ke.com/ershoufang/20030817710100161070.html,锦城华府,https://cd.ke.com/xiaoqu/1611061163424/,高楼层(共32层),2015年建,2室1厅,77.01平米,南,4,4天前发布
1620,光华嘉苑2室1厅西,https://cd.ke.com/ershoufang/20030817710100163739.html,光华嘉苑,https://cd.ke.com/xiaoqu/1611058281292/,中楼层(共18层),2006年建,2室1厅,79.36平米,西,0,4天前发布
1621,优品道电梯带大花园，业主诚心出售，看房提前联系,https://cd.ke.com/ershoufang/20030817710100155446.html,优品道三期,https://cd.ke.com/xiaoqu/1611043164053/,低楼层(共23层),2010年建,3室1厅,89.24平米,南北,3,4天前发布
1622,蓝光COCO蜜城2室1厅西,https://cd.ke.com/ershoufang/20030817710100153856.html,蓝光COCO蜜城,https://cd.ke.com/xiaoqu/1611047132714/,高楼层(共31层),2014年建,2室1厅,62.66平米,西,2,4天前发布
1623,清水路苑中庭套二精装住家装修,https://cd.ke.com/ershoufang/20030817710100153440.html,清水路苑,https://cd.ke.com/xiaoqu/1611057410255/,中楼层(共18层),2012年建,2室2厅,83平米,东,2,4天前发布
1624,城置尚豪庭视野宽广，宽敞明亮的房子,https://cd.ke.com/ershoufang/20030817710100152369.html,时代锋尚,https://cd.ke.com/xiaoqu/1611060756066/,中楼层(共22层),2006年建,1室0厅,109.67平米,东南,0,4天前发布
1625,城置尚豪庭宽敞明亮，大户型，视野宽阔,https://cd.ke.com/ershoufang/20030817710100151680.html,时代锋尚,https://cd.ke.com/xiaoqu/1611060756066/,中楼层(共22层),2006年建,1室0厅,152.9平米,东南,0,4天前发布
1626,标准套一户型，开发商统一精装修交付..,https://cd.ke.com/ershoufang/20030817710100150265.html,乐摩筑,https://cd.ke.com/xiaoqu/1611041620915/,中楼层(共26层),2010年建,1室1厅,47平米,东,0,4天前发布
1627,青羊万达成都西站旁清江美庐精装套二预约看房,https://cd.ke.com/ershoufang/20030817710100149728.html,清江美庐,https://cd.ke.com/xiaoqu/3011053205090/,中楼层(共14层),2013年建,2室2厅,59.17平米,东北,0,4天前发布
1628,套四跃层，实得面积较大，前后中庭，中间楼层,https://cd.ke.com/ershoufang/20030817710100148129.html,保利香槟光华,https://cd.ke.com/xiaoqu/1611060968918/,低楼层(共21层),2014年建,4室2厅,99平米,东,0,4天前发布
1629,博瑞一楼带花园套一欧式装修保养好不临街直接入住,https://cd.ke.com/ershoufang/20030817710100149418.html,博瑞都市花园,https://cd.ke.com/xiaoqu/1611043156602/,低楼层(共6层),2002年建,1室1厅,53.06平米,西,3,4天前发布
1630,业主婚房，想变现卖出，寻找有缘人,https://cd.ke.com/ershoufang/20030817710100146011.html,草市街39号,https://cd.ke.com/xiaoqu/1611060755790/,中楼层(共8层),1993年建,2室1厅,59.93平米,南,1,4天前发布
1631,橙花风景精装套三，朝南，高楼层采光好。,https://cd.ke.com/ershoufang/20030817710100143380.html,橙花风景,https://cd.ke.com/xiaoqu/1611041554256/,高楼层(共28层),2008年建,3室2厅,88.65平米,南,25,4天前发布
1632,南桥视窗套一中等装修看房预约,https://cd.ke.com/ershoufang/20030817710100142791.html,南桥视窗,https://cd.ke.com/xiaoqu/3011053926395/,中楼层(共19层),2006年建,1室1厅,52平米,南,1,4天前发布
1633,"采光充足，对中庭，安静不临街，标准套一,户型方正",https://cd.ke.com/ershoufang/20030817710100142321.html,长富新城,https://cd.ke.com/xiaoqu/3011053431391/,中楼层(共25层),2004年建,1室1厅,60.9平米,南,4,4天前发布
1634,人民公园现代城标准套二，安静不临街，采光好。,https://cd.ke.com/ershoufang/20030817710100140595.html,现代城人民公园,https://cd.ke.com/xiaoqu/1611041622435/,低楼层(共23层),2004年建,2室1厅,89.97平米,东南,1,4天前发布
1635,金沙十年标准套二，客厅带阳台。。。,https://cd.ke.com/ershoufang/20030817710100139570.html,金沙十年,https://cd.ke.com/xiaoqu/1611046285571/,低楼层(共27层),2012年建,2室1厅,73.87平米,东南,0,4天前发布
1636,府南新区、2楼、套三！采光好、,https://cd.ke.com/ershoufang/20030817710100138079.html,锦秀民居,https://cd.ke.com/xiaoqu/1611041819954/,低楼层(共7层),2001年建,3室1厅,121.48平米,南,6,4天前发布
1637,翠微清波B区3室2厅南,https://cd.ke.com/ershoufang/20030817710100135470.html,翠微清波B区,https://cd.ke.com/xiaoqu/1611041577158/,高楼层(共18层),2009年建,3室2厅,139.06平米,南,2,4天前发布
1638,精装套一带车位房子朝向对中庭业主诚心出售,https://cd.ke.com/ershoufang/20030817710100135299.html,荣盛花语城,https://cd.ke.com/xiaoqu/1611063648395/,高楼层(共20层),2014年建,1室1厅,41.74平米,南,0,4天前发布
1639,西华苑大套二一楼带花园精装修对中庭,https://cd.ke.com/ershoufang/20030817710100134557.html,西华苑(青羊),https://cd.ke.com/xiaoqu/3011056025284/,低楼层(共6层),2002年建,2室2厅,99.82平米,南,2,4天前发布
1640,锦天国际1室0厅东,https://cd.ke.com/ershoufang/20030817710100129733.html,锦天国际,https://cd.ke.com/xiaoqu/3011053776089/,地下室(共层),2009年建,1室0厅,74.11平米,东,1,4天前发布
1641,满两年，精装朝南套三，采光好，交通方便,https://cd.ke.com/ershoufang/20030817710100128411.html,佳兆业广场,https://cd.ke.com/xiaoqu/166988596260316/,中楼层(共15层),2016年建,3室1厅,88.61平米,南,1,4天前发布
1642,青羊区，电梯住宅，套一有装修。,https://cd.ke.com/ershoufang/20030817710100128133.html,丽舍滨江,https://cd.ke.com/xiaoqu/3011053921703/,中楼层(共10层),2006年建,1室1厅,53.26平米,东南,3,4天前发布
1643,新城市广场2室1厅东南,https://cd.ke.com/ershoufang/20030817710100123191.html,新城市广场,https://cd.ke.com/xiaoqu/1611059361602/,高楼层(共30层),2003年建,2室1厅,71.03平米,东南,2,4天前发布
1644,天合凯旋城精装套二中间楼层视野采光好,https://cd.ke.com/ershoufang/20030817710100119871.html,天合凯旋城,https://cd.ke.com/xiaoqu/1611041583632/,中楼层(共31层),2008年建,2室2厅,86.59平米,东南,7,4天前发布
1645,太升大厦，标准套三，大户型，明厨明卫。,https://cd.ke.com/ershoufang/20030817710100119433.html,太升大厦,https://cd.ke.com/xiaoqu/1611061481405/,中楼层(共26层),2000年建,3室2厅,138平米,南,0,4天前发布
1646,华府金沙套三，卧室带阳台，朝西南,https://cd.ke.com/ershoufang/20030817710100120416.html,华府金沙,https://cd.ke.com/xiaoqu/1611041585473/,高楼层(共32层),2008年建,3室1厅,110.03平米,西南,4,4天前发布
1647,俊发时光俊园2室2厅北,https://cd.ke.com/ershoufang/20030817710100118238.html,俊发时光俊园,https://cd.ke.com/xiaoqu/1611049464265/,高楼层(共21层),2014年建,2室2厅,76.26平米,北,0,4天前发布
1648,中大君悦金沙七期居家套二，对中庭安静。,https://cd.ke.com/ershoufang/20030817710100114127.html,中大君悦金沙七期君逸院,https://cd.ke.com/xiaoqu/1611047383909/,中楼层(共21层),2014年建,2室2厅,89.35平米,东南,1,4天前发布
1649,省气象局套三出售不临街安静,https://cd.ke.com/ershoufang/20030817710100111556.html,省气象局宿舍,https://cd.ke.com/xiaoqu/1611043113335/,低楼层(共6层),1999年建,3室1厅,76平米,南,9,4天前发布
1650,金瓯路330号，套二，清水，产权清晰，过户方便,https://cd.ke.com/ershoufang/20030817710100112175.html,金瓯路330号,https://cd.ke.com/xiaoqu/1611043100427/,高楼层(共6层),1999年建,2室1厅,76.94平米,西南,0,4天前发布
1651,青羊区西门二环内标准套一,https://cd.ke.com/ershoufang/20030817710100109639.html,文苑路48号,https://cd.ke.com/xiaoqu/3011052387393/,高楼层(共7层),1998年建,1室1厅,40.16平米,南,0,4天前发布
1652,浪琴湾2室2厅南,https://cd.ke.com/ershoufang/20030817710100108234.html,浪琴湾,https://cd.ke.com/xiaoqu/1611041620095/,高楼层(共6层),2004年建,2室2厅,91平米,南,2,4天前发布
1653,对中庭很安静，双卫双阳台，有车位，随时可看房,https://cd.ke.com/ershoufang/20030817710100111850.html,金地嘉年华城C区,https://cd.ke.com/xiaoqu/1611047923727/,中楼层(共18层),2014年建,3室2厅,119.66平米,东北,4,4天前发布
1654,金沙十年3室1厅东南,https://cd.ke.com/ershoufang/20030817710100107186.html,金沙十年,https://cd.ke.com/xiaoqu/1611046285571/,中楼层(共25层),2012年建,3室1厅,87.67平米,东南,1,4天前发布
1655,清水路苑2室1厅东南,https://cd.ke.com/ershoufang/20030817710100104040.html,清水路苑,https://cd.ke.com/xiaoqu/1611057410255/,高楼层(共18层),2012年建,2室1厅,83.76平米,东南,6,4天前发布
1656,清水河畔2室1厅南,https://cd.ke.com/ershoufang/20030817710100102596.html,清水河畔,https://cd.ke.com/xiaoqu/1611041558279/,中楼层(共23层),2008年建,2室1厅,83.63平米,南,8,4天前发布
1657,青羊区北大街电梯套二出售明厨明卫,https://cd.ke.com/ershoufang/20030717710100219280.html,天盛壹中心,https://cd.ke.com/xiaoqu/3011053885843/,高楼层(共31层),2008年建,2室1厅,81.32平米,南,2,5天前发布
1658,凯德风尚1室0厅东,https://cd.ke.com/ershoufang/20030717710100217190.html,凯德风尚,https://cd.ke.com/xiaoqu/1611043174238/,地下室(共1层)1室0厅,30.07平米,东,,,0,5天前发布
1659,橙花风景套二带书房精装修视野好,https://cd.ke.com/ershoufang/20030717710100216863.html,橙花风景,https://cd.ke.com/xiaoqu/1611041554256/,中楼层(共28层),2008年建,3室1厅,86.44平米,北,17,5天前发布
1660,蓝光蜜城精装套二，楼层适中，视野很好。，不临街。,https://cd.ke.com/ershoufang/20030717710100216519.html,蓝光COCO蜜城,https://cd.ke.com/xiaoqu/1611047132714/,中楼层(共24层),2014年建,2室1厅,67.95平米,南,9,5天前发布
1661,中铁西子香荷3室1厅东南,https://cd.ke.com/ershoufang/20030717710100208743.html,中铁西子香荷,https://cd.ke.com/xiaoqu/1611041555455/,低楼层(共33层),2010年建,3室1厅,118.41平米,东南,49,5天前发布
1662,成都花园联排别墅精装修带花园,https://cd.ke.com/ershoufang/20030717710100217876.html,成都花园朗庭园,https://cd.ke.com/xiaoqu/1611044653289/,低楼层(共3层),2002年建,5室3厅,275平米,南,1,5天前发布
1663,四川省社会科学院3室1厅东,https://cd.ke.com/ershoufang/20030717710100199562.html,四川省社会科学院,https://cd.ke.com/xiaoqu/1611061604116/,低楼层(共26层),2010年建,3室1厅,112.35平米,东,0,5天前发布
1664,清江苑2室1厅东南东,https://cd.ke.com/ershoufang/20030717710100191438.html,清江苑,https://cd.ke.com/xiaoqu/1620026460944873/,高楼层(共7层)2室1厅,68.25平米,东南东,,,3,5天前发布
1665,贝森宜苑，不临街，户型方正，采光好，居家装修,https://cd.ke.com/ershoufang/20030717710100191274.html,贝森宜苑,https://cd.ke.com/xiaoqu/1611041813901/,高楼层(共7层),2000年建,2室1厅,90.42平米,南,2,5天前发布
1666,青羊区，一环内，近地铁临河临公园套二,https://cd.ke.com/ershoufang/20030717710100189024.html,大石东路7号,https://cd.ke.com/xiaoqu/1611063119341/,高楼层(共7层),2001年建,2室1厅,52.4平米,南,3,5天前发布
1667,盛世草堂1室0厅东南,https://cd.ke.com/ershoufang/20030717710100187942.html,盛世草堂,https://cd.ke.com/xiaoqu/3011056043172/,地下室(共1层)1室0厅,32.46平米,东南,,,0,5天前发布
1668,商业街37号低楼层套三带装修南北朝向,https://cd.ke.com/ershoufang/20030717710100178635.html,商业街37号,https://cd.ke.com/xiaoqu/1611059635228/,低楼层(共6层)3室2厅,91.42平米,南北,,,2,5天前发布
1669,斌升街32号2室1厅南,https://cd.ke.com/ershoufang/20030717710100176699.html,斌升街32号,https://cd.ke.com/xiaoqu/1620026458845876/,高楼层(共6层),2002年建,2室1厅,55.38平米,南,4,5天前发布
1670,此房精装修，高楼层采光和视野都很好,https://cd.ke.com/ershoufang/20030717710100175995.html,蓝光COCO蜜城,https://cd.ke.com/xiaoqu/1611047132714/,中楼层(共30层),2014年建,2室1厅,68.27平米,南,3,5天前发布
1671,城西电梯房带楼顶可用视野好诚心卖,https://cd.ke.com/ershoufang/20030717710100168213.html,光华馨地,https://cd.ke.com/xiaoqu/1611041580934/,高楼层(共11层),2006年建,2室1厅,80.74平米,北,4,5天前发布
1672,保利金香槟品质小区大套二出售大开间,https://cd.ke.com/ershoufang/20030717710100171696.html,保利金香槟,https://cd.ke.com/xiaoqu/1611043451443/,中楼层(共18层),2012年建,2室2厅,92.27平米,东北,1,5天前发布
1673,缤纷假日＋地铁口＋超实惠＋房东诚心卖,https://cd.ke.com/ershoufang/20030717710100165393.html,缤纷假日,https://cd.ke.com/xiaoqu/3011053715439/,中楼层(共18层),2004年建,1室0厅,54.97平米,西北,0,5天前发布
1674,万科金色领域3室1厅东,https://cd.ke.com/ershoufang/20030717710100163695.html,万科金色领域,https://cd.ke.com/xiaoqu/1611044699628/,低楼层(共24层),2012年建,3室1厅,87.14平米,东,9,5天前发布
1675,青羊区太升路中间楼层单位房,https://cd.ke.com/ershoufang/20030717710100163425.html,太升北路33号,https://cd.ke.com/xiaoqu/1611060215703/,中楼层(共7层),1996年建,2室1厅,60.63平米,东南,6,5天前发布
1676,青羊区通锦桥路中间楼层房东自住装修看房方便,https://cd.ke.com/ershoufang/20030717710100161813.html,通锦桥路67号,https://cd.ke.com/xiaoqu/1611059502565/,中楼层(共7层),2000年建,3室1厅,103.71平米,东,18,5天前发布
1677,天际湾精装套一温馨出售拎包入住,https://cd.ke.com/ershoufang/20030717710100161455.html,天合凯旋天际湾,https://cd.ke.com/xiaoqu/1611044806458/,高楼层(共21层),2011年建,1室2厅,56.8平米,北,1,5天前发布
1678,光华馨地户型方正标准套二明厨明卫,https://cd.ke.com/ershoufang/20030717710100160751.html,光华馨地,https://cd.ke.com/xiaoqu/1611041580934/,高楼层(共11层),2006年建,2室1厅,81平米,南,0,5天前发布
1679,冠城花园二期3室2厅东南,https://cd.ke.com/ershoufang/20030717710100156865.html,冠城花园二期,https://cd.ke.com/xiaoqu/1611060142239/,中楼层(共19层),2002年建,3室2厅,148.98平米,东南,4,5天前发布
1680,光华杏林1室1厅北,https://cd.ke.com/ershoufang/20030717710100155386.html,光华杏林,https://cd.ke.com/xiaoqu/1611041605688/,中楼层(共21层),2010年建,1室1厅,50平米,北,1,5天前发布
1681,群和街7号2室1厅东南,https://cd.ke.com/ershoufang/20030717710100153581.html,群和街7号,https://cd.ke.com/xiaoqu/1611043466050/,低楼层(共7层)2室1厅,62.85平米,东南,,,0,5天前发布
1682,将军街49号2室0厅西南,https://cd.ke.com/ershoufang/20030717710100157055.html,将军街49号,https://cd.ke.com/xiaoqu/1620026458848398/,中楼层(共6层),2002年建,2室0厅,57.18平米,西南,10,5天前发布
1683,印象金沙3室1厅西南,https://cd.ke.com/ershoufang/20030717710100149957.html,印象金沙,https://cd.ke.com/xiaoqu/1611041601731/,低楼层(共12层),2007年建,3室1厅,92.77平米,西南,2,5天前发布
1684,锦绣朋城2室1厅北,https://cd.ke.com/ershoufang/20030717710100145550.html,锦绣朋城,https://cd.ke.com/xiaoqu/1611042972875/,中楼层(共11层),2004年建,2室1厅,65.19平米,北,2,5天前发布
1685,蓝光coco蜜城~精装修~标准套二带书房~满两年,https://cd.ke.com/ershoufang/20030717710100144876.html,蓝光COCO蜜城,https://cd.ke.com/xiaoqu/1611047132714/,中楼层(共24层),2014年建,2室1厅,67.95平米,北,35,5天前发布
1686,金沙时代生活广场1室1厅南,https://cd.ke.com/ershoufang/20030717710100143428.html,金沙时代生活广场,https://cd.ke.com/xiaoqu/1611043100722/,高楼层(共7层),2005年建,1室1厅,46.05平米,南,0,5天前发布
1687,清水路苑1室0厅南,https://cd.ke.com/ershoufang/20030717710100141792.html,清水路苑,https://cd.ke.com/xiaoqu/1611057410255/,地下室(共层)1室0厅,43.12平米,南,,,0,5天前发布
1688,东珠市街9号3室1厅东南,https://cd.ke.com/ershoufang/20030717710100139760.html,东珠市街9号,https://cd.ke.com/xiaoqu/1611062775862/,中楼层(共7层),2000年建,3室1厅,103平米,东南,2,5天前发布
1689,二十一世纪花园三期精装套三，户型方正,https://cd.ke.com/ershoufang/20030717710100133829.html,二十一世纪花园三期,https://cd.ke.com/xiaoqu/1611043447758/,中楼层(共8层),2003年建,3室2厅,130.09平米,南,3,5天前发布
1690,标准套1，户型方正，房东诚心想卖。,https://cd.ke.com/ershoufang/20030717710100133229.html,培风小区200号,https://cd.ke.com/xiaoqu/1611041789163/,高楼层(共6层),2000年建,1室1厅,42平米,南,0,5天前发布
1691,房屋户型方正，低楼层，业主诚心出售。,https://cd.ke.com/ershoufang/20030717710100132868.html,四川省社会科学院,https://cd.ke.com/xiaoqu/1611061604116/,低楼层(共5层),1996年建,3室1厅,99.14平米,南,9,5天前发布
1692,该房为标间户型对小区中庭安静不临街,https://cd.ke.com/ershoufang/20030717710100126527.html,时代印象,https://cd.ke.com/xiaoqu/1611058978088/,中楼层(共14层),2005年建,1室0厅,42.07平米,东,2,5天前发布
1693,海亮樾金沙2室1厅东,https://cd.ke.com/ershoufang/20030717710100125994.html,海亮樾金沙,https://cd.ke.com/xiaoqu/1611062687250/,低楼层(共20层),2016年建,2室1厅,66平米,东,4,5天前发布
1694,蓝光地产开发电梯小高层朝南标间安静不临街出售,https://cd.ke.com/ershoufang/20030717710100124535.html,西岸蒂景,https://cd.ke.com/xiaoqu/1611058910819/,高楼层(共12层),2004年建,1室0厅,33.2平米,南,3,5天前发布
1695,青羊区金沙遗址博物馆旁锦花苑标准套二户型方正,https://cd.ke.com/ershoufang/20030717710100124148.html,锦花苑(青羊),https://cd.ke.com/xiaoqu/1611041922552/,高楼层(共7层),2001年建,2室2厅,88.47平米,南北,1,5天前发布
1696,精装房，可拎包入住，户型方正，布局合理，看房方便,https://cd.ke.com/ershoufang/20030717710100121383.html,东原时光道,https://cd.ke.com/xiaoqu/1611063210428/,高楼层(共21层),2015年建,2室1厅,57.04平米,东,6,5天前发布
1697,财富领地，0.5环，10年房源，标准套二,https://cd.ke.com/ershoufang/20030717710100117863.html,财富领地,https://cd.ke.com/xiaoqu/1611059034318/,中楼层(共34层),2010年建,2室1厅,73.54平米,东南,3,5天前发布
1698,保利金香槟1室0厅南,https://cd.ke.com/ershoufang/20030717710100116117.html,保利金香槟,https://cd.ke.com/xiaoqu/1611043451443/,地下室(共层)1室0厅,35平米,南,,,0,5天前发布
1699,水木光华1室0厅西,https://cd.ke.com/ershoufang/20030717710100114025.html,水木光华,https://cd.ke.com/xiaoqu/1611041807591/,中楼层(共11层),2004年建,1室0厅,38.05平米,西,0,5天前发布
1700,天合凯旋城新上标准套二不临街视野开阔,https://cd.ke.com/ershoufang/20030717710100110580.html,天合凯旋城,https://cd.ke.com/xiaoqu/1611041583632/,高楼层(共31层),2008年建,2室2厅,86.59平米,西南,6,5天前发布
1701,此房业主自住，采光视野好，户型方正，业主诚心出售,https://cd.ke.com/ershoufang/20030717710100110440.html,长虹和悦府,https://cd.ke.com/xiaoqu/1611063890469/,中楼层(共20层),2015年建,2室1厅,59.19平米,东,4,5天前发布
1702,青羊区三环内侧蓝光coco蜜城套二带书房,https://cd.ke.com/ershoufang/20030717710100110033.html,蓝光COCO蜜城,https://cd.ke.com/xiaoqu/1611047132714/,低楼层(共31层),2014年建,2室1厅,68.27平米,东东南,1,5天前发布
1703,顶楼套三户型，简单装修，卧室带阳台,https://cd.ke.com/ershoufang/20030717710100105416.html,北打铜街,https://cd.ke.com/xiaoqu/3011053710273/,高楼层(共7层)3室1厅,71.78平米,东,,,3,5天前发布
1704,清溪雅筑居家套二朝南户型,https://cd.ke.com/ershoufang/20030717710100104743.html,清溪雅筑,https://cd.ke.com/xiaoqu/1611047819375/,中楼层(共18层),2012年建,2室2厅,72.4平米,南,4,5天前发布
1705,齐力碧水湾3室2厅南,https://cd.ke.com/ershoufang/20030717710100104516.html,齐力碧水湾,https://cd.ke.com/xiaoqu/1611041579253/,低楼层(共18层),2007年建,3室2厅,130.65平米,南,1,5天前发布
1706,光华岁月二期1室0厅南,https://cd.ke.com/ershoufang/20030717710100102981.html,光华岁月二期,https://cd.ke.com/xiaoqu/1611041788931/,地下室(共层)1室0厅,31.45平米,南,,,0,5天前发布
1707,攀钢苑低楼层套三有阳台。,https://cd.ke.com/ershoufang/20030717710100101076.html,攀钢苑,https://cd.ke.com/xiaoqu/1611041880861/,中楼层(共7层)3室1厅,86.76平米,东南,,,0,5天前发布
1708,tt尚品2室1厅南,https://cd.ke.com/ershoufang/20030617710100202759.html,tt尚品,https://cd.ke.com/xiaoqu/1611041574587/,高楼层(共18层),2007年建,2室1厅,85.18平米,南,3,6天前发布
1709,西门2.5环精装对中庭房源。。。。,https://cd.ke.com/ershoufang/20030617710100201180.html,紫云金沙,https://cd.ke.com/xiaoqu/1611041597991/,中楼层(共31层),2006年建,3室2厅,91.23平米,北,4,6天前发布
1710,府河内套三+保养好+小区环境好+适合居家,https://cd.ke.com/ershoufang/20030617710100200097.html,盛世年华,https://cd.ke.com/xiaoqu/1611059034804/,低楼层(共17层),2006年建,3室1厅,91.14平米,南,2,6天前发布
1711,双玺1室0厅东,https://cd.ke.com/ershoufang/20030617710100199190.html,双玺,https://cd.ke.com/xiaoqu/1611041609498/,地下室(共层),2011年建,1室0厅,30.29平米,东,0,6天前发布
1712,群和街9号2室1厅东南,https://cd.ke.com/ershoufang/20030617710100198093.html,群和街9号,https://cd.ke.com/xiaoqu/3011052271686/,中楼层(共7层),2000年建,2室1厅,66.15平米,东南,0,6天前发布
1713,铸信境界满五唯一朝南实得面积大,https://cd.ke.com/ershoufang/20030617710100195864.html,铸信境界,https://cd.ke.com/xiaoqu/1611041556151/,低楼层(共28层),2009年建,3室2厅,89.67平米,南,17,6天前发布
1714,蓝光coco金沙套二双面采光,https://cd.ke.com/ershoufang/20030617710100190461.html,蓝光coco金沙二期,https://cd.ke.com/xiaoqu/1611062950321/,低楼层(共22层),2015年建,2室1厅,49.11平米,西北,1,6天前发布
1715,缤纷假日+户型方正+大标间+业主诚心出售,https://cd.ke.com/ershoufang/20030617710100189260.html,缤纷假日,https://cd.ke.com/xiaoqu/3011053715439/,低楼层(共18层),2004年建,1室1厅,56.06平米,南,1,6天前发布
1716,对中庭，南北通透采光充足视野好，居家装修,https://cd.ke.com/ershoufang/20030617710100182865.html,中铁西子香荷,https://cd.ke.com/xiaoqu/1611041555455/,低楼层(共33层),2010年建,4室2厅,91.64平米,南北,11,6天前发布
1717,朗基龙堂朝南有装修采光充足户型方正,https://cd.ke.com/ershoufang/20030617710100182155.html,朗基龙堂,https://cd.ke.com/xiaoqu/1611041619788/,高楼层(共26层),2010年建,1室1厅,50.75平米,南,1,6天前发布
1718,新上贝森房源，不临街朝南新装修双卫三居，必看好房。,https://cd.ke.com/ershoufang/20030617710100183170.html,蓝光COCO蜜城,https://cd.ke.com/xiaoqu/1611047132714/,中楼层(共20层),2014年建,3室2厅,88.35平米,南,11,6天前发布
1719,光华岁月二期精装大套二，东西通透户型,https://cd.ke.com/ershoufang/20030617710100182668.html,光华岁月二期,https://cd.ke.com/xiaoqu/1611041788931/,高楼层(共11层),2006年建,2室1厅,100.53平米,东西,21,6天前发布
1720,荣盛花语城1室1厅北,https://cd.ke.com/ershoufang/20030617710100177913.html,荣盛花语城,https://cd.ke.com/xiaoqu/1611063648395/,低楼层(共20层),2014年建,1室1厅,44平米,北,10,6天前发布
1721,天际湾标准套二，有装修，看房预约。,https://cd.ke.com/ershoufang/20030617710100173352.html,天合凯旋天际湾,https://cd.ke.com/xiaoqu/1611044806458/,中楼层(共35层),2011年建,2室1厅,76.08平米,北,3,6天前发布
1722,心愿花园二期2室1厅西,https://cd.ke.com/ershoufang/20030617710100172526.html,心愿花园二期,https://cd.ke.com/xiaoqu/1620029791519720/,低楼层(共11层),2014年建,2室1厅,48.32平米,西,22,6天前发布
1723,人民公园2014年电梯套二明厨明卫房子不临街,https://cd.ke.com/ershoufang/20030617710100166745.html,汇厦少城琴台府,https://cd.ke.com/xiaoqu/1611061160243/,高楼层(共36层),2014年建,2室1厅,80.32平米,东南,4,6天前发布
1724,金沙海棠A户型出售带双阳台主卧带衣帽间,https://cd.ke.com/ershoufang/20030617710100165733.html,金沙海棠,https://cd.ke.com/xiaoqu/1611041589970/,中楼层(共18层),2012年建,2室2厅,89.28平米,东北,3,6天前发布
1725,水岸格林标准套二朝南视野好,https://cd.ke.com/ershoufang/20030617710100163661.html,水岸格林,https://cd.ke.com/xiaoqu/1611041611075/,高楼层(共6层),2003年建,2室2厅,74.16平米,南,16,6天前发布
1726,东马棚低楼层套二出售,https://cd.ke.com/ershoufang/20030617710100162866.html,东马棚街10号,https://cd.ke.com/xiaoqu/3011055748892/,低楼层(共5层),2000年建,2室1厅,53.1平米,南,0,6天前发布
1727,元益花园精装套一高楼层采光好,https://cd.ke.com/ershoufang/20030617710100161017.html,元益花园,https://cd.ke.com/xiaoqu/1611043140046/,高楼层(共21层),2014年建,1室1厅,40.23平米,南,0,6天前发布
1728,此房为2018年新交房小区，西门品质内跃户型,https://cd.ke.com/ershoufang/20030617710100155257.html,蓝光雍锦园,https://cd.ke.com/xiaoqu/1611700029895222/,高楼层(共22层),2018年建,4室2厅,152平米,南,1,6天前发布
1729,高楼层，采光好，户型方正，看房提前约,https://cd.ke.com/ershoufang/20030617710100139534.html,西大街97号,https://cd.ke.com/xiaoqu/3011054719191/,高楼层(共7层),2000年建,3室1厅,81.99平米,东南,2,6天前发布
1730,盛世草堂精装大套三，户型方正，明厨明卫,https://cd.ke.com/ershoufang/20030617710100135311.html,盛世草堂,https://cd.ke.com/xiaoqu/3011056043172/,高楼层(共23层),2008年建,3室1厅,129.34平米,西北,25,6天前发布
1731,青羊区成都西站清水路苑精装套二,https://cd.ke.com/ershoufang/20030617710100134791.html,清水路苑,https://cd.ke.com/xiaoqu/1611057410255/,低楼层(共18层),2012年建,2室1厅,89平米,南,3,6天前发布
1732,万和苑精装套四房东自住保养好中间楼层,https://cd.ke.com/ershoufang/20030617710100133224.html,万和苑,https://cd.ke.com/xiaoqu/3011053918752/,中楼层(共29层),1999年建,4室2厅,155.12平米,东南,5,6天前发布
1733,文府苑+文武路+标准套三+租客正在搬家,https://cd.ke.com/ershoufang/20030617710100133021.html,文武路152号,https://cd.ke.com/xiaoqu/1611060764653/,高楼层(共6层),1990年建,3室1厅,83.5平米,南,3,6天前发布
1734,荣盛花语城精装修套三，户型方正，采光好,https://cd.ke.com/ershoufang/20030617710100131969.html,荣盛花语城,https://cd.ke.com/xiaoqu/1611063648395/,高楼层(共20层),2014年建,3室1厅,73.82平米,东西,0,6天前发布
1735,央坐标准车位出售，位置好，近单元门口,https://cd.ke.com/ershoufang/20030617710100131664.html,优品道央作,https://cd.ke.com/xiaoqu/1617976285998446/,地下室(共层)1室0厅,35.95平米,东,,,0,6天前发布
1736,0.5环，低楼层标准套二户型方正,https://cd.ke.com/ershoufang/20030617710100129759.html,鼓楼北二街70号院,https://cd.ke.com/xiaoqu/1615256384451513/,中楼层(共7层)2室1厅,75.95平米,西,,,0,6天前发布
1737,铸信境界2室2厅南,https://cd.ke.com/ershoufang/20030617710100126519.html,铸信境界,https://cd.ke.com/xiaoqu/1611041556151/,低楼层(共27层),2009年建,2室2厅,83平米,南,0,6天前发布
1738,佳兆业广场标准套二对小区中庭精装修,https://cd.ke.com/ershoufang/20030617710100124599.html,佳兆业广场,https://cd.ke.com/xiaoqu/166988596260316/,低楼层(共15层),2016年建,2室1厅,68.1平米,南,0,6天前发布
1739,金地嘉年华C区中间楼层套三双卫,https://cd.ke.com/ershoufang/20030617710100124015.html,金地嘉年华城C区,https://cd.ke.com/xiaoqu/1611047923727/,中楼层(共18层),2014年建,3室2厅,124.09平米,东南,1,6天前发布
1740,金沙海棠2室1厅西南,https://cd.ke.com/ershoufang/20030617710100124130.html,金沙海棠,https://cd.ke.com/xiaoqu/1611041589970/,中楼层(共18层),2012年建,2室1厅,87.45平米,西南,16,6天前发布
1741,成都西站地铁口，住家装修，证件齐全，房东诚心出售,https://cd.ke.com/ershoufang/20030617710100118993.html,清水路苑,https://cd.ke.com/xiaoqu/1611057410255/,中楼层(共18层),2012年建,2室2厅,83平米,西,1,6天前发布
1742,心灵家园大套二朝南对小区中庭采光好，视野开阔,https://cd.ke.com/ershoufang/20030617710100122269.html,心灵家园,https://cd.ke.com/xiaoqu/1611047974363/,中楼层(共17层),2013年建,2室2厅,86.27平米,南,2,6天前发布
1743,"套三带书房,巴适采光和大阳台，霸气问世",https://cd.ke.com/ershoufang/20030617710100119470.html,金沙西园四期,https://cd.ke.com/xiaoqu/1611041586813/,低楼层(共18层),2009年建,3室1厅,126.96平米,东北,27,6天前发布
1744,童子街庭苑不临街中间楼层大套四,https://cd.ke.com/ershoufang/20030617710100119653.html,童子街庭苑,https://cd.ke.com/xiaoqu/3011053813129/,中楼层(共25层),2008年建,4室1厅,160.2平米,西北,5,6天前发布
1745,恒大翡翠华庭2室2厅南,https://cd.ke.com/ershoufang/20030617710100123624.html,恒大翡翠华庭,https://cd.ke.com/xiaoqu/1611063212342/,低楼层(共21层)2室2厅,87.12平米,南,,,1,6天前发布
1746,低楼层套二双卫小区正中间位置、安静、户型方正、,https://cd.ke.com/ershoufang/20030617710100113959.html,攀钢苑,https://cd.ke.com/xiaoqu/1611041880861/,低楼层(共7层),1995年建,2室1厅,93平米,南北,0,6天前发布
1747,欧韵金沙标准套二，户型方正,https://cd.ke.com/ershoufang/20030617710100113887.html,欧韵金沙,https://cd.ke.com/xiaoqu/1611049131458/,中楼层(共18层),2013年建,2室2厅,79.35平米,东北,1,6天前发布
1748,外金沙16年新小区有装修业主自住装修,https://cd.ke.com/ershoufang/20030617710100109222.html,海亮爱金沙,https://cd.ke.com/xiaoqu/166967782812885/,中楼层(共22层)3室2厅,69.76平米,东南,,,4,6天前发布
1749,光华逸家精装套三，朝南对中庭，很安静，采光好,https://cd.ke.com/ershoufang/20030617710100112968.html,光华逸家,https://cd.ke.com/xiaoqu/1611047799476/,中楼层(共20层),2014年建,3室1厅,91.38平米,西南,3,6天前发布
1750,标准套二有装修采光好,https://cd.ke.com/ershoufang/20030617710100112115.html,贝森兴苑,https://cd.ke.com/xiaoqu/1611041867455/,高楼层(共7层),2000年建,2室2厅,68.03平米,南,3,6天前发布
1751,凯德风尚5室2厅东,https://cd.ke.com/ershoufang/20030617710100110185.html,凯德风尚,https://cd.ke.com/xiaoqu/1611043174238/,高楼层(共19层),2012年建,5室2厅,168.3平米,东,3,6天前发布
1752,锦绣光华标准套二,https://cd.ke.com/ershoufang/20030617710100100674.html,锦绣光华,https://cd.ke.com/xiaoqu/1611041618340/,中楼层(共18层),2010年建,3室2厅,88.43平米,南,10,6天前发布
1753,鹭岛品质经典户型对中庭精装修中央空调暖气片,https://cd.ke.com/ershoufang/20030617710100100136.html,金沙鹭岛三期,https://cd.ke.com/xiaoqu/1611043175848/,中楼层(共28层),2014年建,3室2厅,125.71平米,西北,2,6天前发布
1754,此房满2年，房屋的光线比较好，客厅带阳台。,https://cd.ke.com/ershoufang/20030517710100208156.html,优品道四期曦岸,https://cd.ke.com/xiaoqu/1611045493370/,高楼层(共31层),2013年建,2室2厅,78平米,北,4,7天前发布
1755,欧韵金沙标准套三，户型方正，采光充足,https://cd.ke.com/ershoufang/20030517710100207830.html,欧韵金沙,https://cd.ke.com/xiaoqu/1611049131458/,高楼层(共18层),2013年建,3室2厅,96.02平米,东北,5,7天前发布
1756,大地新光华广场1室0厅东南,https://cd.ke.com/ershoufang/20030517710100204470.html,大地新光华广场,https://cd.ke.com/xiaoqu/1611043937297/,中楼层(共15层),2000年建,1室0厅,53.85平米,东南,0,7天前发布
1757,清水路苑成西地铁口青羊万达旁套二出售,https://cd.ke.com/ershoufang/20030517710100202494.html,清水路苑,https://cd.ke.com/xiaoqu/1611057410255/,低楼层(共18层),2012年建,2室1厅,87.5平米,西南,0,7天前发布
1758,听城2室1厅西,https://cd.ke.com/ershoufang/20030517710100199691.html,听城,https://cd.ke.com/xiaoqu/1611041809534/,中楼层(共25层),2009年建,2室1厅,86.86平米,西,0,7天前发布
1759,2016年新小区，房间对中庭，采光充足，视野好,https://cd.ke.com/ershoufang/20030517710100197287.html,海亮爱金沙,https://cd.ke.com/xiaoqu/166967782812885/,中楼层(共22层),2016年建,3室1厅,81.98平米,西北,3,7天前发布
1760,金沙西园二期1室1厅东南,https://cd.ke.com/ershoufang/20030517710100197840.html,金沙西园二期,https://cd.ke.com/xiaoqu/1611041586290/,中楼层(共7层),2006年建,1室1厅,40.75平米,东南,0,7天前发布
1761,水木光华1室0厅东,https://cd.ke.com/ershoufang/20030517710100185914.html,水木光华,https://cd.ke.com/xiaoqu/1611041807591/,中楼层(共11层),2004年建,1室0厅,45.91平米,东,0,7天前发布
1762,标准套二户型方正采光好满五唯一,https://cd.ke.com/ershoufang/20030517710100190430.html,清水河畔,https://cd.ke.com/xiaoqu/1611041558279/,高楼层(共23层),2008年建,2室1厅,76.03平米,北,4,7天前发布
1763,户型方正，通透户型，视野无遮挡，客厅带阳台。,https://cd.ke.com/ershoufang/20030517710100178643.html,蓝光COCO金沙一期,https://cd.ke.com/xiaoqu/1611047610092/,中楼层(共21层),2014年建,3室2厅,55.62平米,西北,15,7天前发布
1764,对小区中庭朝南，安静采光好！户型方正，装修保养好!,https://cd.ke.com/ershoufang/20030517710100173929.html,光华碧邻,https://cd.ke.com/xiaoqu/1611047773909/,高楼层(共21层),2013年建,1室1厅,51.83平米,东南,0,7天前发布
1765,中庭不临街客厅朝北两个卧室朝南中间楼层,https://cd.ke.com/ershoufang/20030517710100172197.html,二十一世纪花园四期,https://cd.ke.com/xiaoqu/1611042007639/,中楼层(共6层),2003年建,3室2厅,134平米,南,2,7天前发布
1766,佳兆业广场2室1厅东南,https://cd.ke.com/ershoufang/20030517710100173354.html,佳兆业广场,https://cd.ke.com/xiaoqu/166988596260316/,高楼层(共15层),2016年建,2室1厅,63.5平米,东南,0,7天前发布
1767,多层套二中间楼层安静不临街采光充足,https://cd.ke.com/ershoufang/20030517710100158498.html,方池街36号,https://cd.ke.com/xiaoqu/169099792626064/,中楼层(共6层)2室1厅,67.42平米,东南,,,16,7天前发布
1768,恒大广场+标准套二+开发商精装修,https://cd.ke.com/ershoufang/20030517710100157420.html,恒大广场,https://cd.ke.com/xiaoqu/167512833405709/,高楼层(共53层),2016年建,2室1厅,108.75平米,北西,10,7天前发布
1769,中铁西城西苑精装套三保养好视野开阔,https://cd.ke.com/ershoufang/20030517710100156449.html,中铁西城西苑,https://cd.ke.com/xiaoqu/1611049846784/,高楼层(共18层),2014年建,3室1厅,90.3平米,西,5,7天前发布
1770,中间楼层采光好户型方正精装修,https://cd.ke.com/ershoufang/20030517710100153064.html,大石东路1号,https://cd.ke.com/xiaoqu/167173678050789/,中楼层(共6层)1室1厅,45.46平米,南,,,1,7天前发布
1771,浣花溪浣花长乐坊电梯套二办公装修,https://cd.ke.com/ershoufang/20030517710100153778.html,浣花长乐坊,https://cd.ke.com/xiaoqu/1611061062864/,中楼层(共4层),2006年建,2室1厅,83.32平米,东,0,7天前发布
1772,青羊区金沙大平层有装修环境好,https://cd.ke.com/ershoufang/20030517710100139851.html,华润金悦湾,https://cd.ke.com/xiaoqu/1611047602684/,高楼层(共22层),2014年建,5室4厅,297.66平米,东北,2,7天前发布
1773,中铁西城西苑1室0厅东,https://cd.ke.com/ershoufang/20030517710100138062.html,中铁西城西苑,https://cd.ke.com/xiaoqu/1611049846784/,地下室(共层)1室0厅,29.26平米,东,,,0,7天前发布
1774,锦绣光华3室1厅东,https://cd.ke.com/ershoufang/20030517710100134350.html,锦绣光华,https://cd.ke.com/xiaoqu/1611041618340/,高楼层(共20层),2010年建,3室1厅,89.36平米,东,4,7天前发布
1775,缤纷假日地段好，交通方便，诚心出售,https://cd.ke.com/ershoufang/20030517710100132728.html,缤纷假日,https://cd.ke.com/xiaoqu/3011053715439/,高楼层(共18层),2004年建,1室0厅,44.1平米,东南东,0,7天前发布
1776,中铁西城西苑中等装修跃层满两年,https://cd.ke.com/ershoufang/20030517710100132657.html,中铁西城西苑,https://cd.ke.com/xiaoqu/1611049846784/,中楼层(共18层),2014年建,3室2厅,94.01平米,南,4,7天前发布
1777,心灵家园2室1厅西,https://cd.ke.com/ershoufang/20030517710100130163.html,心灵家园,https://cd.ke.com/xiaoqu/1611047974363/,中楼层(共20层),2013年建,2室1厅,91.16平米,西,0,7天前发布
1778,旭和倾城，精装套二带小平台，明厨明卫，拎包入住,https://cd.ke.com/ershoufang/20030517710100126786.html,旭和倾城二期,https://cd.ke.com/xiaoqu/3011053923194/,低楼层(共29层),2014年建,2室2厅,85.06平米,西,3,7天前发布
1779,金地嘉年华套三，客厅带阳台，开发商精装，看房预约,https://cd.ke.com/ershoufang/20030517710100123466.html,金地金沙府邸,https://cd.ke.com/xiaoqu/3011055308539/,低楼层(共18层),2016年建,3室2厅,122.29平米,东南,0,7天前发布
1780,苏坡中路77号大院3室1厅西南,https://cd.ke.com/ershoufang/20030517710100121766.html,苏坡中路77号大院,https://cd.ke.com/xiaoqu/1611100408454/,低楼层(共7层)3室1厅,75.6平米,西南,,,0,7天前发布
1781,蓝光coco金沙，居家装修，满二,https://cd.ke.com/ershoufang/20030517710100120387.html,蓝光COCO金沙一期,https://cd.ke.com/xiaoqu/1611047610092/,中楼层(共22层),2014年建,3室2厅,74.58平米,东,26,7天前发布
1782,佳兆业广场标准套三单卫精装修,https://cd.ke.com/ershoufang/20030517710100115272.html,佳兆业广场,https://cd.ke.com/xiaoqu/166988596260316/,中楼层(共14层),2016年建,3室1厅,87.39平米,南,3,7天前发布
1783,龙湖翠微清波精装自住采光视野好带家具家电,https://cd.ke.com/ershoufang/20030517710100115865.html,翠微清波A区,https://cd.ke.com/xiaoqu/1611041602744/,中楼层(共18层),2008年建,3室2厅,112.08平米,西北,0,7天前发布
1784,鼓楼北四街28号，好房子，好户型,https://cd.ke.com/ershoufang/20030517710100113953.html,鼓楼北四街28号,https://cd.ke.com/xiaoqu/167963038724055/,高楼层(共6层),1999年建,1室1厅,53平米,南西南,1,7天前发布
1785,清水河畔2室1厅北,https://cd.ke.com/ershoufang/20030517710100112894.html,清水河畔,https://cd.ke.com/xiaoqu/1611041558279/,高楼层(共23层),2008年建,2室1厅,76.03平米,北,16,7天前发布
1786,金林半岛下叠带入户花园前后中庭一梯一户南北,https://cd.ke.com/ershoufang/20030517710100111072.html,金林半岛,https://cd.ke.com/xiaoqu/1611061167842/,低楼层(共1层),2006年建,4室2厅,201.73平米,南,5,7天前发布
1787,保利金香槟3室2厅东南,https://cd.ke.com/ershoufang/20030517710100109795.html,保利金香槟,https://cd.ke.com/xiaoqu/1611043451443/,高楼层(共18层),2012年建,3室2厅,94.91平米,东南,0,7天前发布
1788,内金沙顶楼跃层套四，视野开阔。,https://cd.ke.com/ershoufang/20030517710100108266.html,金沙园三期,https://cd.ke.com/xiaoqu/1611043466808/,高楼层(共4层),2004年建,4室2厅,145平米,南,33,7天前发布
1789,凯丽美域标准套二主卧带大阳台采光视野好,https://cd.ke.com/ershoufang/20030517710100106758.html,蓝光凯丽美域,https://cd.ke.com/xiaoqu/1611041584809/,高楼层(共31层),2010年建,2室1厅,76.54平米,东南,6,7天前发布
1790,金沙海棠经典A户型标准套二双卫采光充足,https://cd.ke.com/ershoufang/20030517710100104335.html,金沙海棠,https://cd.ke.com/xiaoqu/1611041589970/,中楼层(共18层),2012年建,2室2厅,88.26平米,西西北,1,7天前发布
1791,青羊外金沙金沙愉景一期多层户型楼顶带花园。,https://cd.ke.com/ershoufang/20030517710100100269.html,金沙愉景一期,https://cd.ke.com/xiaoqu/1611041616877/,高楼层(共6层),2007年建,4室2厅,191.6平米,东南,2,7天前发布
1792,快乐空间1室1厅南,https://cd.ke.com/ershoufang/20030517710100100149.html,快乐空间,https://cd.ke.com/xiaoqu/1611041803733/,中楼层(共11层),2005年建,1室1厅,35.77平米,南,1,8天前发布
1793,金沙遗址旁，锦青苑，单位房，业主诚心卖,https://cd.ke.com/ershoufang/20030417710100204311.html,锦青苑,https://cd.ke.com/xiaoqu/1611041923697/,高楼层(共7层),2000年建,3室2厅,111.47平米,南北,6,8天前发布
1794,金地嘉年华城四室两厅，视野开阔,https://cd.ke.com/ershoufang/20030417710100201760.html,金地嘉年华城B区,https://cd.ke.com/xiaoqu/1611047923570/,高楼层(共18层),2010年建,4室2厅,224.25平米,东南,2,8天前发布
1795,西门贝森精装一居室客厅有阳台,https://cd.ke.com/ershoufang/20030417710100199017.html,铸信境界,https://cd.ke.com/xiaoqu/1611041556151/,高楼层(共27层),2009年建,1室1厅,59.26平米,西,1,8天前发布
1796,二期中庭不临街简装出租中,https://cd.ke.com/ershoufang/20030417710100197459.html,二十一世纪花园二期,https://cd.ke.com/xiaoqu/1611042007454/,低楼层(共7层),2003年建,4室2厅,156.41平米,北,7,8天前发布
1797,宽窄巷子旁标准套二户型方正,https://cd.ke.com/ershoufang/20030417710100194074.html,商业街65号,https://cd.ke.com/xiaoqu/1610323435466915/,低楼层(共6层)2室2厅,77.12平米,南,,,1,8天前发布
1798,人民中路一段5号4室0厅南北,https://cd.ke.com/ershoufang/20030417710100189096.html,人民中路一段5号,https://cd.ke.com/xiaoqu/3011052264362/,中楼层(共6层),1984年建,4室0厅,89.44平米,南北,4,8天前发布
1799,文殊院旁，精装修标间。户型方正，采光好,https://cd.ke.com/ershoufang/20030417710100186558.html,时代凯悦,https://cd.ke.com/xiaoqu/1611058909990/,中楼层(共24层),2006年建,1室0厅,37.02平米,东南,0,8天前发布
1800,元益花园套三对中庭中间楼层,https://cd.ke.com/ershoufang/20030417710100191661.html,元益花园,https://cd.ke.com/xiaoqu/1611043140046/,中楼层(共21层),2014年建,3室1厅,83平米,东西,6,8天前发布
1801,loft套一，空间大，出租装修,https://cd.ke.com/ershoufang/20030417710100180318.html,浪琴湾,https://cd.ke.com/xiaoqu/1611041620095/,高楼层(共4层),2004年建,1室1厅,44.5平米,西,5,8天前发布
1802,房子简装带租约，采光好，视野开阔，没有遮挡，,https://cd.ke.com/ershoufang/20030417710100181627.html,成都青羊万达广场,https://cd.ke.com/xiaoqu/1611100040029/,高楼层(共20层)1室1厅,50.03平米,东,,,1,8天前发布
1803,建发金沙里1室0厅东南,https://cd.ke.com/ershoufang/20030417710100177574.html,建发金沙里,https://cd.ke.com/xiaoqu/1611046452705/,高楼层(共32层),2012年建,1室0厅,44.66平米,东南,0,8天前发布
1804,佳兆业广场套二改套三带装修,https://cd.ke.com/ershoufang/20030417710100173714.html,佳兆业广场,https://cd.ke.com/xiaoqu/166988596260316/,低楼层(共15层)3室1厅,67.47平米,东,,,9,8天前发布
1805,清水路苑2室2厅南,https://cd.ke.com/ershoufang/20030417710100180126.html,清水路苑,https://cd.ke.com/xiaoqu/1611057410255/,中楼层(共18层),2012年建,2室2厅,89平米,南,0,8天前发布
1806,西城尚锦3室2厅西,https://cd.ke.com/ershoufang/20030417710100175740.html,西城尚锦,https://cd.ke.com/xiaoqu/1611099451061/,中楼层(共22层),2015年建,3室2厅,96.2平米,西,2,8天前发布
1807,光华馨地套二房屋户型方正居家装修,https://cd.ke.com/ershoufang/20030417710100161850.html,光华馨地,https://cd.ke.com/xiaoqu/1611041580934/,低楼层(共11层),2006年建,2室2厅,81.29平米,北,3,8天前发布
1808,中大君悦金沙七期负一楼车位出售,https://cd.ke.com/ershoufang/20030417710100159545.html,中大君悦金沙七期君逸院,https://cd.ke.com/xiaoqu/1611047383909/,地下室(共层)1室0厅,25.59平米,东南,,,0,8天前发布
1809,华府世家1室1厅西,https://cd.ke.com/ershoufang/20030417710100158680.html,华府世家,https://cd.ke.com/xiaoqu/1611044076899/,中楼层(共25层),2012年建,1室1厅,68平米,西,1,8天前发布
1810,凯德风尚1室0厅南,https://cd.ke.com/ershoufang/20030417710100158238.html,凯德风尚,https://cd.ke.com/xiaoqu/1611043174238/,地下室(共1层)1室0厅,30平米,南,,,0,8天前发布
1811,此房满两年，带车位精装修没有增值税，看房方便！,https://cd.ke.com/ershoufang/20030417710100157596.html,光华锦苑,https://cd.ke.com/xiaoqu/1611047819274/,高楼层(共21层),2013年建,3室2厅,95.2平米,西,1,8天前发布
1812,青羊区冠城花园二期平层四居带储物间三卫高楼层,https://cd.ke.com/ershoufang/20030417710100156020.html,冠城花园二期,https://cd.ke.com/xiaoqu/1611060142239/,高楼层(共19层),2002年建,4室2厅,173.59平米,东,12,8天前发布
1813,精装跃层套四总价低装修保养好视野开阔,https://cd.ke.com/ershoufang/20030417710100154841.html,优品道四期曦岸,https://cd.ke.com/xiaoqu/1611045493370/,低楼层(共30层),2013年建,4室2厅,95.46平米,南,8,8天前发布
1814,优品道三期2室2厅南,https://cd.ke.com/ershoufang/20030417710100152210.html,优品道三期,https://cd.ke.com/xiaoqu/1611043164053/,低楼层(共23层),2010年建,2室2厅,88平米,南,1,8天前发布
1815,青羊三环内次新房全中庭跃层套二三卫精装修,https://cd.ke.com/ershoufang/20030417710100149320.html,蓝光COCO蜜城,https://cd.ke.com/xiaoqu/1611047132714/,中楼层(共30层),2014年建,2室2厅,66.24平米,东,19,8天前发布
1816,光华干休所标准套二中间楼层采光好,https://cd.ke.com/ershoufang/20030417710100144228.html,光华干休所,https://cd.ke.com/xiaoqu/1611058392178/,高楼层(共6层),1999年建,2室1厅,57.97平米,东,0,8天前发布
1817,正规套三出售房子无公摊单位房户型方正,https://cd.ke.com/ershoufang/20030417710100143214.html,清江东路33号,https://cd.ke.com/xiaoqu/3011056032029/,中楼层(共7层),1993年建,3室2厅,94.41平米,东南,3,8天前发布
1818,时代凯悦1室0厅东北,https://cd.ke.com/ershoufang/20030417710100139857.html,时代凯悦,https://cd.ke.com/xiaoqu/1611058909990/,高楼层(共40层),2006年建,1室0厅,39.77平米,东北,0,8天前发布
1819,中大一二期对中庭套二采光视野很好,https://cd.ke.com/ershoufang/20030417710100139557.html,中大君悦金沙一二期,https://cd.ke.com/xiaoqu/1611041740641/,高楼层(共18层),2008年建,2室1厅,87.54平米,东南,7,8天前发布
1820,八宝街新城市广场精装套二户型方正采光好看房预约,https://cd.ke.com/ershoufang/20030417710100136991.html,新城市广场,https://cd.ke.com/xiaoqu/1611059361602/,低楼层(共30层),2003年建,2室1厅,74.09平米,东,1,8天前发布
1821,金沙云庭标准精装修标准套二户型方正,https://cd.ke.com/ershoufang/20030417710100135791.html,金沙云庭,https://cd.ke.com/xiaoqu/1611044071678/,高楼层(共12层),2012年建,2室1厅,80.24平米,南北,2,8天前发布
1822,浣花溪公园标准套一，户型方正采光好，中间楼层,https://cd.ke.com/ershoufang/20030417710100120462.html,浣花南路218号,https://cd.ke.com/xiaoqu/1611058725216/,中楼层(共5层),2000年建,1室1厅,39.68平米,东,1,8天前发布
1823,缤纷假日＋装修好＋地铁口＋户型方正,https://cd.ke.com/ershoufang/20030417710100119056.html,缤纷假日,https://cd.ke.com/xiaoqu/3011053715439/,高楼层(共18层),2004年建,1室0厅,46.87平米,东南,7,8天前发布
1824,清水河畔2室1厅南,https://cd.ke.com/ershoufang/20030417710100114462.html,清水河畔,https://cd.ke.com/xiaoqu/1611041558279/,高楼层(共23层),2008年建,2室1厅,83.68平米,南,1,8天前发布
1825,金沙鹭岛四期精装修套三对中庭采光视野好,https://cd.ke.com/ershoufang/20030417710100113539.html,金沙鹭岛四期,https://cd.ke.com/xiaoqu/167512342934401/,高楼层(共32层),2017年建,3室1厅,88.53平米,东南,43,8天前发布
1826,人民公园旁边，标准套二，中间楼层，采光好，不临街,https://cd.ke.com/ershoufang/20030417710100109935.html,上池正街112号,https://cd.ke.com/xiaoqu/3011053912859/,中楼层(共8层),1997年建,2室1厅,63.56平米,东南,2,8天前发布
1827,房东诚心出售房子对中庭安静看房提前预约,https://cd.ke.com/ershoufang/20030417710100108550.html,兴城融域,https://cd.ke.com/xiaoqu/1611042047653/,中楼层(共11层),2009年建,3室1厅,97.12平米,南,2,8天前发布
1828,一楼带花园有装修户型方正配套成熟,https://cd.ke.com/ershoufang/20030417710100107772.html,瑞联路49号,https://cd.ke.com/xiaoqu/1611043146035/,低楼层(共5层),1965年建,2室1厅,71平米,东东南南,0,8天前发布
1829,居家装修、客厅带阳台有入户，有家具家电,https://cd.ke.com/ershoufang/20030417710100106333.html,中大君悦金沙七期君逸院,https://cd.ke.com/xiaoqu/1611047383909/,低楼层(共22层),2014年建,2室2厅,87.87平米,东南,1,8天前发布
1830,双清南路4号2室1厅南,https://cd.ke.com/ershoufang/20030417710100105931.html,双清南路4号,https://cd.ke.com/xiaoqu/1611041824810/,高楼层(共7层),2000年建,2室1厅,65平米,南,0,8天前发布
1831,青羊区0.5环狮子巷，标准套一,https://cd.ke.com/ershoufang/20030417710100104974.html,狮子巷60号,https://cd.ke.com/xiaoqu/1611062300099/,中楼层(共8层),1995年建,1室1厅,44.03平米,南,18,8天前发布
1832,凯德风尚4室2厅南,https://cd.ke.com/ershoufang/20030317710100200251.html,凯德风尚,https://cd.ke.com/xiaoqu/1611043174238/,高楼层(共18层),2012年建,4室2厅,144.5平米,南,2,9天前发布
1833,龙栖路644号1室1厅东南,https://cd.ke.com/ershoufang/20030317710100198023.html,龙栖路644号,https://cd.ke.com/xiaoqu/3011055673966/,高楼层(共6层),2000年建,1室1厅,45.89平米,东南,0,9天前发布
1834,浣花新城4室2厅东南西北,https://cd.ke.com/ershoufang/20030317710100193647.html,浣花新城,https://cd.ke.com/xiaoqu/1611058687453/,高楼层(共5层),2002年建,4室2厅,152.82平米,东南西北,5,9天前发布
1835,时代尊城3室2厅东南,https://cd.ke.com/ershoufang/20030317710100193431.html,时代尊城,https://cd.ke.com/xiaoqu/1611041601162/,中楼层(共18层),2007年建,3室2厅,113.62平米,东南,10,9天前发布
1836,保利香槟光华1室0厅南,https://cd.ke.com/ershoufang/20030317710100191624.html,保利香槟光华,https://cd.ke.com/xiaoqu/1611060968918/,地下室(共层)1室0厅,20平米,南,,,0,9天前发布
1837,三房出售有装修朝南不临街,https://cd.ke.com/ershoufang/20030317710100191542.html,北斗星花园,https://cd.ke.com/xiaoqu/1611059035395/,中楼层(共21层),2001年建,3室2厅,145.61平米,东南,8,9天前发布
1838,城西优品道，品质小区大套一，租金2500,https://cd.ke.com/ershoufang/20030317710100185236.html,优品道二期,https://cd.ke.com/xiaoqu/1617975849005219/,高楼层(共9层),2010年建,1室1厅,65.38平米,东南,11,9天前发布
1839,青羊区置信丽都玉园领邸套五跃层,https://cd.ke.com/ershoufang/20030317710100183525.html,置信丽都玉园领邸,https://cd.ke.com/xiaoqu/1611048020203/,低楼层(共5层),2007年建,5室2厅,199平米,南,7,9天前发布
1840,水木光华跃层户型中间楼层套一双卫,https://cd.ke.com/ershoufang/20030317710100181019.html,水木光华,https://cd.ke.com/xiaoqu/1611041807591/,高楼层(共11层),2004年建,1室1厅,38.05平米,西,11,9天前发布
1841,易诚国际精装修婚房朝东对中庭视野开阔,https://cd.ke.com/ershoufang/20030317710100178215.html,金阳易诚国际,https://cd.ke.com/xiaoqu/1611043100741/,中楼层(共22层),2010年建,2室2厅,72.76平米,东南,15,9天前发布
1842,总价低，对小区，一点都不临街，很安静,https://cd.ke.com/ershoufang/20030317710100173282.html,金阳易诚国际,https://cd.ke.com/xiaoqu/1611043100741/,高楼层(共22层),2010年建,2室1厅,74.02平米,南,0,9天前发布
1843,保利香槟光华1室0厅东南,https://cd.ke.com/ershoufang/20030317710100173488.html,保利香槟光华,https://cd.ke.com/xiaoqu/1611060968918/,地下室(共层)1室0厅,35平米,东南,,,0,9天前发布
1844,东原精装套三双卫，对中庭，采光视野好,https://cd.ke.com/ershoufang/20030317710100167294.html,东原时光道,https://cd.ke.com/xiaoqu/1611063210428/,中楼层(共19层),2015年建,3室2厅,88.12平米,北,1,9天前发布
1845,满五高楼层，楼层好，视野开阔，标准套三,https://cd.ke.com/ershoufang/20030317710100163848.html,冠城花园三期,https://cd.ke.com/xiaoqu/1611060141318/,高楼层(共20层),2008年建,3室2厅,112.29平米,南,1,9天前发布
1846,青羊区电梯小高层黄忠公园旁带大平台花园,https://cd.ke.com/ershoufang/20030317710100162959.html,上品金沙,https://cd.ke.com/xiaoqu/3011055315135/,低楼层(共12层),2015年建,3室1厅,137.8平米,东,4,9天前发布
1847,凯德风尚1室0厅南,https://cd.ke.com/ershoufang/20030317710100158345.html,凯德风尚,https://cd.ke.com/xiaoqu/1611043174238/,地下室(共1层)1室0厅,30平米,南,,,0,9天前发布
1848,0.5环，近地铁，标准套一，低楼层，采光良好,https://cd.ke.com/ershoufang/20030317710100158131.html,鼓楼北三街32号,https://cd.ke.com/xiaoqu/3011053739293/,低楼层(共7层),2000年建,1室1厅,49.35平米,东,10,9天前发布
1849,简装套三，户型方正，交通便利，配套成熟,https://cd.ke.com/ershoufang/20030317710100159851.html,清水路苑,https://cd.ke.com/xiaoqu/1611057410255/,中楼层(共18层),2012年建,3室2厅,89平米,北南,0,9天前发布
1850,标准套2，房东诚心出售.......,https://cd.ke.com/ershoufang/20030317710100163725.html,清江苑,https://cd.ke.com/xiaoqu/1620026460944873/,低楼层(共1层)2室1厅,55.51平米,南北,,,15,9天前发布
1851,水木光华2室1厅南,https://cd.ke.com/ershoufang/20030317710100162356.html,水木光华,https://cd.ke.com/xiaoqu/1611041807591/,高楼层(共11层),2004年建,2室1厅,45.91平米,南,3,9天前发布
1852,颐和京都1室1厅西南,https://cd.ke.com/ershoufang/20030317710100157627.html,颐和京都,https://cd.ke.com/xiaoqu/1611041624486/,高楼层(共24层),2012年建,1室1厅,46.45平米,西南,3,9天前发布
1853,新城市广场精装标间，户型方正，通风好，采光好,https://cd.ke.com/ershoufang/20030317710100156463.html,新城市广场,https://cd.ke.com/xiaoqu/1611059361602/,高楼层(共30层),2003年建,1室0厅,28.51平米,东南,0,9天前发布
1854,房屋是业主自住装修，客厅带阳台，户型方正，配套成熟,https://cd.ke.com/ershoufang/20030317710100156195.html,光华馨地,https://cd.ke.com/xiaoqu/1611041580934/,高楼层(共11层),2006年建,3室2厅,96.3平米,东北,3,9天前发布
1855,朗基龙堂朝东有装修采光充足户型方正,https://cd.ke.com/ershoufang/20030317710100153573.html,朗基龙堂,https://cd.ke.com/xiaoqu/1611041619788/,低楼层(共27层),2010年建,2室1厅,78.9平米,东,9,9天前发布
1856,此房满两年，出行方便，户型方正，居住方便舒适,https://cd.ke.com/ershoufang/20030317710100152114.html,花样年华新街坊二期,https://cd.ke.com/xiaoqu/1611059316102/,中楼层(共25层),2009年建,1室1厅,46.99平米,东南,1,9天前发布
1857,多子巷21号3室1厅东南西,https://cd.ke.com/ershoufang/20030317710100150479.html,多子巷21号,https://cd.ke.com/xiaoqu/1611060655580/,高楼层(共6层)3室1厅,82.42平米,东南西,,,25,9天前发布
1858,此房为福华新起点电梯标准套一，18年设计重新装修。,https://cd.ke.com/ershoufang/20030317710100144576.html,福华新起点,https://cd.ke.com/xiaoqu/1611061227213/,中楼层(共17层),2004年建,1室1厅,66.59平米,东,1,9天前发布
1859,金鹏街271号1室1厅东南,https://cd.ke.com/ershoufang/20030317710100143961.html,金鹏街271号,https://cd.ke.com/xiaoqu/1620024905269538/,低楼层(共6层)1室1厅,38.91平米,东南,,,0,9天前发布
1860,新上房源，精装标间户型方正,https://cd.ke.com/ershoufang/20030317710100143774.html,蓝光coco金沙二期,https://cd.ke.com/xiaoqu/1611062950321/,中楼层(共22层),2015年建,1室0厅,25.2平米,东,10,9天前发布
1861,上城生活馆2室1厅西,https://cd.ke.com/ershoufang/20030317710100140290.html,上城生活馆,https://cd.ke.com/xiaoqu/1611041805848/,高楼层(共11层),2004年建,2室1厅,88.54平米,西,1,9天前发布
1862,精装套二拎包入住中间楼层,https://cd.ke.com/ershoufang/20030317710100138113.html,清溪雅筑,https://cd.ke.com/xiaoqu/1611047819375/,中楼层(共18层),2012年建,2室1厅,75.06平米,西,0,9天前发布
1863,中大君悦金沙七期中间楼层套一有装修,https://cd.ke.com/ershoufang/20030317710100136074.html,中大君悦金沙七期君逸院,https://cd.ke.com/xiaoqu/1611047383909/,中楼层(共22层),2014年建,1室1厅,65.29平米,东南,2,9天前发布
1864,铸信境界套三双卫简装对中庭不临街,https://cd.ke.com/ershoufang/20030317710100135212.html,铸信境界,https://cd.ke.com/xiaoqu/1611041556151/,高楼层(共27层),2009年建,3室2厅,89.66平米,东,18,9天前发布
1865,长虹和悦府精装可拎包入住三居室,https://cd.ke.com/ershoufang/20030317710100132789.html,长虹和悦府,https://cd.ke.com/xiaoqu/1611063890469/,高楼层(共20层),2015年建,3室2厅,75.61平米,西,1,9天前发布
1866,产权满两年，装修好，业主自住保养好!,https://cd.ke.com/ershoufang/20030317710100132382.html,蓝光COCO金沙三期,https://cd.ke.com/xiaoqu/1611050190095/,低楼层(共23层),2015年建,3室2厅,69.56平米,北,11,9天前发布
1867,新城市广场套一有装修看房预约,https://cd.ke.com/ershoufang/20030317710100128150.html,新城市广场,https://cd.ke.com/xiaoqu/1611059361602/,高楼层(共30层),2003年建,1室1厅,45.41平米,东南,0,9天前发布
1868,青羊区石人东路五号套一户型方正采光好,https://cd.ke.com/ershoufang/20030317710100126869.html,石人东路5号,https://cd.ke.com/xiaoqu/3011056042053/,中楼层(共7层)1室1厅,49.64平米,东南,,,0,9天前发布
1869,此房业主自住，采光视野好，户型方正，业主诚心出售,https://cd.ke.com/ershoufang/20030317710100124555.html,长虹和悦府,https://cd.ke.com/xiaoqu/1611063890469/,低楼层(共20层),2015年建,3室1厅,75.29平米,西,36,9天前发布
1870,锦里西路123号2室1厅东西,https://cd.ke.com/ershoufang/20030317710100120228.html,锦里西路123号,https://cd.ke.com/xiaoqu/3011054248462/,高楼层(共7层),1999年建,2室1厅,76.97平米,东西,5,9天前发布
1871,时代凯悦户型方正，采光好。,https://cd.ke.com/ershoufang/20030317710100118022.html,时代凯悦,https://cd.ke.com/xiaoqu/1611058909990/,低楼层(共40层),2006年建,1室0厅,39.55平米,东南,0,9天前发布
1872,大地新光华广场1室0厅东,https://cd.ke.com/ershoufang/20030317710100117717.html,大地新光华广场,https://cd.ke.com/xiaoqu/1611043937297/,低楼层(共15层),2000年建,1室0厅,42.5平米,东,0,9天前发布
1873,牧电后街8号低楼层优质套三小区环境好安静,https://cd.ke.com/ershoufang/20030317710100117895.html,牧电后街8号,https://cd.ke.com/xiaoqu/1611058692410/,低楼层(共7层)3室1厅,94.41平米,西南,,,2,9天前发布
1874,房子是标准套一，卧室带阳台，明厨明卫，小区临河,https://cd.ke.com/ershoufang/20030317710100115555.html,浣花南路218号,https://cd.ke.com/xiaoqu/1611058725216/,低楼层(共5层),2000年建,1室1厅,37.88平米,南,0,9天前发布
1875,标准套一，户型好，楼层好，交通便利，生活方便,https://cd.ke.com/ershoufang/20030317710100116920.html,新城市广场,https://cd.ke.com/xiaoqu/1611059361602/,中楼层(共30层),2003年建,1室1厅,46.32平米,东,0,9天前发布
1876,车位业主诚心出售,https://cd.ke.com/ershoufang/20030317710100113268.html,凯德风尚,https://cd.ke.com/xiaoqu/1611043174238/,地下室(共1层)1室0厅,30.07平米,南,,,0,9天前发布
1877,简装套三，位置好，户型实用无浪费,https://cd.ke.com/ershoufang/20030317710100109412.html,清水路苑,https://cd.ke.com/xiaoqu/1611057410255/,低楼层(共18层),2012年建,3室2厅,89平米,北,1,9天前发布
1878,金沙海棠2室2厅东南,https://cd.ke.com/ershoufang/20030317710100109595.html,金沙海棠,https://cd.ke.com/xiaoqu/1611041589970/,低楼层(共18层),2012年建,2室2厅,90.17平米,东南,4,9天前发布
1879,朗基朝南套二，有装修，对中庭，采光好。,https://cd.ke.com/ershoufang/20030317710100108262.html,朗基龙堂,https://cd.ke.com/xiaoqu/1611041619788/,高楼层(共27层),2010年建,2室2厅,83.5平米,东南,3,9天前发布
1880,新城市广场套二出售视野开阔,https://cd.ke.com/ershoufang/20030317710100108385.html,新城市广场,https://cd.ke.com/xiaoqu/1611059361602/,高楼层(共30层),2003年建,2室1厅,71.03平米,东南,1,9天前发布
1881,百花西路标准套二，户型方正，楼层朝向好,https://cd.ke.com/ershoufang/20030317710100107347.html,百花西路15号,https://cd.ke.com/xiaoqu/1614874410496417/,中楼层(共5层),2000年建,2室1厅,56.3平米,南,0,9天前发布
1882,百花西路标准套一，户型方正，楼层朝向好,https://cd.ke.com/ershoufang/20030317710100106268.html,百花西路15号,https://cd.ke.com/xiaoqu/1614874410496417/,中楼层(共5层),2000年建,1室1厅,45.83平米,南,0,9天前发布
1883,清河阳光3室1厅东,https://cd.ke.com/ershoufang/20030317710100106932.html,清河阳光,https://cd.ke.com/xiaoqu/1611043168201/,高楼层(共18层),2010年建,3室1厅,125.86平米,东,2,9天前发布
1884,府南河边，精装套二，东南朝向。,https://cd.ke.com/ershoufang/20030317710100104475.html,现代城人民公园,https://cd.ke.com/xiaoqu/1611041622435/,中楼层(共23层),2004年建,2室2厅,87平米,东南,18,9天前发布
1885,大地新光华广场1室1厅南,https://cd.ke.com/ershoufang/20030317710100102290.html,大地新光华广场,https://cd.ke.com/xiaoqu/1611043937297/,高楼层(共15层),2000年建,1室1厅,60.53平米,南,0,9天前发布
1886,卧龙晓城5室2厅南,https://cd.ke.com/ershoufang/20030317710100102389.html,卧龙晓城,https://cd.ke.com/xiaoqu/1611042045164/,高楼层(共6层),2003年建,5室2厅,169.67平米,南,2,9天前发布
1887,交通便利视野不错采光好保养不错配套齐全,https://cd.ke.com/ershoufang/20030317710100101397.html,罗马国际,https://cd.ke.com/xiaoqu/1611059485993/,高楼层(共20层),2006年建,1室0厅,41.82平米,东北,1,9天前发布
1888,金地B区精装套三，对中庭，双卫双阳台，安静，满2年,https://cd.ke.com/ershoufang/20030217710100172331.html,金地嘉年华城B区,https://cd.ke.com/xiaoqu/1611047923570/,低楼层(共18层),2014年建,3室2厅,116.77平米,东南,1,10天前发布
1889,清水路苑套二出售近大门口诚心出售,https://cd.ke.com/ershoufang/20030217710100170488.html,清水路苑,https://cd.ke.com/xiaoqu/1611057410255/,中楼层(共18层),2012年建,2室2厅,81.81平米,东,29,10天前发布
1890,香槟花园1室0厅西南,https://cd.ke.com/ershoufang/20030217710100169860.html,香槟花园,https://cd.ke.com/xiaoqu/1611041826164/,地下室(共1层)1室0厅,28.31平米,西南,,,0,10天前发布
1891,快乐空间精装电梯套三双卫文化宫地铁178万,https://cd.ke.com/ershoufang/20030217710100169089.html,快乐空间,https://cd.ke.com/xiaoqu/1611041803733/,高楼层(共11层),2005年建,3室1厅,95.43平米,东,3,10天前发布
1892,标准套二格局方正户型通透采光很好,https://cd.ke.com/ershoufang/20030217710100163151.html,百花西路19号院,https://cd.ke.com/xiaoqu/1615758173156088/,高楼层(共6层)2室2厅,63.09平米,南,,,1,10天前发布
1893,锦都2室1厅南北,https://cd.ke.com/ershoufang/20030217710100162657.html,锦都,https://cd.ke.com/xiaoqu/3011053410699/,高楼层(共25层),2004年建,2室1厅,80平米,南北,4,10天前发布
1894,贝森标准两居室楼上三间楼下两间,https://cd.ke.com/ershoufang/20030217710100156077.html,贝森园,https://cd.ke.com/xiaoqu/1611041814172/,高楼层(共7层),2000年建,2室2厅,83平米,南,1,10天前发布
1895,东原时光道3室2厅东,https://cd.ke.com/ershoufang/20030217710100156734.html,东原时光道,https://cd.ke.com/xiaoqu/1611063210428/,低楼层(共22层),2016年建,3室2厅,89.53平米,东,3,10天前发布
1896,金沙鹭岛四期3室1厅东,https://cd.ke.com/ershoufang/20030217710100153732.html,金沙鹭岛四期,https://cd.ke.com/xiaoqu/167512342934401/,低楼层(共32层),2017年建,3室1厅,89平米,东,6,10天前发布
1897,地铁口，标间，米兰小筑电梯即买即收租,https://cd.ke.com/ershoufang/20030217710100150299.html,米兰小筑,https://cd.ke.com/xiaoqu/1611059509904/,中楼层(共17层),2005年建,1室1厅,44.3平米,东,3,10天前发布
1898,长顺中街，东门街小区精装修老套二，采光好,https://cd.ke.com/ershoufang/20030217710100144571.html,东门街96号,https://cd.ke.com/xiaoqu/3011055752564/,高楼层(共6层),1995年建,2室1厅,50.64平米,南北,0,10天前发布
1899,自住套二户型方正高楼层,https://cd.ke.com/ershoufang/20030217710100146021.html,培风小区80号,https://cd.ke.com/xiaoqu/1611041578057/,高楼层(共11层),2000年建,2室2厅,95平米,东,0,10天前发布
1900,此房户型方正格局好业主诚心卖视野开阔交通便利,https://cd.ke.com/ershoufang/20030217710100145341.html,清水路苑,https://cd.ke.com/xiaoqu/1611057410255/,低楼层(共18层),2012年建,2室2厅,83平米,西,3,10天前发布
1901,八宝街万和苑电梯大套三、配套齐，交通生活方便。,https://cd.ke.com/ershoufang/20030217710100139048.html,万和苑,https://cd.ke.com/xiaoqu/3011053918752/,低楼层(共29层),1999年建,3室2厅,155.12平米,东,2,10天前发布
1902,胜西电梯套一，房龄新，出行方便,https://cd.ke.com/ershoufang/20030217710100132798.html,尊城国际,https://cd.ke.com/xiaoqu/1611061067228/,中楼层(共36层),2012年建,1室1厅,56.7平米,东南,11,10天前发布
1903,小套三，位置好，楼层也不错，可直接入住,https://cd.ke.com/ershoufang/20030217710100132337.html,清水路苑,https://cd.ke.com/xiaoqu/1611057410255/,高楼层(共18层),2012年建,3室2厅,89平米,北,30,10天前发布
1904,盛世草堂2室2厅南,https://cd.ke.com/ershoufang/20030217710100131650.html,盛世草堂,https://cd.ke.com/xiaoqu/3011056043172/,高楼层(共23层),2008年建,2室2厅,88.03平米,南,2,10天前发布
1905,青羊区光华锦苑改善大套三带全屋空调+暖气,https://cd.ke.com/ershoufang/20030217710100131235.html,光华锦苑,https://cd.ke.com/xiaoqu/1611047819274/,高楼层(共21层),2013年建,3室2厅,133平米,南,5,10天前发布
1906,西二环内精装修套三，不临街安静，直接可以入住,https://cd.ke.com/ershoufang/20030217710100130944.html,欣园二期,https://cd.ke.com/xiaoqu/1611057631827/,高楼层(共7层),2002年建,3室1厅,139.53平米,南,7,10天前发布
1907,万科金色领域业主诚心出售大平台套一业主全款，,https://cd.ke.com/ershoufang/20030217710100129166.html,万科金色领域,https://cd.ke.com/xiaoqu/1611044699628/,中楼层(共21层),2012年建,1室1厅,262平米,东南,1,10天前发布
1908,东原精装套二业主诚心出售采光好,https://cd.ke.com/ershoufang/20030217710100121017.html,东原时光道,https://cd.ke.com/xiaoqu/1611063210428/,低楼层(共22层),2015年建,2室1厅,59.78平米,东南,1,10天前发布
1909,精装修标准套三户型方正,https://cd.ke.com/ershoufang/20030217710100118130.html,颐和京都,https://cd.ke.com/xiaoqu/1611041624486/,中楼层(共29层),2016年建,3室2厅,94.36平米,东,5,10天前发布
1910,天鹅星座套三，户型方正，采光好有电梯,https://cd.ke.com/ershoufang/20030217710100114770.html,天鹅星座,https://cd.ke.com/xiaoqu/1611043005710/,中楼层(共11层),2002年建,3室2厅,165平米,东,9,10天前发布
1911,新上套二朝东对中庭客厅带阳台,https://cd.ke.com/ershoufang/20030217710100113151.html,光华碧邻,https://cd.ke.com/xiaoqu/1611047773909/,低楼层(共20层),2013年建,2室2厅,79.7平米,东,11,10天前发布
1912,佳兆业广场精装套二房东诚心出售,https://cd.ke.com/ershoufang/20030217710100111433.html,佳兆业广场,https://cd.ke.com/xiaoqu/166988596260316/,中楼层(共15层)2室1厅,67.47平米,东南,,,3,10天前发布
1913,此房在四楼，采光好，交通便利。,https://cd.ke.com/ershoufang/20030217710100110225.html,锦怡居,https://cd.ke.com/xiaoqu/1611059892461/,中楼层(共6层),2002年建,3室2厅,134.7平米,南,1,10天前发布
1914,保利香槟光华中间楼层精装套二出售,https://cd.ke.com/ershoufang/20030217710100109238.html,保利香槟光华,https://cd.ke.com/xiaoqu/1611060968918/,中楼层(共18层),2014年建,2室1厅,55.97平米,东北,21,10天前发布
1915,同善桥八号社区，简装套三，高楼层,https://cd.ke.com/ershoufang/20030217710100105993.html,同善桥横街8号社区,https://cd.ke.com/xiaoqu/169212845896044/,高楼层(共7层)3室1厅,84.73平米,东,,,0,10天前发布
1916,金地嘉年华城C区3室2厅东北,https://cd.ke.com/ershoufang/20030217710100104693.html,金地嘉年华城C区,https://cd.ke.com/xiaoqu/1611047923727/,中楼层(共18层),2014年建,3室2厅,119平米,东北,1,10天前发布
1917,金地嘉年华套二，客厅带阳台！看房预约,https://cd.ke.com/ershoufang/20030217710100103180.html,金地金沙府邸,https://cd.ke.com/xiaoqu/3011055308539/,中楼层(共18层),2016年建,2室2厅,90.14平米,东南,0,10天前发布
1918,此房户型方正，标准套二，采光好，有10余平米露台,https://cd.ke.com/ershoufang/20030217710100102678.html,红墙国际,https://cd.ke.com/xiaoqu/1611059316236/,低楼层(共38层),2011年建,2室1厅,81.87平米,南东北,4,10天前发布
1919,满两年，采光好，视野开阔，装修保养很好,https://cd.ke.com/ershoufang/20030217710100102435.html,中铁瑞景颐城,https://cd.ke.com/xiaoqu/1611049057688/,中楼层(共21层),2013年建,3室2厅,80.27平米,西,8,10天前发布
1920,金沙西墅四室二厅全新装修诚意出售,https://cd.ke.com/ershoufang/20030217710100100398.html,金沙西墅,https://cd.ke.com/xiaoqu/1611047155400/,中楼层(共5层),2011年建,4室2厅,166.06平米,东南,1,10天前发布
1921,毛坯房通透户型西南朝向前后中庭两梯四户人车分流,https://cd.ke.com/ershoufang/20030117710100205923.html,中大君悦金沙七期君逸院,https://cd.ke.com/xiaoqu/1611047383909/,高楼层(共23层),2014年建,2室2厅,88.2平米,西南,2,11天前发布
1922,光华碧邻标准套一，户型方正采光好。,https://cd.ke.com/ershoufang/20030117710100205331.html,光华碧邻,https://cd.ke.com/xiaoqu/1611047773909/,高楼层(共20层),2013年建,1室1厅,49.01平米,南西南,8,11天前发布
1923,清水路苑清水房，格局方正，已经满二,https://cd.ke.com/ershoufang/20030117710100205273.html,清水路苑,https://cd.ke.com/xiaoqu/1611057410255/,中楼层(共18层),2012年建,2室2厅,83.68平米,西,1,11天前发布
1924,人民公园标准套三采光充足视野好，适合居住，不临街,https://cd.ke.com/ershoufang/20030117710100204763.html,忠孝巷8号,https://cd.ke.com/xiaoqu/1620023652596630/,高楼层(共7层),1994年建,3室1厅,86.58平米,东南,0,11天前发布
1925,东坡小区套三单卫有装修南北朝向,https://cd.ke.com/ershoufang/20030117710100201992.html,东坡小区,https://cd.ke.com/xiaoqu/1611041785771/,低楼层(共7层),1998年建,3室2厅,83.4平米,南,2,11天前发布
1926,二十一世纪花园三期中间楼层套三双卫,https://cd.ke.com/ershoufang/20030117710100198534.html,二十一世纪花园三期,https://cd.ke.com/xiaoqu/1611043447758/,中楼层(共8层),2003年建,3室2厅,114平米,南,10,11天前发布
1927,水木光华套三户型，房东诚心出售。,https://cd.ke.com/ershoufang/20030117710100194339.html,水木光华,https://cd.ke.com/xiaoqu/1611041807591/,中楼层(共6层),2004年建,3室2厅,103.97平米,南,2,11天前发布
1928,光华杏林中楼层标准套一带大阳台,https://cd.ke.com/ershoufang/20030117710100193524.html,光华杏林,https://cd.ke.com/xiaoqu/1611041605688/,中楼层(共21层),2010年建,1室1厅,50平米,北,9,11天前发布
1929,中大君悦金沙七期君逸院2室2厅西南,https://cd.ke.com/ershoufang/20030117710100192598.html,中大君悦金沙七期君逸院,https://cd.ke.com/xiaoqu/1611047383909/,中楼层(共15层),2014年建,2室2厅,86.23平米,西南,0,11天前发布
1930,天邑花园3室1厅西,https://cd.ke.com/ershoufang/20030117710100188351.html,天邑花园,https://cd.ke.com/xiaoqu/1611041583927/,低楼层(共11层),2008年建,3室1厅,113平米,西,0,11天前发布
1931,通透套四住家装修中间楼层不临街,https://cd.ke.com/ershoufang/20030117710100186921.html,中大君悦金沙五期,https://cd.ke.com/xiaoqu/1611043864610/,中楼层(共23层),2012年建,4室2厅,134.66平米,西,7,11天前发布
1932,阳城心灵家园，居家大套三。。.,https://cd.ke.com/ershoufang/20030117710100186255.html,心灵家园,https://cd.ke.com/xiaoqu/1611047974363/,中楼层(共20层),2013年建,3室2厅,130.53平米,西,7,11天前发布
1933,蓝光COCO金沙三期朝西对中庭精装自住套三！,https://cd.ke.com/ershoufang/20030117710100184290.html,蓝光COCO金沙三期,https://cd.ke.com/xiaoqu/1611050190095/,低楼层(共22层),2015年建,3室1厅,62.07平米,西南,4,11天前发布
1934,清水河畔1室1厅东,https://cd.ke.com/ershoufang/20030117710100182698.html,清水河畔,https://cd.ke.com/xiaoqu/1611041558279/,高楼层(共23层),2008年建,1室1厅,50平米,东,0,11天前发布
1935,人民公园地铁口低楼层标准套一名宿装修拎包入住,https://cd.ke.com/ershoufang/20030117710100175817.html,蜀华街44号,https://cd.ke.com/xiaoqu/1611062694885/,低楼层(共7层)2室1厅,48.05平米,东南,,,10,11天前发布
1936,光华公屋二期标准大套二、小区干净卫生,https://cd.ke.com/ershoufang/20030117710100175386.html,光华公屋二期,https://cd.ke.com/xiaoqu/3011056018329/,中楼层(共7层),2004年建,2室2厅,92.91平米,南,2,11天前发布
1937,标准套二+户型方正+采光好+视野开阔,https://cd.ke.com/ershoufang/20030117710100169288.html,锦天国际,https://cd.ke.com/xiaoqu/3011053776089/,中楼层(共32层),2009年建,2室2厅,88.67平米,东,4,11天前发布
1938,光华杏林3室1厅南北,https://cd.ke.com/ershoufang/20030117710100165742.html,光华杏林,https://cd.ke.com/xiaoqu/1611041605688/,中楼层(共21层),2010年建,3室1厅,118.03平米,南北,1,11天前发布
1939,此房诚心出售交通便利出行方便,https://cd.ke.com/ershoufang/20030117710100159616.html,方池街33号,https://cd.ke.com/xiaoqu/169099582386980/,低楼层(共7层)2室1厅,42.97平米,东南,,,25,11天前发布
1940,东城根上街4号3室1厅北南,https://cd.ke.com/ershoufang/20030117710100155647.html,东城根上街4号,https://cd.ke.com/xiaoqu/167828172976939/,高楼层(共7层),1992年建,3室1厅,101.45平米,北南,1,11天前发布
1941,斜阳路7号楼层好，套三双卫小区干净,https://cd.ke.com/ershoufang/20030117710100150240.html,斜阳路7号,https://cd.ke.com/xiaoqu/1611058400001/,中楼层(共7层),1998年建,3室2厅,90.72平米,北,14,11天前发布
1942,朗基龙堂3室1厅东,https://cd.ke.com/ershoufang/20030117710100148960.html,朗基龙堂,https://cd.ke.com/xiaoqu/1611041619788/,低楼层(共27层),2010年建,3室1厅,95平米,东,7,11天前发布
1943,水木光滑电梯小高层一梯两户,https://cd.ke.com/ershoufang/20030117710100148541.html,水木光华,https://cd.ke.com/xiaoqu/1611041807591/,中楼层(共11层),2004年建,3室1厅,123.54平米,西,2,11天前发布
1944,套三精装修户型方正采光好交通便捷,https://cd.ke.com/ershoufang/20030117710100147829.html,石人南路35号,https://cd.ke.com/xiaoqu/3011056015626/,高楼层(共7层),1997年建,3室1厅,73.59平米,东西,7,11天前发布
1945,碧华邻1室0厅南,https://cd.ke.com/ershoufang/20030117710100145678.html,碧华邻,https://cd.ke.com/xiaoqu/1611041574805/,地下室(共层)1室0厅,25.81平米,南,,,0,11天前发布
1946,北大街88号套一出售户型方正,https://cd.ke.com/ershoufang/20030117710100144360.html,天盛壹中心,https://cd.ke.com/xiaoqu/3011053885843/,中楼层(共31层),2008年建,1室1厅,48.01平米,东,2,11天前发布
1947,碧华邻装修套二朝东对中庭,https://cd.ke.com/ershoufang/20030117710100144264.html,碧华邻,https://cd.ke.com/xiaoqu/1611041574805/,高楼层(共18层),2007年建,2室2厅,93.79平米,东,1,11天前发布
1948,蓝光通透套二户型客厅带阳台业主自住装修,https://cd.ke.com/ershoufang/20030117710100143687.html,蓝光SOFA社区,https://cd.ke.com/xiaoqu/1611048335846/,低楼层(共20层),2011年建,2室1厅,77.7平米,东,5,11天前发布
1949,标准套三户型好不临街配套成熟,https://cd.ke.com/ershoufang/20030117710100139045.html,青羊教师公寓,https://cd.ke.com/xiaoqu/1611041881449/,高楼层(共7层),2000年建,3室2厅,88.69平米,西南,1,11天前发布
1950,金沙十年3室2厅西南,https://cd.ke.com/ershoufang/20030117710100137489.html,金沙十年,https://cd.ke.com/xiaoqu/1611046285571/,低楼层(共18层),2012年建,3室2厅,89平米,西南,20,11天前发布
1951,航天佳苑标准大套三,https://cd.ke.com/ershoufang/20030117710100132776.html,航天佳苑,https://cd.ke.com/xiaoqu/1611043092332/,中楼层(共18层),2008年建,3室2厅,136.61平米,东,3,11天前发布
1952,中铁双龙湾3室2厅南,https://cd.ke.com/ershoufang/20030117710100130987.html,中铁双龙湾,https://cd.ke.com/xiaoqu/1611041812489/,低楼层(共20层),2008年建,3室2厅,118.3平米,南,0,11天前发布
1953,成都花园上城套三双卫安静不临街,https://cd.ke.com/ershoufang/20030117710100128124.html,成都花园上城,https://cd.ke.com/xiaoqu/1611041601163/,高楼层(共22层),2009年建,3室1厅,103.65平米,南,10,11天前发布
1954,配套设施齐全，交通便利，采光良好，视野好看房便利,https://cd.ke.com/ershoufang/20030117710100127826.html,锦城华府,https://cd.ke.com/xiaoqu/1611061163424/,中楼层(共32层),2015年建,1室1厅,53平米,南北,1,11天前发布
1955,成都青羊万达广场1室0厅南,https://cd.ke.com/ershoufang/20030117710100126242.html,成都青羊万达广场,https://cd.ke.com/xiaoqu/1611100040029/,中楼层(共21层),2016年建,1室0厅,30.65平米,南,2,11天前发布
1956,精装修套三中楼层看房预约,https://cd.ke.com/ershoufang/20030117710100125185.html,牧电路22号院,https://cd.ke.com/xiaoqu/3011056053006/,中楼层(共7层),1997年建,3室1厅,81.3平米,南北,1,11天前发布
1957,上半节小区套三有电梯看房预约,https://cd.ke.com/ershoufang/20030117710100123122.html,上半节巷16号,https://cd.ke.com/xiaoqu/3011054789160/,高楼层(共9层),2000年建,3室1厅,89.25平米,东北,20,11天前发布
1958,海亮爱金沙小区环境舒适,https://cd.ke.com/ershoufang/20030117710100122228.html,海亮爱金沙,https://cd.ke.com/xiaoqu/166967782812885/,高楼层(共23层),2016年建,2室2厅,68.38平米,东南,1,11天前发布
1959,合能西贵金沙1室0厅南,https://cd.ke.com/ershoufang/20030117710100115195.html,合能西贵金沙,https://cd.ke.com/xiaoqu/1611046836820/,地下室(共层),2013年建,1室0厅,35平米,南,1,11天前发布
1960,元益花园2室2厅东,https://cd.ke.com/ershoufang/20030117710100115270.html,元益花园,https://cd.ke.com/xiaoqu/1611043140046/,中楼层(共21层),2014年建,2室2厅,85.15平米,东,1,11天前发布
1961,时代天骄，套二，明厨明卫，朝南采光充足，有装修。,https://cd.ke.com/ershoufang/20030117710100110595.html,时代天骄,https://cd.ke.com/xiaoqu/1611059246711/,低楼层(共28层),2003年建,2室1厅,73.83平米,西南,1,11天前发布
1962,石室高中部门口！中间楼层！不临街！,https://cd.ke.com/ershoufang/20022917710100192782.html,下汪家拐街22号,https://cd.ke.com/xiaoqu/3011053921702/,中楼层(共5层),1990年建,2室1厅,62.15平米,东南,5,12天前发布
1963,大套二，朝南户型，交通便利，配套设施齐全.,https://cd.ke.com/ershoufang/20022917710100190362.html,上城生活馆,https://cd.ke.com/xiaoqu/1611041805848/,中楼层(共11层),2004年建,2室2厅,87.94平米,南,9,12天前发布
1964,采光视野好，户型方正，精装套三,https://cd.ke.com/ershoufang/20022917710100190192.html,长虹和悦府,https://cd.ke.com/xiaoqu/1611063890469/,低楼层(共20层),2015年建,3室2厅,78.4平米,南,15,12天前发布
1965,东城根上街4号4室1厅南,https://cd.ke.com/ershoufang/20022917710100188678.html,东城根上街4号,https://cd.ke.com/xiaoqu/167828172976939/,高楼层(共7层),1986年建,4室1厅,102.13平米,南,15,12天前发布
1966,青羊区百花潭公园旁精装套四带阳台出售,https://cd.ke.com/ershoufang/20022917710100187231.html,78号观邸,https://cd.ke.com/xiaoqu/3011054206742/,中楼层(共31层),2009年建,4室2厅,140.91平米,西北,36,12天前发布
1967,香木林新城套二，居家装修，看房预约,https://cd.ke.com/ershoufang/20022917710100186511.html,香木林新城,https://cd.ke.com/xiaoqu/1611041810672/,中楼层(共11层),2005年建,2室1厅,83.28平米,东,8,12天前发布
1968,海亮爱金沙小区环境舒适,https://cd.ke.com/ershoufang/20022917710100184264.html,海亮爱金沙,https://cd.ke.com/xiaoqu/166967782812885/,低楼层(共22层)2室1厅,65.25平米,东北,,,3,12天前发布
1969,橙花风景新上朝南二，视野开阔无遮挡！,https://cd.ke.com/ershoufang/20022917710100178598.html,橙花风景,https://cd.ke.com/xiaoqu/1611041554256/,高楼层(共25层),2008年建,2室2厅,89.38平米,南,14,12天前发布
1970,青羊区清河阳光客厅带阳台套四,https://cd.ke.com/ershoufang/20022917710100178442.html,清河阳光,https://cd.ke.com/xiaoqu/1611043168201/,中楼层(共18层),2010年建,4室2厅,142.3平米,东南,4,12天前发布
1971,元益花园清水套二客厅带阳台中间楼层,https://cd.ke.com/ershoufang/20022917710100174261.html,元益花园,https://cd.ke.com/xiaoqu/1611043140046/,中楼层(共21层),2014年建,2室2厅,89.25平米,南,26,12天前发布
1972,对中庭花园，视野开阔，精装修，直接拎包入住,https://cd.ke.com/ershoufang/20022917710100173369.html,凯德风尚,https://cd.ke.com/xiaoqu/1611043174238/,高楼层(共19层),2012年建,3室2厅,89.79平米,东,5,12天前发布
1973,紧缺二楼户型欧式精装业主诚售抓紧抓紧啦！,https://cd.ke.com/ershoufang/20022917710100172688.html,浪琴湾,https://cd.ke.com/xiaoqu/1611041620095/,低楼层(共6层),2004年建,3室2厅,109平米,南,12,12天前发布
1974,凯旋天际湾精装修拎包入住家电齐全不临街,https://cd.ke.com/ershoufang/20022917710100168793.html,天合凯旋天际湾,https://cd.ke.com/xiaoqu/1611044806458/,高楼层(共21层),2011年建,1室1厅,56.74平米,南,1,12天前发布
1975,世纪金沙3室1厅东西,https://cd.ke.com/ershoufang/20022917710100167950.html,世纪金沙,https://cd.ke.com/xiaoqu/1611041583154/,高楼层(共11层),2009年建,3室1厅,126平米,东西,7,12天前发布
1976,标准套一采光好中间楼层采光好诚心出售,https://cd.ke.com/ershoufang/20022917710100166195.html,光华杏林,https://cd.ke.com/xiaoqu/1611041605688/,中楼层(共21层),2010年建,1室1厅,50.72平米,北,15,12天前发布
1977,低楼层，采光好，对中庭，房东急售,https://cd.ke.com/ershoufang/20022917710100163735.html,欧苑,https://cd.ke.com/xiaoqu/3011053177523/,低楼层(共18层),2011年建,1室1厅,48.6平米,东,1,12天前发布
1978,此房户型为套三，南北朝向，户型方正,https://cd.ke.com/ershoufang/20022917710100163268.html,恒大翡翠华庭,https://cd.ke.com/xiaoqu/1611063212342/,低楼层(共22层),2017年建,3室1厅,88.68平米,北,0,12天前发布
1979,左右小区标准套二，自己设计用心装修，看房方便。,https://cd.ke.com/ershoufang/20022917710100162842.html,左右,https://cd.ke.com/xiaoqu/1611041556995/,低楼层(共25层),2010年建,2室1厅,60.41平米,南,2,12天前发布
1980,财经商住楼1室0厅南,https://cd.ke.com/ershoufang/20022917710100160827.html,财经商住楼,https://cd.ke.com/xiaoqu/1611043039101/,中楼层(共8层),2003年建,1室0厅,42.64平米,南,0,12天前发布
1981,王家塘街6号2室1厅东南,https://cd.ke.com/ershoufang/20022917710100156972.html,王家塘街6号,https://cd.ke.com/xiaoqu/3011053919115/,高楼层(共7层),1990年建,2室1厅,64.48平米,东南,8,12天前发布
1982,兴城融域一梯两户大套二居家装修,https://cd.ke.com/ershoufang/20022917710100151025.html,兴城融域,https://cd.ke.com/xiaoqu/1611042047653/,中楼层(共11层),2009年建,2室2厅,90.96平米,南,2,12天前发布
1983,清河阳光3室2厅南,https://cd.ke.com/ershoufang/20022917710100152677.html,清河阳光,https://cd.ke.com/xiaoqu/1611043168201/,高楼层(共18层),2010年建,3室2厅,169平米,南,0,12天前发布
1984,中大五期精装套二对中庭安静不吵,https://cd.ke.com/ershoufang/20022917710100152132.html,中大君悦金沙五期,https://cd.ke.com/xiaoqu/1611043864610/,低楼层(共23层),2012年建,2室1厅,83.18平米,西南,9,12天前发布
1985,房子套一户型，有装修，低楼层，带30平米花园,https://cd.ke.com/ershoufang/20022917710100151474.html,贝森兴苑,https://cd.ke.com/xiaoqu/1611041867455/,低楼层(共7层),2000年建,1室1厅,45.26平米,南,10,12天前发布
1986,贝森电梯loft居家小套二,https://cd.ke.com/ershoufang/20022917710100147399.html,城市物语,https://cd.ke.com/xiaoqu/1611041784842/,低楼层(共10层),2003年建,2室1厅,41.89平米,南,12,12天前发布
1987,颐和京都标准套一有装修采光好户型方正,https://cd.ke.com/ershoufang/20022917710100146188.html,颐和京都,https://cd.ke.com/xiaoqu/1611041624486/,中楼层(共24层),2012年建,1室2厅,51.12平米,北,2,12天前发布
1988,磨底河沿街7号标准套二居家装修,https://cd.ke.com/ershoufang/20022917710100145823.html,磨底河沿街7号,https://cd.ke.com/xiaoqu/1611057669866/,中楼层(共7层),1990年建,2室1厅,54.7平米,南北,0,12天前发布
1989,不临街套三拎包入住高楼层,https://cd.ke.com/ershoufang/20022917710100144119.html,清溪雅筑,https://cd.ke.com/xiaoqu/1611047819375/,高楼层(共18层),2012年建,3室1厅,90.45平米,南北,2,12天前发布
1990,方池街+标准套二+中间楼层+小户型,https://cd.ke.com/ershoufang/20022917710100143072.html,方池街33号,https://cd.ke.com/xiaoqu/169099582386980/,中楼层(共7层),1985年建,2室1厅,57.19平米,西南,17,12天前发布
1991,印象金沙2室1厅东西,https://cd.ke.com/ershoufang/20022917710100138196.html,印象金沙,https://cd.ke.com/xiaoqu/1611041601731/,中楼层(共11层),2007年建,2室1厅,89.68平米,东西,1,12天前发布
1992,浣花小区3室1厅南北,https://cd.ke.com/ershoufang/20022917710100135570.html,浣花小区,https://cd.ke.com/xiaoqu/3011052273251/,高楼层(共6层),2000年建,3室1厅,84.03平米,南北,3,12天前发布
1993,小关庙，太升路，精装套三，拎包入住,https://cd.ke.com/ershoufang/20022917710100129216.html,小关庙街35号,https://cd.ke.com/xiaoqu/3011052235175/,高楼层(共7层),1999年建,3室2厅,105.11平米,南北,2,12天前发布
1994,东原时光道3室2厅南,https://cd.ke.com/ershoufang/20022917710100128775.html,东原时光道,https://cd.ke.com/xiaoqu/1611063210428/,低楼层(共21层),2015年建,3室2厅,92.46平米,南,14,12天前发布
1995,府河内低楼层套三，小区安静，居家舒适。,https://cd.ke.com/ershoufang/20022917710100125038.html,玉泉街24号,https://cd.ke.com/xiaoqu/1611063170580/,低楼层(共7层),1992年建,3室1厅,77.14平米,东南,4,12天前发布
1996,石人巷8号3室2厅东南,https://cd.ke.com/ershoufang/20022917710100124482.html,石人巷8号,https://cd.ke.com/xiaoqu/3011056038086/,高楼层(共7层),1998年建,3室2厅,102平米,东南,0,12天前发布
1997,朗基朝南套二，有装修，对中庭，采光好。,https://cd.ke.com/ershoufang/20022917710100124139.html,朗基龙堂,https://cd.ke.com/xiaoqu/1611041619788/,高楼层(共27层),2010年建,2室1厅,77.84平米,南,3,12天前发布
1998,海亮爱金沙标准套三出售，带装修,https://cd.ke.com/ershoufang/20022917710100120520.html,海亮爱金沙,https://cd.ke.com/xiaoqu/166967782812885/,低楼层(共23层),2016年建,3室1厅,68.76平米,东南,0,12天前发布
1999,心愿花园一期标准套一出售采光好,https://cd.ke.com/ershoufang/20022917710100121442.html,心愿花园一期,https://cd.ke.com/xiaoqu/1620029787332492/,中楼层(共6层)1室1厅,43.26平米,南,,,0,12天前发布
2000,宽窄巷子套二民宿装修保养好,https://cd.ke.com/ershoufang/20022917710100120139.html,中同仁路39号,https://cd.ke.com/xiaoqu/1611059470179/,中楼层(共7层),1995年建,2室1厅,62.5平米,东南,20,12天前发布
2001,锦都中间楼层视野宽阔，采光充足，布局合理带装修。,https://cd.ke.com/ershoufang/20022917710100117384.html,锦都,https://cd.ke.com/xiaoqu/3011053410699/,高楼层(共25层),2004年建,1室0厅,41平米,南,13,12天前发布
2002,浣花香3室1厅南,https://cd.ke.com/ershoufang/20022917710100117479.html,浣花香,https://cd.ke.com/xiaoqu/1611058718107/,中楼层(共28层),2013年建,3室1厅,142.38平米,南,2,12天前发布
2003,青羊区釜山国际，标准套二自住装修，保养好,https://cd.ke.com/ershoufang/20022917710100115623.html,釜山国际城市公馆,https://cd.ke.com/xiaoqu/1611059551378/,低楼层(共32层),2008年建,2室2厅,98.15平米,西,9,12天前发布
2004,清溪雅筑居家套三不临街,https://cd.ke.com/ershoufang/20022917710100115326.html,清溪雅筑,https://cd.ke.com/xiaoqu/1611047819375/,低楼层(共18层),2012年建,3室1厅,90.12平米,西,5,12天前发布
2005,草堂东路133号1室1厅西,https://cd.ke.com/ershoufang/20022917710100114441.html,草堂东路133号,https://cd.ke.com/xiaoqu/1613627780772852/,中楼层(共6层)1室1厅,39.24平米,西,,,17,12天前发布
2006,清水路苑2室2厅西南,https://cd.ke.com/ershoufang/20022917710100111715.html,清水路苑,https://cd.ke.com/xiaoqu/1611057410255/,低楼层(共18层),2012年建,2室2厅,85平米,西南,0,12天前发布
2007,公安厅光华锦苑清水套三对中庭,https://cd.ke.com/ershoufang/20022917710100105044.html,光华锦苑,https://cd.ke.com/xiaoqu/1611047819274/,中楼层(共21层),2013年建,3室1厅,96.78平米,西,6,12天前发布
2008,精装修，03年商品房，有外墙砖，面积大，中间楼层,https://cd.ke.com/ershoufang/20022917710100104486.html,交大靓典,https://cd.ke.com/xiaoqu/1611041733761/,中楼层(共6层),2003年建,2室1厅,57平米,南北,4,12天前发布
2009,青羊区三居室三环内双玺小区,https://cd.ke.com/ershoufang/20022917710100104377.html,双玺,https://cd.ke.com/xiaoqu/1611041609498/,低楼层(共18层),2011年建,3室1厅,89.08平米,北,4,12天前发布
2010,元益花园有装修大套三，不临街，安静不吵,https://cd.ke.com/ershoufang/20022917710100104639.html,元益花园,https://cd.ke.com/xiaoqu/1611043140046/,高楼层(共21层),2014年建,3室2厅,94.66平米,北,0,12天前发布
2011,清水房标准套二户型方正,https://cd.ke.com/ershoufang/20022917710100103010.html,颐和京都,https://cd.ke.com/xiaoqu/1611041624486/,低楼层(共29层),2016年建,2室1厅,73.54平米,南,4,12天前发布
2012,泡桐树街16号1室1厅南,https://cd.ke.com/ershoufang/20022917710100100476.html,泡桐树街16号,https://cd.ke.com/xiaoqu/3011055623650/,高楼层(共7层),1999年建,1室1厅,43.1平米,南,9,12天前发布
2013,元益花园套二户型方正客厅带阳台,https://cd.ke.com/ershoufang/20022917710100100234.html,元益花园,https://cd.ke.com/xiaoqu/1611043140046/,高楼层(共21层),2014年建,2室2厅,77.65平米,西,0,13天前发布
2014,青羊区三环内电梯小高层套二带装修诚心出售,https://cd.ke.com/ershoufang/20022817710100167157.html,美丽朋城,https://cd.ke.com/xiaoqu/1611041803949/,低楼层(共12层),2007年建,2室1厅,62平米,西,50,13天前发布
2015,朗基标准套三，双阳台有装修，中间楼层。,https://cd.ke.com/ershoufang/20022817710100159684.html,朗基龙堂,https://cd.ke.com/xiaoqu/1611041619788/,中楼层(共27层),2010年建,3室1厅,97平米,西,0,13天前发布
2016,金沙遗址旁，锦红苑，顶楼套二，带可使用花园,https://cd.ke.com/ershoufang/20022817710100154469.html,锦红苑,https://cd.ke.com/xiaoqu/1611043040840/,高楼层(共7层),2001年建,2室1厅,74.7平米,南,0,13天前发布
2017,新城市广场标间出售户型方正有厨房和卫生间,https://cd.ke.com/ershoufang/20022817710100152281.html,新城市广场,https://cd.ke.com/xiaoqu/1611059361602/,低楼层(共30层),2003年建,1室0厅,33.21平米,南,5,13天前发布
2018,朗基龙堂朝北有装修采光充足户型方正,https://cd.ke.com/ershoufang/20022817710100150411.html,朗基龙堂,https://cd.ke.com/xiaoqu/1611041619788/,低楼层(共26层),2010年建,1室1厅,52.51平米,北,12,13天前发布
2019,石人南路小区套二不临街简单装修,https://cd.ke.com/ershoufang/20022817710100147265.html,石人南路100号,https://cd.ke.com/xiaoqu/3011056019699/,高楼层(共7层),1996年建,2室2厅,58.29平米,西南,2,13天前发布
2020,蓝光一期二加一户型无改动，业主自住装修保养好！,https://cd.ke.com/ershoufang/20022817710100143952.html,蓝光COCO金沙一期,https://cd.ke.com/xiaoqu/1611047610092/,高楼层(共22层),2014年建,2室1厅,65.19平米,西南,1,13天前发布
2021,品质小区，精装修，标准套三，原始户型，业主诚心出售,https://cd.ke.com/ershoufang/20022817710100139282.html,东原时光道,https://cd.ke.com/xiaoqu/1611063210428/,高楼层(共21层),2015年建,3室1厅,89平米,东南,0,13天前发布
2022,保利香槟光华精装套三，带40平的平台，拎包入住,https://cd.ke.com/ershoufang/20022817710100138679.html,保利香槟光华,https://cd.ke.com/xiaoqu/1611060968918/,低楼层(共18层),2014年建,3室2厅,88.95平米,北,13,13天前发布
2023,锦绣光华1室1厅东,https://cd.ke.com/ershoufang/20022817710100135990.html,锦绣光华,https://cd.ke.com/xiaoqu/1611041618340/,低楼层(共20层),2010年建,1室1厅,54平米,东,2,13天前发布
2024,培风小区200号1室1厅东,https://cd.ke.com/ershoufang/20022817710100135446.html,培风小区200号,https://cd.ke.com/xiaoqu/1611041789163/,高楼层(共6层),2000年建,1室1厅,42.77平米,东,4,13天前发布
2025,中铁西城跃层套三已装修采光好,https://cd.ke.com/ershoufang/20022817710100129484.html,中铁西城东苑,https://cd.ke.com/xiaoqu/1611047975132/,高楼层(共17层),2012年建,3室2厅,90.96平米,东,29,13天前发布
2026,西子居家套二出租中简单居家变现出售,https://cd.ke.com/ershoufang/20022817710100128118.html,中铁西子香荷,https://cd.ke.com/xiaoqu/1611041555455/,高楼层(共33层),2010年建,2室1厅,80.12平米,西,0,13天前发布
2027,青羊区精装修中间楼层标准套二,https://cd.ke.com/ershoufang/20022817710100127375.html,西马棚街29号,https://cd.ke.com/xiaoqu/3011054218347/,中楼层(共7层),1997年建,2室1厅,73.24平米,南,9,13天前发布
2028,蓝光精装套二中间楼层视野采光很好,https://cd.ke.com/ershoufang/20022817710100125219.html,蓝光SOFA社区,https://cd.ke.com/xiaoqu/1611048335846/,中楼层(共20层),2011年建,2室1厅,71.02平米,西,1,13天前发布
2029,金阳易诚国际4室2厅南,https://cd.ke.com/ershoufang/20022817710100125346.html,金阳易诚国际,https://cd.ke.com/xiaoqu/1611043100741/,高楼层(共22层),2010年建,4室2厅,110.42平米,南,0,13天前发布
2030,光华杏林标准大套一，交通方便，配套齐全,https://cd.ke.com/ershoufang/20022817710100124389.html,光华杏林,https://cd.ke.com/xiaoqu/1611041605688/,低楼层(共21层),2010年建,1室1厅,59.67平米,南,0,13天前发布
2031,天府广场人民公园红照壁长富花园电梯套二出售,https://cd.ke.com/ershoufang/20022817710100122592.html,长富花园,https://cd.ke.com/xiaoqu/3011053898504/,中楼层(共26层),2002年建,2室1厅,77.51平米,东南,11,13天前发布
2032,兴城融域电梯小高层不临街自住居家装修,https://cd.ke.com/ershoufang/20022817710100121998.html,兴城融域,https://cd.ke.com/xiaoqu/1611042047653/,中楼层(共11层),2009年建,2室2厅,86.21平米,西南,20,13天前发布
2033,东原物业户型方正采光和视野不错,https://cd.ke.com/ershoufang/20022817710100121348.html,东原时光道,https://cd.ke.com/xiaoqu/1611063210428/,高楼层(共22层),2016年建,3室1厅,83平米,西南,3,13天前发布
2034,青羊二环内多层小套二简单装修,https://cd.ke.com/ershoufang/20022817710100113054.html,文苑路48号,https://cd.ke.com/xiaoqu/3011052387393/,高楼层(共7层),1998年建,2室2厅,63平米,东南,2,13天前发布
2035,西马棚街26号2室0厅东南,https://cd.ke.com/ershoufang/20022817710100112667.html,西马棚街26号,https://cd.ke.com/xiaoqu/1620028335564773/,低楼层(共7层)2室0厅,46.36平米,东南,,,2,13天前发布
2036,时代尊城精装修保养好，一梯两户，对中庭，,https://cd.ke.com/ershoufang/20022817710100110859.html,时代尊城,https://cd.ke.com/xiaoqu/1611041601162/,中楼层(共11层),2007年建,4室2厅,149.86平米,南,30,13天前发布
2037,泡西位置朝南精装修中层对中庭安静产权清晰,https://cd.ke.com/ershoufang/20022817710100106382.html,水岸格林,https://cd.ke.com/xiaoqu/1611041611075/,中楼层(共6层),2003年建,2室1厅,66.83平米,南,26,13天前发布
2038,双玺1室0厅东,https://cd.ke.com/ershoufang/20022817710100105987.html,双玺,https://cd.ke.com/xiaoqu/1611041609498/,地下室(共层)1室0厅,30.29平米,东,,,0,13天前发布
2039,金沙海棠套二有装修对中庭,https://cd.ke.com/ershoufang/20022817710100106274.html,金沙海棠,https://cd.ke.com/xiaoqu/1611041589970/,中楼层(共18层),2012年建,2室1厅,93.18平米,东,4,13天前发布
2040,此房装修保养的很好，很温馨居家。带家具家电出售,https://cd.ke.com/ershoufang/20022717710100165071.html,清江美庐,https://cd.ke.com/xiaoqu/3011053205090/,低楼层(共18层)2室1厅,60.23平米,南,,,0,14天前发布
2041,中坝光华逸家拎包入住朝南精装套二,https://cd.ke.com/ershoufang/20022717710100164383.html,光华逸家,https://cd.ke.com/xiaoqu/1611047799476/,高楼层(共17层),2014年建,2室1厅,71.75平米,南,9,14天前发布
2042,蓝光coco金沙二期标间，户型方正,https://cd.ke.com/ershoufang/20022717710100162712.html,蓝光coco金沙二期,https://cd.ke.com/xiaoqu/1611062950321/,中楼层(共22层),2015年建,1室0厅,29.42平米,东南,7,14天前发布
2043,金鹏街175号院3室1厅西北,https://cd.ke.com/ershoufang/20022717710100160675.html,金鹏街175号院,https://cd.ke.com/xiaoqu/1611047762706/,高楼层(共6层),2001年建,3室1厅,110.9平米,西北,5,14天前发布
2044,元益花园带大阳台套一诚心出售,https://cd.ke.com/ershoufang/20022717710100155847.html,元益花园,https://cd.ke.com/xiaoqu/1611043140046/,高楼层(共21层),2014年建,1室0厅,39.66平米,北,2,14天前发布
2045,时代尊城4室2厅南,https://cd.ke.com/ershoufang/20022717710100154921.html,时代尊城,https://cd.ke.com/xiaoqu/1611041601162/,低楼层(共3层),2007年建,4室2厅,190.34平米,南,6,14天前发布
2046,铸信境界3室1厅东南,https://cd.ke.com/ershoufang/20022717710100149675.html,铸信境界,https://cd.ke.com/xiaoqu/1611041556151/,高楼层(共27层),2009年建,3室1厅,139平米,东南,0,14天前发布
2047,精装套二距离浣花溪公园近保养好，精装带暖气,https://cd.ke.com/ershoufang/20022717710100145764.html,青华北一街4号,https://cd.ke.com/xiaoqu/1611058722043/,低楼层(共7层),2000年建,2室2厅,90.3平米,西,146,14天前发布
2048,府河内0.5环，08年小区，总价低的标间户型,https://cd.ke.com/ershoufang/20022717710100143532.html,天盛壹中心,https://cd.ke.com/xiaoqu/3011053885843/,高楼层(共31层),2008年建,1室0厅,31.29平米,东,0,14天前发布
2049,水木光华1室1厅东,https://cd.ke.com/ershoufang/20022717710100144743.html,水木光华,https://cd.ke.com/xiaoqu/1611041807591/,低楼层(共11层),2004年建,1室1厅,51.76平米,东,1,14天前发布
2050,时代尊城1室1厅东南,https://cd.ke.com/ershoufang/20022717710100139828.html,时代尊城,https://cd.ke.com/xiaoqu/1611041601162/,地下室(共层)1室1厅,20.78平米,东南,,,0,14天前发布
2051,荣盛花语城，精装标准套三，对中庭,https://cd.ke.com/ershoufang/20022717710100138024.html,荣盛花语城,https://cd.ke.com/xiaoqu/1611063648395/,低楼层(共20层),2014年建,3室1厅,70.64平米,西,13,14天前发布
2052,优品道二期3室2厅南,https://cd.ke.com/ershoufang/20022717710100138122.html,优品道二期,https://cd.ke.com/xiaoqu/1617975849005219/,高楼层(共11层),2006年建,3室2厅,150平米,南,0,14天前发布
2053,此房装修保养的很好，很温馨居家。带家具家电出售,https://cd.ke.com/ershoufang/20022717710100135942.html,清江美庐,https://cd.ke.com/xiaoqu/3011053205090/,低楼层(共18层)2室1厅,58.78平米,北,,,2,14天前发布
2054,客厅带阳台，标准两房，不临街，朝东北，明厨明卫,https://cd.ke.com/ershoufang/20022717710100134845.html,金沙园二期,https://cd.ke.com/xiaoqu/1611041617123/,中楼层(共11层),2004年建,2室2厅,118.59平米,东北,1,14天前发布
2055,国一梦巢精装套二，装修保养很好，中高楼层，采光充足,https://cd.ke.com/ershoufang/20022717710100134619.html,国一梦巢,https://cd.ke.com/xiaoqu/166986148097454/,高楼层(共23层),2016年建,2室1厅,67.12平米,北,1,14天前发布
2056,此房已经满两年，无增值税，出行方便，电梯大套一,https://cd.ke.com/ershoufang/20022717710100132257.html,乐摩筑,https://cd.ke.com/xiaoqu/1611041620915/,低楼层(共26层),2010年建,1室1厅,50.68平米,东,0,14天前发布
2057,水木光华3室2厅东西,https://cd.ke.com/ershoufang/20022717710100130727.html,水木光华,https://cd.ke.com/xiaoqu/1611041807591/,中楼层(共11层),2004年建,3室2厅,123.54平米,东西,3,14天前发布
2058,光华欣苑套三双卫朝东对中庭带车位,https://cd.ke.com/ershoufang/20022717710100130144.html,光华欣苑,https://cd.ke.com/xiaoqu/1612880413207629/,中楼层(共18层)3室2厅,108.64平米,东,,,17,14天前发布
2059,二十一世纪花园三期新上房源大平层户型,https://cd.ke.com/ershoufang/20022717710100128894.html,二十一世纪花园三期,https://cd.ke.com/xiaoqu/1611043447758/,高楼层(共7层),2003年建,5室3厅,210.85平米,北南,4,14天前发布
2060,中大君悦金沙五期2室1厅南,https://cd.ke.com/ershoufang/20022717710100127336.html,中大君悦金沙五期,https://cd.ke.com/xiaoqu/1611043864610/,中楼层(共23层),2012年建,2室1厅,83.18平米,南,20,14天前发布
2061,万科金色领域三居室满两年采光充足,https://cd.ke.com/ershoufang/20022717710100123637.html,万科金色领域,https://cd.ke.com/xiaoqu/1611044699628/,高楼层(共24层),2012年建,3室2厅,86.07平米,南北,5,14天前发布
2062,光明电器厂宿舍套二不临街看房方便,https://cd.ke.com/ershoufang/20022717710100123472.html,光明电器厂宿舍,https://cd.ke.com/xiaoqu/1611043066010/,中楼层(共7层),1998年建,2室1厅,62.67平米,南,11,14天前发布
2063,光华馨地2室1厅东南,https://cd.ke.com/ershoufang/20022717710100120234.html,光华馨地,https://cd.ke.com/xiaoqu/1611041580934/,中楼层(共11层),2006年建,2室1厅,82.63平米,东南,10,14天前发布
2064,套二，中间楼层，业主诚心卖，配套齐全，生活便利,https://cd.ke.com/ershoufang/20022717710100117740.html,吉祥街44号,https://cd.ke.com/xiaoqu/1611060879627/,中楼层(共6层),1996年建,2室1厅,53.83平米,东南,14,14天前发布
2065,居家装修、客厅带阳台朝中庭有入户，有家具家电,https://cd.ke.com/ershoufang/20022717710100117318.html,中大君悦金沙七期君逸院,https://cd.ke.com/xiaoqu/1611047383909/,低楼层(共23层),2014年建,2室1厅,86.99平米,西南,0,14天前发布
2066,诚心出售，户型方正，标准套二，配套成熟,https://cd.ke.com/ershoufang/20022717710100116953.html,清水路苑,https://cd.ke.com/xiaoqu/1611057410255/,中楼层(共18层),2012年建,2室2厅,81.81平米,东,0,14天前发布
2067,二十一世纪三期+对中庭+锌价比高,https://cd.ke.com/ershoufang/20022717710100116449.html,二十一世纪花园三期,https://cd.ke.com/xiaoqu/1611043447758/,中楼层(共7层),2003年建,3室2厅,129.89平米,南,21,14天前发布
2068,精装套三对中庭中间楼层采光环境视野都很好,https://cd.ke.com/ershoufang/20022717710100113461.html,恒大翡翠华庭,https://cd.ke.com/xiaoqu/1611063212342/,中楼层(共22层),2017年建,3室1厅,88.78平米,东东南,3,14天前发布
2069,花语城标准套一，采光充足，配套齐全,https://cd.ke.com/ershoufang/20022717710100109060.html,荣盛花语城,https://cd.ke.com/xiaoqu/1611063648395/,中楼层(共20层),2014年建,1室1厅,43.33平米,南,0,14天前发布
2070,青羊区金沙板块大套二14年次新小区装修保养好,https://cd.ke.com/ershoufang/20022717710100110147.html,金地嘉年华城C区,https://cd.ke.com/xiaoqu/1611047923727/,低楼层(共18层),2010年建,2室1厅,90.14平米,西南,0,14天前发布
2071,蜀风花园城4室2厅南,https://cd.ke.com/ershoufang/20022717710100108527.html,蜀风花园城,https://cd.ke.com/xiaoqu/1611043043648/,低楼层(共6层),2003年建,4室2厅,220.3平米,南,4,14天前发布
2072,公安厅住房带车位，小区环境好。,https://cd.ke.com/ershoufang/20022717710100105397.html,光华锦苑,https://cd.ke.com/xiaoqu/1611047819274/,低楼层(共21层),2013年建,3室1厅,96.18平米,东,29,14天前发布
2073,兴城融域2室1厅东,https://cd.ke.com/ershoufang/20022717710100104539.html,兴城融域,https://cd.ke.com/xiaoqu/1611042047653/,低楼层(共11层),2009年建,2室1厅,79.19平米,东,17,14天前发布
2074,金阳易诚国际套二带装修采光好,https://cd.ke.com/ershoufang/20022717710100101328.html,金阳易诚国际,https://cd.ke.com/xiaoqu/1611043100741/,高楼层(共22层),2010年建,2室1厅,72.88平米,南,4,14天前发布
2075,东原时光道精装套三，满二无增值税，业主诚心出售,https://cd.ke.com/ershoufang/20022617710100159843.html,东原时光道,https://cd.ke.com/xiaoqu/1611063210428/,高楼层(共21层),2015年建,3室1厅,79.77平米,东,2,15天前发布
2076,正黄金域国际1室0厅东,https://cd.ke.com/ershoufang/20022617710100159133.html,正黄金域国际,https://cd.ke.com/xiaoqu/1611061126859/,地下室(共层)1室0厅,41.59平米,东,,,1,15天前发布
2077,标准套三，不临街，主卧带阳台。,https://cd.ke.com/ershoufang/20022617710100158169.html,石人巷5号,https://cd.ke.com/xiaoqu/3011056035470/,高楼层(共7层),1994年建,3室1厅,76.98平米,东南,5,15天前发布
2078,石人巷标准套三，采光好，视野无遮挡。,https://cd.ke.com/ershoufang/20022617710100157875.html,石人巷5号,https://cd.ke.com/xiaoqu/3011056035470/,中楼层(共7层),1994年建,3室1厅,76.98平米,东南,1,15天前发布
2079,青羊区三环内精装修套二，安静不临街,https://cd.ke.com/ershoufang/20022617710100157292.html,乐摩筑,https://cd.ke.com/xiaoqu/1611041620915/,高楼层(共26层),2010年建,2室1厅,72.75平米,东,71,15天前发布
2080,标准套一，朝南，中间楼层，采光视野好,https://cd.ke.com/ershoufang/20022617710100154189.html,光华杏林,https://cd.ke.com/xiaoqu/1611041605688/,中楼层(共21层),2010年建,1室1厅,50.48平米,南,8,15天前发布
2081,金地嘉年华套三，客厅带阳台，看房预约！,https://cd.ke.com/ershoufang/20022617710100152385.html,金地嘉年华城A区,https://cd.ke.com/xiaoqu/1611047923266/,低楼层(共25层),2010年建,3室2厅,104.46平米,南,2,15天前发布
2082,金地金沙府邸3室2厅东南,https://cd.ke.com/ershoufang/20022617710100149088.html,金地金沙府邸,https://cd.ke.com/xiaoqu/3011055308539/,低楼层(共18层)3室2厅,119.5平米,东南,,,0,15天前发布
2083,浣花北路6号3室2厅南,https://cd.ke.com/ershoufang/20022617710100144373.html,浣花北路6号,https://cd.ke.com/xiaoqu/1611058722047/,高楼层(共7层),1998年建,3室2厅,140.97平米,南,6,15天前发布
2084,金阳易城国际套二有装修,https://cd.ke.com/ershoufang/20022617710100143590.html,金阳易诚国际,https://cd.ke.com/xiaoqu/1611043100741/,高楼层(共22层),2010年建,2室1厅,74.23平米,南北,1,15天前发布
2085,双玺套二出售朝东不临街客厅带阳台,https://cd.ke.com/ershoufang/20022617710100141931.html,双玺,https://cd.ke.com/xiaoqu/1611041609498/,低楼层(共18层),2011年建,2室1厅,80.91平米,东,13,15天前发布
2086,米兰小筑1室1厅东,https://cd.ke.com/ershoufang/20022617710100141529.html,米兰小筑,https://cd.ke.com/xiaoqu/1611059509904/,中楼层(共17层),2005年建,1室1厅,44平米,东,0,15天前发布
2087,满五年，采光充足，位于小区中庭，安静不临街。,https://cd.ke.com/ershoufang/20022617710100140733.html,石人巷3号,https://cd.ke.com/xiaoqu/3011056033747/,高楼层(共7层),1994年建,2室1厅,65平米,南,0,15天前发布
2088,揽胜金沙1室1厅东南,https://cd.ke.com/ershoufang/20022617710100139872.html,揽胜金沙,https://cd.ke.com/xiaoqu/1611043282868/,高楼层(共35层),2012年建,1室1厅,52.5平米,东南,0,15天前发布
2089,恒大广场1室2厅东,https://cd.ke.com/ershoufang/20022617710100137738.html,恒大广场,https://cd.ke.com/xiaoqu/167512833405709/,中楼层(共53层),2016年建,1室2厅,71.41平米,东,1,15天前发布
2090,朝南明厨明卫不临街精装修公摊小交通便利,https://cd.ke.com/ershoufang/20022617710100136079.html,光华馨地,https://cd.ke.com/xiaoqu/1611041580934/,中楼层(共11层),2006年建,1室1厅,54.76平米,南,6,15天前发布
2091,清水河畔1室1厅南,https://cd.ke.com/ershoufang/20022617710100135137.html,清水河畔,https://cd.ke.com/xiaoqu/1611041558279/,低楼层(共23层),2008年建,1室1厅,50.16平米,南,1,15天前发布
2092,房子为三居室带花园，东西通透户型,https://cd.ke.com/ershoufang/20022617710100132660.html,博瑞都市花园,https://cd.ke.com/xiaoqu/1611043156602/,高楼层(共6层),2003年建,3室2厅,130.22平米,东西,2,15天前发布
2093,装修好套二+装修保养好+小区可以停车,https://cd.ke.com/ershoufang/20022617710100129580.html,东珠市街28号,https://cd.ke.com/xiaoqu/1611059267498/,中楼层(共7层),2000年建,2室1厅,99.29平米,南,7,15天前发布
2094,小区14年，纯住宅小区无底商，中庭，诚心出售,https://cd.ke.com/ershoufang/20022617710100128845.html,金沙鹭岛三期,https://cd.ke.com/xiaoqu/1611043175848/,中楼层(共28层),2014年建,3室2厅,135.97平米,东南,12,15天前发布
2095,正黄金域国际1室1厅东北,https://cd.ke.com/ershoufang/20022617710100123979.html,正黄金域国际,https://cd.ke.com/xiaoqu/1611061126859/,中楼层(共27层),2012年建,1室1厅,37.42平米,东北,0,15天前发布
2096,双清南路4号+多层顶楼套三+带大阳台+户型通透,https://cd.ke.com/ershoufang/20022617710100123090.html,双清南路4号,https://cd.ke.com/xiaoqu/1611041824810/,高楼层(共7层),2000年建,3室1厅,82.4平米,南,7,15天前发布
2097,中间楼层小套一装修保养好拎包入住,https://cd.ke.com/ershoufang/20022617710100121674.html,牧电路22号院,https://cd.ke.com/xiaoqu/3011056053006/,中楼层(共7层),1997年建,1室1厅,48.26平米,南,6,15天前发布
2098,保利金香槟小区新上的套二单卫户型,https://cd.ke.com/ershoufang/20022617710100120226.html,保利金香槟,https://cd.ke.com/xiaoqu/1611043451443/,低楼层(共18层),2012年建,2室1厅,72.53平米,北,3,15天前发布
2099,1.5环，公交站口，地铁口电梯套三出售,https://cd.ke.com/ershoufang/20022617710100117674.html,清江雅居,https://cd.ke.com/xiaoqu/3011055587888/,中楼层(共26层),2007年建,3室1厅,100.36平米,东,2,15天前发布
2100,泡小西简装标准套二朝南对中庭安静,https://cd.ke.com/ershoufang/20022617710100116560.html,水岸格林,https://cd.ke.com/xiaoqu/1611041611075/,高楼层(共6层),2003年建,2室2厅,66.83平米,西南,2,15天前发布
2101,光华杏林套二已改套三，居家装修，中间楼层，朝南,https://cd.ke.com/ershoufang/20022617710100116246.html,光华杏林,https://cd.ke.com/xiaoqu/1611041605688/,中楼层(共21层),2010年建,3室1厅,86.69平米,南,5,15天前发布
2102,双玺套三，居家装修，可拎包入住,https://cd.ke.com/ershoufang/20022617710100114474.html,双玺,https://cd.ke.com/xiaoqu/1611041609498/,高楼层(共18层),2011年建,3室1厅,88.79平米,南北,19,15天前发布
2103,此房户型方正，布局紧凑，配套设施齐全，交通便利。,https://cd.ke.com/ershoufang/20022617710100113587.html,荣盛花语城,https://cd.ke.com/xiaoqu/1611063648395/,中楼层(共20层),2014年建,3室1厅,72.14平米,西,12,15天前发布
2104,欧韵金沙精装修套二出售，对中庭，安静不临街,https://cd.ke.com/ershoufang/20022617710100112289.html,欧韵金沙,https://cd.ke.com/xiaoqu/1611049131458/,低楼层(共18层),2013年建,2室2厅,79.36平米,东北,11,15天前发布
2105,西子香荷优质套二，中间楼层朝南，随时可签,https://cd.ke.com/ershoufang/20022617710100110728.html,中铁西子香荷,https://cd.ke.com/xiaoqu/1611041555455/,低楼层(共33层),2010年建,2室1厅,88.84平米,南,18,15天前发布
2106,金沙海棠2室2厅西南,https://cd.ke.com/ershoufang/20022617710100104757.html,金沙海棠,https://cd.ke.com/xiaoqu/1611041589970/,低楼层(共18层),2012年建,2室2厅,89.01平米,西南,14,15天前发布
2107,印象金沙3室2厅西东,https://cd.ke.com/ershoufang/20022617710100101079.html,印象金沙,https://cd.ke.com/xiaoqu/1611041601731/,中楼层(共11层),2007年建,3室2厅,113.42平米,西东,25,15天前发布
2108,水岸格林简装套二中间楼层带租约出售,https://cd.ke.com/ershoufang/20022617710100100265.html,水岸格林,https://cd.ke.com/xiaoqu/1611041611075/,中楼层(共6层),2003年建,2室1厅,66.8平米,东,0,15天前发布
2109,浣花溪-锦里苑临河4室2厅跃层出售,https://cd.ke.com/ershoufang/20022517710100153038.html,锦里苑,https://cd.ke.com/xiaoqu/1611042818900/,中楼层(共8层),1998年建,4室2厅,157.37平米,东南,6,16天前发布
2110,海亮爱金沙精装套三，四月初满二，带产权车位,https://cd.ke.com/ershoufang/20022517710100152051.html,海亮爱金沙,https://cd.ke.com/xiaoqu/166967782812885/,中楼层(共22层),2016年建,3室1厅,68.81平米,东南,15,16天前发布
2111,灯笼街套二出售欢迎个位战友带看,https://cd.ke.com/ershoufang/20022517710100148811.html,灯笼街102号,https://cd.ke.com/xiaoqu/3011053917914/,中楼层(共6层),1995年建,2室2厅,57.8平米,东北,0,16天前发布
2112,十一层到顶电梯小高层，房屋精装修，房屋保养比较好。,https://cd.ke.com/ershoufang/20022517710100146844.html,光华岁月二期,https://cd.ke.com/xiaoqu/1611041788931/,低楼层(共11层),2006年建,2室2厅,99.98平米,西,4,16天前发布
2113,光华碧邻套一对中庭，无增值税，有钥匙可看房,https://cd.ke.com/ershoufang/20022517710100141562.html,光华碧邻,https://cd.ke.com/xiaoqu/1611047773909/,中楼层(共20层),2013年建,1室1厅,51.77平米,南,30,16天前发布
2114,群康路40号3室2厅南,https://cd.ke.com/ershoufang/20022517710100136943.html,群康路40号,https://cd.ke.com/xiaoqu/1611041881607/,低楼层(共7层),1996年建,3室2厅,71.22平米,南,11,16天前发布
2115,兴城融域2室2厅东西,https://cd.ke.com/ershoufang/20022517710100139328.html,兴城融域,https://cd.ke.com/xiaoqu/1611042047653/,低楼层(共11层),2009年建,2室2厅,86.21平米,东西,0,16天前发布
2116,保利金香槟3室2厅南,https://cd.ke.com/ershoufang/20022517710100135616.html,保利金香槟,https://cd.ke.com/xiaoqu/1611043451443/,高楼层(共18层),2012年建,3室2厅,103.87平米,南,6,16天前发布
2117,光华逸家小套三，小区环境优越，有装修，户型方正,https://cd.ke.com/ershoufang/20022517710100134442.html,光华逸家,https://cd.ke.com/xiaoqu/1611047799476/,高楼层(共17层),2014年建,3室1厅,70.5平米,北,6,16天前发布
2118,顶楼跃层带花园套三双卫卖一套少一套,https://cd.ke.com/ershoufang/20022517710100132255.html,艺水芳乡,https://cd.ke.com/xiaoqu/1611043119108/,高楼层(共11层),2005年建,3室2厅,133平米,南,6,16天前发布
2119,元益花园对中庭户型方正采光好,https://cd.ke.com/ershoufang/20022517710100131082.html,元益花园,https://cd.ke.com/xiaoqu/1611043140046/,低楼层(共21层),2014年建,3室1厅,86.31平米,东,0,16天前发布
2120,骡马市旁清水套一带阳台采光好,https://cd.ke.com/ershoufang/20022517710100129944.html,SG珊顿道,https://cd.ke.com/xiaoqu/1611063132045/,中楼层(共41层),2016年建,1室1厅,51.23平米,南,8,16天前发布
2121,"配套完善，交通便利，出门就是地铁站,套三户型。",https://cd.ke.com/ershoufang/20022517710100128891.html,优品道三期,https://cd.ke.com/xiaoqu/1611043164053/,高楼层(共23层),2010年建,3室1厅,89平米,南,7,16天前发布
2122,视野开阔商用居住皆宜满两年无增值税套二带装修,https://cd.ke.com/ershoufang/20022517710100126971.html,欧苑,https://cd.ke.com/xiaoqu/3011053177523/,低楼层(共18层),2011年建,2室1厅,85.4平米,南,2,16天前发布
2123,奎星楼街13号3室0厅东,https://cd.ke.com/ershoufang/20022517710100126478.html,奎星楼街13号,https://cd.ke.com/xiaoqu/1620025011175355/,中楼层(共7层)3室0厅,64平米,东,,,7,16天前发布
2124,此套房源已经满2年，院子安静，不临街。,https://cd.ke.com/ershoufang/20022517710100124283.html,蜀辉路299号,https://cd.ke.com/xiaoqu/3011055319621/,高楼层(共6层),2007年建,1室1厅,45.07平米,东南,0,16天前发布
2125,青羊区苏坡中路中鹏花园C区户型方正随时看房。,https://cd.ke.com/ershoufang/20022517710100123527.html,中鹏花园C区,https://cd.ke.com/xiaoqu/1611041600573/,高楼层(共6层),1998年建,4室2厅,186.47平米,南,0,16天前发布
2126,锦都四期中间楼层客厅卧室全朝南精装修,https://cd.ke.com/ershoufang/20022517710100121561.html,锦都四期,https://cd.ke.com/xiaoqu/3011053409885/,中楼层(共33层),2008年建,2室1厅,89.23平米,东南南,2,16天前发布
2127,青羊区中坝精装小套三户型满两年,https://cd.ke.com/ershoufang/20022517710100119656.html,长虹和悦府,https://cd.ke.com/xiaoqu/1611063890469/,高楼层(共20层),2015年建,3室1厅,79.96平米,东,9,16天前发布
2128,康欣苑标准套三中等装修中楼层,https://cd.ke.com/ershoufang/20022517710100117289.html,康欣苑,https://cd.ke.com/xiaoqu/3011056071136/,中楼层(共7层),2000年建,3室1厅,124.52平米,东南,5,16天前发布
2129,华府金沙，对中庭，客厅有阳台，明厨明卫。,https://cd.ke.com/ershoufang/20022517710100114759.html,华府金沙,https://cd.ke.com/xiaoqu/1611041585473/,高楼层(共32层),2008年建,3室2厅,127.75平米,东北,21,16天前发布
2130,精致套三双卫对中庭满两年视野好,https://cd.ke.com/ershoufang/20022517710100113897.html,东原时光道,https://cd.ke.com/xiaoqu/1611063210428/,高楼层(共22层),2016年建,3室2厅,89.79平米,西,4,16天前发布
2131,长顺上街251号2室1厅东南,https://cd.ke.com/ershoufang/20022517710100113595.html,长顺上街251号,https://cd.ke.com/xiaoqu/1611060936405/,高楼层(共7层),1999年建,2室1厅,76.01平米,东南,1,16天前发布
2132,优品道业主自住套一看房方便,https://cd.ke.com/ershoufang/20022517710100111917.html,优品道三期,https://cd.ke.com/xiaoqu/1611043164053/,低楼层(共23层),2010年建,1室1厅,66.25平米,北,10,16天前发布
2133,新城市广场标间户型户型方正有装修采光好,https://cd.ke.com/ershoufang/20022517710100107362.html,新城市广场,https://cd.ke.com/xiaoqu/1611059361602/,中楼层(共30层),2003年建,1室0厅,30.5平米,南,7,16天前发布
2134,清江之春2室1厅东南,https://cd.ke.com/ershoufang/20022517710100103047.html,清江之春,https://cd.ke.com/xiaoqu/1611041731932/,高楼层(共18层),2010年建,2室1厅,86.46平米,东南,1,16天前发布
2135,元益花园自住居家大套二，户型方正,https://cd.ke.com/ershoufang/20022417710100140823.html,元益花园,https://cd.ke.com/xiaoqu/1611043140046/,低楼层(共21层),2014年建,2室2厅,85.13平米,南,0,17天前发布
2136,府河内电梯高楼层看河采光好,https://cd.ke.com/ershoufang/20022417710100138444.html,白领尊邸,https://cd.ke.com/xiaoqu/1611059800828/,高楼层(共16层),2000年建,2室1厅,124.5平米,东北,11,17天前发布
2137,西岭路1号2室1厅南,https://cd.ke.com/ershoufang/20022417710100136372.html,西岭路1号,https://cd.ke.com/xiaoqu/1611058329299/,中楼层(共7层),1994年建,2室1厅,67平米,南,0,17天前发布
2138,心愿花园二期带装修户型方正，无增值税,https://cd.ke.com/ershoufang/20022417710100136151.html,心愿花园二期,https://cd.ke.com/xiaoqu/1620029791519720/,高楼层(共11层),2009年建,2室2厅,79.61平米,东南,2,17天前发布
2139,万达100米精致小户型诚心出售,https://cd.ke.com/ershoufang/20022417710100135011.html,元益花园,https://cd.ke.com/xiaoqu/1611043140046/,中楼层(共21层),2014年建,1室1厅,40.23平米,西,3,17天前发布
2140,地铁4号线旁次新小区简装套一诚心出售,https://cd.ke.com/ershoufang/20022417710100134686.html,佳兆业广场,https://cd.ke.com/xiaoqu/166988596260316/,低楼层(共15层)1室1厅,50平米,东南,,,1,17天前发布
2141,花语城套一精装修对中庭诚心出售,https://cd.ke.com/ershoufang/20022417710100128630.html,荣盛花语城,https://cd.ke.com/xiaoqu/1611063648395/,高楼层(共20层),2014年建,1室1厅,45.23平米,西,4,17天前发布
2142,金沙西园三期1室1厅南,https://cd.ke.com/ershoufang/20022417710100125625.html,金沙西园三期,https://cd.ke.com/xiaoqu/1611041585570/,中楼层(共11层),2006年建,1室1厅,62.91平米,南,0,17天前发布
2143,低楼层带平台采光好方正套三户型,https://cd.ke.com/ershoufang/20022417710100123742.html,北大街32号,https://cd.ke.com/xiaoqu/3011053885687/,低楼层(共8层)3室2厅,80.87平米,东南,,,14,17天前发布
2144,中大君悦金沙四期标准车位负一楼,https://cd.ke.com/ershoufang/20022417710100122396.html,中大君悦金沙四期,https://cd.ke.com/xiaoqu/1611043863582/,地下室(共1层)1室0厅,33.9平米,南,,,0,17天前发布
2145,青羊区外金沙新小区纯清水,https://cd.ke.com/ershoufang/20022417710100121710.html,海亮樾金沙,https://cd.ke.com/xiaoqu/1611062687250/,中楼层(共24层),2016年建,3室2厅,79.1平米,西南,22,17天前发布
2146,顶楼带花园跃层套三户型方正采光好,https://cd.ke.com/ershoufang/20022417710100116388.html,快乐空间,https://cd.ke.com/xiaoqu/1611041803733/,高楼层(共11层),2005年建,3室2厅,107.8平米,南,22,17天前发布
2147,南桥视窗套一户型高楼层采光好视野好有装修,https://cd.ke.com/ershoufang/20022417710100116140.html,南桥视窗,https://cd.ke.com/xiaoqu/3011053926395/,高楼层(共19层),2006年建,1室1厅,46.26平米,西南,36,17天前发布
2148,此房满2年，免增，采光，视野，格局好,https://cd.ke.com/ershoufang/20022417710100109246.html,颐和京都,https://cd.ke.com/xiaoqu/1611041624486/,低楼层(共24层),2012年建,1室1厅,53.09平米,西,1,17天前发布
2149,此房满两年，有阳台，中间楼层，采光好，交通便利,https://cd.ke.com/ershoufang/20022417710100106349.html,泡桐树街1号,https://cd.ke.com/xiaoqu/1611060176862/,中楼层(共7层),1999年建,2室1厅,62.04平米,东南,2,17天前发布
2150,新上房源，省气象局宿舍，总价低,https://cd.ke.com/ershoufang/20022417710100102271.html,省气象局宿舍,https://cd.ke.com/xiaoqu/1611043113335/,低楼层(共5层),2000年建,1室1厅,38.47平米,南北,6,17天前发布
2151,中大五期新出通透小套三简单装修,https://cd.ke.com/ershoufang/20022317710100138214.html,中大君悦金沙五期,https://cd.ke.com/xiaoqu/1611043864610/,低楼层(共23层),2012年建,3室1厅,82.7平米,西南,41,18天前发布
2152,康达园95户型带装修户型方正,https://cd.ke.com/ershoufang/20022317710100137295.html,康达园A区,https://cd.ke.com/xiaoqu/3011053351776/,低楼层(共6层)2室2厅,88.47平米,南,,,2,18天前发布
2153,蓝光SOFA社区2室1厅西南西,https://cd.ke.com/ershoufang/20022317710100136790.html,蓝光SOFA社区,https://cd.ke.com/xiaoqu/1611048335846/,中楼层(共20层),2011年建,2室1厅,72平米,西南西,3,18天前发布
2154,金沙西园三期1室1厅南北,https://cd.ke.com/ershoufang/20022317710100136443.html,金沙西园三期,https://cd.ke.com/xiaoqu/1611041585570/,中楼层(共9层),2006年建,1室1厅,63.52平米,南北,1,18天前发布
2155,大地新光华广场2室1厅东南南,https://cd.ke.com/ershoufang/20022317710100136062.html,大地新光华广场,https://cd.ke.com/xiaoqu/1611043937297/,中楼层(共15层),2000年建,2室1厅,192.6平米,东南南,0,18天前发布
2156,清溪雅筑套二有装修,https://cd.ke.com/ershoufang/20022317710100136161.html,清溪雅筑,https://cd.ke.com/xiaoqu/1611047819375/,低楼层(共18层),2012年建,2室1厅,73.04平米,南,28,18天前发布
2157,精装套三出售，满两年，户型方正,https://cd.ke.com/ershoufang/20022317710100135945.html,西城尚锦,https://cd.ke.com/xiaoqu/1611099451061/,低楼层(共22层),2015年建,3室1厅,88.4平米,东南,3,18天前发布
2158,青羊区文殊院低总价套二,https://cd.ke.com/ershoufang/20022317710100135188.html,鼓楼北四街26号,https://cd.ke.com/xiaoqu/1620023041006213/,高楼层(共7层)2室1厅,47.1平米,东南,,,13,18天前发布
2159,房子好，大客厅大餐厅有花园，房子诚心卖。,https://cd.ke.com/ershoufang/20022317710100129666.html,优品道一期,https://cd.ke.com/xiaoqu/1617975788973477/,低楼层(共6层),2006年建,3室1厅,110.38平米,东北,6,18天前发布
2160,锦欣苑1室1厅东,https://cd.ke.com/ershoufang/20022317710100129578.html,锦欣苑,https://cd.ke.com/xiaoqu/1611061069912/,中楼层(共7层),1999年建,1室1厅,57.89平米,东,2,18天前发布
2161,水岸丽舍，跃层套三，有装修，河景房,https://cd.ke.com/ershoufang/20022317710100128059.html,水岸丽舍,https://cd.ke.com/xiaoqu/3011053797299/,中楼层(共15层),2003年建,3室1厅,126.25平米,北,1,18天前发布
2162,俊发时光俊园3室2厅东,https://cd.ke.com/ershoufang/20022317710100127464.html,俊发时光俊园,https://cd.ke.com/xiaoqu/1611049464265/,低楼层(共20层),2014年建,3室2厅,87.88平米,东,7,18天前发布
2163,户型方正居家套二带阳台对中庭看游泳池,https://cd.ke.com/ershoufang/20022317710100125574.html,现代城人民公园,https://cd.ke.com/xiaoqu/1611041622435/,低楼层(共23层),2004年建,2室1厅,70.18平米,西,21,18天前发布
2164,龙湖自住装修保养比较好朝南,https://cd.ke.com/ershoufang/20022317710100124870.html,翠微清波B区,https://cd.ke.com/xiaoqu/1611041577158/,中楼层(共18层),2009年建,3室2厅,129.37平米,南,17,18天前发布
2165,满二无增值税，房东诚心出售,https://cd.ke.com/ershoufang/20022317710100122247.html,元益花园,https://cd.ke.com/xiaoqu/1611043140046/,低楼层(共21层),2014年建,2室2厅,87.21平米,南,0,18天前发布
2166,标准套三，户型方正，采光好，无按揭抵押,https://cd.ke.com/ershoufang/20022317710100121775.html,古中市街28号,https://cd.ke.com/xiaoqu/3011053732136/,高楼层(共7层),1993年建,3室1厅,83.55平米,西南,3,18天前发布
2167,中铁西子香荷精装套二居家装修朝南,https://cd.ke.com/ershoufang/20022317710100119750.html,中铁西子香荷,https://cd.ke.com/xiaoqu/1611041555455/,中楼层(共33层),2010年建,2室2厅,88.84平米,南,22,18天前发布
2168,罗马国际新上标间，交通便利！拎包入住,https://cd.ke.com/ershoufang/20022317710100116118.html,罗马国际,https://cd.ke.com/xiaoqu/1611059485993/,高楼层(共20层),2006年建,1室0厅,41.84平米,东东南,1,18天前发布
2169,八宝街精装电梯，标准套一拎包入住,https://cd.ke.com/ershoufang/20022317710100112389.html,天越,https://cd.ke.com/xiaoqu/1611100689756/,高楼层(共31层),2016年建,1室1厅,53平米,西南,1,18天前发布
2170,清水路苑83平米套二东西朝向108万中间楼层,https://cd.ke.com/ershoufang/20022317710100110862.html,清水路苑,https://cd.ke.com/xiaoqu/1611057410255/,低楼层(共18层),2012年建,2室2厅,83平米,东,5,18天前发布
2171,低楼层套一，居家装修，业主诚心出售,https://cd.ke.com/ershoufang/20022317710100110148.html,瑞通凯域,https://cd.ke.com/xiaoqu/1611041581830/,低楼层(共11层),2006年建,1室0厅,46.39平米,东南,0,18天前发布
2172,光华碧邻标准套二、户型方正、采光好、拎包入住,https://cd.ke.com/ershoufang/20022317710100110094.html,光华碧邻,https://cd.ke.com/xiaoqu/1611047773909/,中楼层(共20层),2013年建,2室2厅,78.64平米,南,0,18天前发布
2173,海亮爱金沙小区环境舒适,https://cd.ke.com/ershoufang/20022317710100106321.html,海亮爱金沙,https://cd.ke.com/xiaoqu/166967782812885/,中楼层(共22层)3室1厅,75.05平米,西南,,,12,18天前发布
2174,骡马市16年精装套二朝南明厨明卫,https://cd.ke.com/ershoufang/20022317710100105856.html,SG珊顿道,https://cd.ke.com/xiaoqu/1611063132045/,中楼层(共41层),2016年建,2室1厅,61.82平米,东南,2,18天前发布
2175,清水河畔标准套一清水河畔标准套一,https://cd.ke.com/ershoufang/20022317710100104322.html,清水河畔,https://cd.ke.com/xiaoqu/1611041558279/,高楼层(共23层),2008年建,1室1厅,47.92平米,东北,11,18天前发布
2176,紫云金沙2室1厅北,https://cd.ke.com/ershoufang/20022317710100102520.html,紫云金沙,https://cd.ke.com/xiaoqu/1611041597991/,低楼层(共31层),2006年建,2室1厅,92.99平米,北,13,18天前发布
2177,外光华套四中间楼层户型方正通透无增值税,https://cd.ke.com/ershoufang/20022317710100101612.html,万科金色领域,https://cd.ke.com/xiaoqu/1611044699628/,中楼层(共24层),2012年建,4室1厅,124.59平米,南北,19,18天前发布
2178,凯德风尚两居室有花园满两年,https://cd.ke.com/ershoufang/20022317710100101510.html,凯德风尚,https://cd.ke.com/xiaoqu/1611043174238/,低楼层(共19层),2012年建,2室2厅,85.84平米,西,1,18天前发布
2179,清江东路352号小套二户型方正,https://cd.ke.com/ershoufang/20022217710100134430.html,清江东路352号,https://cd.ke.com/xiaoqu/169980689264865/,高楼层(共7层),1997年建,2室1厅,58.69平米,南,26,19天前发布
2180,颐和京都不临街套二改套三大阳台,https://cd.ke.com/ershoufang/20022217710100131562.html,颐和京都,https://cd.ke.com/xiaoqu/1611041624486/,中楼层(共29层),2016年建,3室2厅,70.67平米,北,12,19天前发布
2181,博瑞套二楼层好户型通透大阳台对小区中庭,https://cd.ke.com/ershoufang/20022217710100129178.html,博瑞都市花园,https://cd.ke.com/xiaoqu/1611043156602/,中楼层(共6层),2003年建,2室1厅,85.96平米,东,26,19天前发布
2182,旭和倾城二期，高楼层，标准套二，明厨明卫,https://cd.ke.com/ershoufang/20022217710100128724.html,旭和倾城二期,https://cd.ke.com/xiaoqu/3011053923194/,高楼层(共29层),2014年建,2室1厅,78.13平米,东南,10,19天前发布
2183,时光俊园精装套一，装修保养好。,https://cd.ke.com/ershoufang/20022217710100124059.html,俊发时光俊园,https://cd.ke.com/xiaoqu/1611049464265/,高楼层(共21层),2014年建,1室0厅,52平米,东,0,19天前发布
2184,青羊区恒大翡翠华庭优质套三精装修领包入住,https://cd.ke.com/ershoufang/20022217710100123120.html,恒大翡翠华庭,https://cd.ke.com/xiaoqu/1611063212342/,低楼层(共22层),2017年建,3室1厅,85平米,南,3,19天前发布
2185,青羊区月华路清河阳光,https://cd.ke.com/ershoufang/20022217710100118428.html,清河阳光,https://cd.ke.com/xiaoqu/1611043168201/,低楼层(共18层),2010年建,2室2厅,89平米,南,0,19天前发布
2186,锦都1室1厅南北,https://cd.ke.com/ershoufang/20022217710100111341.html,锦都,https://cd.ke.com/xiaoqu/3011053410699/,中楼层(共25层),2004年建,1室1厅,56.11平米,南北,13,19天前发布
2187,金沙财大锦欣苑套二出售户型方正,https://cd.ke.com/ershoufang/20022217710100107762.html,锦欣苑,https://cd.ke.com/xiaoqu/1611061069912/,高楼层(共7层),1999年建,2室2厅,79.75平米,南,0,19天前发布
2188,中铁品质楼盘精装大套二户型方正采光好,https://cd.ke.com/ershoufang/20022217710100105591.html,中铁西城西苑,https://cd.ke.com/xiaoqu/1611049846784/,中楼层(共18层),2014年建,2室1厅,80.64平米,东东南,3,19天前发布
2189,天合凯旋城4室2厅南,https://cd.ke.com/ershoufang/20022217710100103727.html,天合凯旋城,https://cd.ke.com/xiaoqu/1611041583632/,低楼层(共29层),2008年建,4室2厅,193.83平米,南,18,19天前发布
2190,中铁西城西苑1室0厅南,https://cd.ke.com/ershoufang/20022217710100101889.html,中铁西城西苑,https://cd.ke.com/xiaoqu/1611049846784/,地下室(共层)1室0厅,44.9平米,南,,,0,19天前发布
2191,浣花溪标准套三，中间楼层。大石西路62号。,https://cd.ke.com/ershoufang/20022217710100101515.html,大石西路62号,https://cd.ke.com/xiaoqu/1611043054578/,中楼层(共4层),1999年建,3室1厅,73.5平米,南,23,19天前发布
2192,光华馨地2室1厅北,https://cd.ke.com/ershoufang/20022117710100119817.html,光华馨地,https://cd.ke.com/xiaoqu/1611041580934/,高楼层(共11层),2006年建,2室1厅,81.2平米,北,12,20天前发布
2193,保利金香槟2室1厅东北,https://cd.ke.com/ershoufang/20022117710100119533.html,保利金香槟,https://cd.ke.com/xiaoqu/1611043451443/,低楼层(共18层),2012年建,2室1厅,78平米,东北,2,20天前发布
2194,车位变现，业主诚心出售。方便过户。,https://cd.ke.com/ershoufang/20022117710100115573.html,草堂铭城,https://cd.ke.com/xiaoqu/3011056029532/,地下室(共1层)1室0厅,36平米,东南,,,0,20天前发布
2195,恒大翡翠华庭标椎套二，带有40平米的大平台,https://cd.ke.com/ershoufang/20022117710100109342.html,恒大翡翠华庭,https://cd.ke.com/xiaoqu/1611063212342/,低楼层(共21层)2室2厅,85.96平米,南,,,8,20天前发布
2196,金沙园一期，内跃带花园，户型通透，不临街,https://cd.ke.com/ershoufang/20022117710100106891.html,金沙园一期,https://cd.ke.com/xiaoqu/1611044099087/,高楼层(共6层),2004年建,4室2厅,217.71平米,南北,3,20天前发布
2197,恒大广场+标准套二带书房+开发商精装修,https://cd.ke.com/ershoufang/20022117710100106495.html,恒大广场,https://cd.ke.com/xiaoqu/167512833405709/,中楼层(共53层),2016年建,3室1厅,115.39平米,西南,0,20天前发布
2198,金沙海棠对中庭套二，安静视野好,https://cd.ke.com/ershoufang/20022117710100104727.html,金沙海棠,https://cd.ke.com/xiaoqu/1611041589970/,高楼层(共20层),2012年建,2室2厅,90.05平米,西北,3,20天前发布
2199,成都花园上城朝南三房对中庭不临街,https://cd.ke.com/ershoufang/20022117710100103636.html,成都花园上城,https://cd.ke.com/xiaoqu/1611041601163/,低楼层(共22层),2009年建,3室1厅,125.27平米,南,18,20天前发布
2200,凯德风尚负一楼产权车位出售,https://cd.ke.com/ershoufang/20022017710100135772.html,凯德风尚,https://cd.ke.com/xiaoqu/1611043174238/,地下室(共1层)1室0厅,30.07平米,东,,,0,21天前发布
2201,紫云金沙标准子母车位面积大,https://cd.ke.com/ershoufang/20022017710100131718.html,紫云金沙,https://cd.ke.com/xiaoqu/1611041597991/,地下室(共1层)1室0厅,69.65平米,南,,,0,21天前发布
2202,元益花园2室1厅东,https://cd.ke.com/ershoufang/20022017710100127632.html,元益花园,https://cd.ke.com/xiaoqu/1611043140046/,低楼层(共21层),2014年建,2室1厅,56.14平米,东,1,21天前发布
2203,2014年小区+小三居客厅带阳台+竖厅,https://cd.ke.com/ershoufang/20022017710100119142.html,蓝光COCO蜜城,https://cd.ke.com/xiaoqu/1611047132714/,中楼层(共20层),2014年建,3室2厅,74.8平米,北,7,21天前发布
2204,航天佳苑3室2厅北,https://cd.ke.com/ershoufang/20022017710100118367.html,航天佳苑,https://cd.ke.com/xiaoqu/1611043092332/,中楼层(共17层),2008年建,3室2厅,187.45平米,北,1,21天前发布
2205,青羊区月华路清河阳光,https://cd.ke.com/ershoufang/20022017710100116334.html,清河阳光,https://cd.ke.com/xiaoqu/1611043168201/,高楼层(共18层),2010年建,2室2厅,87.8平米,南,0,21天前发布
2206,精装跃层，采光好视野阔，业主独有，诚心出售,https://cd.ke.com/ershoufang/20022017710100115986.html,凯德风尚,https://cd.ke.com/xiaoqu/1611043174238/,低楼层(共17层),2012年建,5室2厅,173.1平米,南,3,21天前发布
2207,清溪雅筑有装修套二出售随时可以看房,https://cd.ke.com/ershoufang/20022017710100113377.html,清溪雅筑,https://cd.ke.com/xiaoqu/1611047819375/,低楼层(共18层),2012年建,3室1厅,89.95平米,东,2,21天前发布
2208,草堂房子浣花北路16号交通便利地铁,https://cd.ke.com/ershoufang/20022017710100111177.html,浣花北路16号,https://cd.ke.com/xiaoqu/1611061447838/,高楼层(共7层),1998年建,2室1厅,75.86平米,南,2,21天前发布
2209,房子是标准套二的户型，客厅带阳台，对中庭；,https://cd.ke.com/ershoufang/20022017710100108126.html,心愿花园一期,https://cd.ke.com/xiaoqu/1620029787332492/,中楼层(共6层)2室2厅,80.24平米,南北,,,2,21天前发布
2210,金阳易诚国际标准套二带装修,https://cd.ke.com/ershoufang/20022017710100104136.html,金阳易诚国际,https://cd.ke.com/xiaoqu/1611043100741/,低楼层(共22层),2010年建,2室1厅,78.51平米,北,2,21天前发布
2211,二十一世纪花园三期标准套二中间楼层,https://cd.ke.com/ershoufang/20022017710100102827.html,二十一世纪花园三期,https://cd.ke.com/xiaoqu/1611043447758/,中楼层(共8层),2003年建,2室1厅,82.52平米,南,14,21天前发布
2212,青羊区15年小区业主自住精装套二,https://cd.ke.com/ershoufang/20021917710100122572.html,长虹和悦府,https://cd.ke.com/xiaoqu/1611063890469/,低楼层(共20层),2015年建,2室1厅,59.47平米,东,11,22天前发布
2213,品质小区低楼层带五十平米花园平,https://cd.ke.com/ershoufang/20021917710100121480.html,翠堤雅筑,https://cd.ke.com/xiaoqu/1611057635002/,低楼层(共12层),2003年建,3室2厅,136.71平米,东南,2,22天前发布
2214,精装修，带家具家电，视野开阔，管理严格，地铁口,https://cd.ke.com/ershoufang/20021917710100119232.html,壹号公馆,https://cd.ke.com/xiaoqu/1611059498854/,中楼层(共29层),2008年建,1室1厅,51.99平米,东北,1,22天前发布
2215,精装套二，诚心出售，格局通透，视野好，看宽庭公园,https://cd.ke.com/ershoufang/20021917710100117918.html,蓝光COCO蜜城,https://cd.ke.com/xiaoqu/1611047132714/,中楼层(共31层),2014年建,2室1厅,63.09平米,西,6,22天前发布
2216,青羊区月华路清河阳光,https://cd.ke.com/ershoufang/20021917710100114979.html,清河阳光,https://cd.ke.com/xiaoqu/1611043168201/,高楼层(共18层),2010年建,3室1厅,125.86平米,南,20,22天前发布
2217,套三出售，户型方正，采光好，适合自己装修,https://cd.ke.com/ershoufang/20021917710100108291.html,清水河畔,https://cd.ke.com/xiaoqu/1611041558279/,高楼层(共23层),2008年建,3室1厅,90.17平米,东南,1,22天前发布
2218,培风小区80号1室1厅南北,https://cd.ke.com/ershoufang/20021917710100107485.html,培风小区80号,https://cd.ke.com/xiaoqu/1611041578057/,低楼层(共11层),2000年建,1室1厅,59.5平米,南北,0,22天前发布
2219,植物油场宿舍1室1厅东南,https://cd.ke.com/ershoufang/20021917710100105235.html,植物油场宿舍,https://cd.ke.com/xiaoqu/1611045393015/,中楼层(共5层),2000年建,1室1厅,45平米,东南,10,22天前发布
2220,合能西贵金沙套四的房子住家装修,https://cd.ke.com/ershoufang/20021917710100105120.html,合能西贵金沙,https://cd.ke.com/xiaoqu/1611046836820/,低楼层(共15层),2013年建,4室1厅,144.61平米,东南,20,22天前发布
2221,西子套二房屋满五年业主置换诚心出售,https://cd.ke.com/ershoufang/20021917710100104778.html,中铁西子香荷,https://cd.ke.com/xiaoqu/1611041555455/,高楼层(共33层),2010年建,2室1厅,80.13平米,东南,9,22天前发布
2222,带花园，户型方正，安静不临街。,https://cd.ke.com/ershoufang/20021917710100103167.html,四川省社会科学院,https://cd.ke.com/xiaoqu/1611061604116/,低楼层(共5层),1996年建,3室1厅,65.94平米,南北,13,22天前发布
2223,万达旁，套二变套三，视野好，房东急卖,https://cd.ke.com/ershoufang/20021917710100102332.html,锦绣光华,https://cd.ke.com/xiaoqu/1611041618340/,高楼层(共20层),2010年建,2室1厅,89.36平米,东,1,22天前发布
2224,府河内低楼层套二+生活便利+户型方正,https://cd.ke.com/ershoufang/20021917710100101338.html,育婴堂街18号,https://cd.ke.com/xiaoqu/1620021503351253/,低楼层(共5层)2室2厅,64.3平米,南,,,0,22天前发布
2225,优品道二期套四两梯两户视野好,https://cd.ke.com/ershoufang/20021917710100100223.html,优品道二期,https://cd.ke.com/xiaoqu/1617975849005219/,高楼层(共18层),2010年建,4室2厅,192.76平米,东南南,0,22天前发布
2226,香格里拉花园精装套三双卫诚心出售,https://cd.ke.com/ershoufang/20021817710100130052.html,香格里拉花园,https://cd.ke.com/xiaoqu/1611042981259/,低楼层(共11层),2002年建,3室2厅,106.22平米,东西,41,23天前发布
2227,新阳光健康家园顶跃三层带双花园,https://cd.ke.com/ershoufang/20021817710100128749.html,新阳光健康家园,https://cd.ke.com/xiaoqu/1611041924937/,高楼层(共9层),2001年建,4室2厅,209.19平米,南,1,23天前发布
2228,东原时光道装修套三双卫，对中庭，业主自住装修,https://cd.ke.com/ershoufang/20021817710100123275.html,东原时光道,https://cd.ke.com/xiaoqu/1611063210428/,中楼层(共21层),2015年建,3室1厅,89平米,北,2,23天前发布
2229,华府世家，户型方正，居家装修，采光充足,https://cd.ke.com/ershoufang/20021817710100122510.html,华府世家,https://cd.ke.com/xiaoqu/1611044076899/,中楼层(共25层),2012年建,1室1厅,50.78平米,南,0,23天前发布
2230,青羊美苑标准套一清水房视野开阔,https://cd.ke.com/ershoufang/20021817710100122483.html,美苑(青羊),https://cd.ke.com/xiaoqu/1611043104297/,高楼层(共18层),2000年建,1室1厅,48平米,东,0,23天前发布
2231,光华欣苑3室2厅西,https://cd.ke.com/ershoufang/20021817710100120774.html,光华欣苑,https://cd.ke.com/xiaoqu/1612880413207629/,低楼层(共20层)3室2厅,113平米,西,,,0,23天前发布
2232,凯德风尚套二有装修,https://cd.ke.com/ershoufang/20021817710100120579.html,凯德风尚,https://cd.ke.com/xiaoqu/1611043174238/,低楼层(共19层),2012年建,2室2厅,89平米,东,14,23天前发布
2233,西三环内跃层套二有装修,https://cd.ke.com/ershoufang/20021817710100119583.html,城市物语,https://cd.ke.com/xiaoqu/1611041784842/,中楼层(共10层),2003年建,2室1厅,49.17平米,西,30,23天前发布
2234,东原时光道居家套二，拎包入住。,https://cd.ke.com/ershoufang/20021817710100117370.html,东原时光道,https://cd.ke.com/xiaoqu/1611063210428/,中楼层(共22层),2016年建,2室1厅,58.68平米,南北,8,23天前发布
2235,知贤坊标准电梯套一，高楼层视野好,https://cd.ke.com/ershoufang/20021817710100116146.html,知贤坊,https://cd.ke.com/xiaoqu/1611041812442/,高楼层(共18层),2009年建,1室1厅,44.77平米,西,9,23天前发布
2236,元益花园，精装修套二带大阳台,https://cd.ke.com/ershoufang/20021817710100112829.html,元益花园,https://cd.ke.com/xiaoqu/1611043140046/,高楼层(共21层),2014年建,2室1厅,78.18平米,西北,2,23天前发布
2237,套二，可拎包入住，房东诚心出售。,https://cd.ke.com/ershoufang/20021817710100107663.html,元益花园,https://cd.ke.com/xiaoqu/1611043140046/,低楼层(共21层),2014年建,2室1厅,89.69平米,南北,0,23天前发布
2238,天邑花园顶跃套五居家装修带花园,https://cd.ke.com/ershoufang/20021817710100103660.html,天邑花园,https://cd.ke.com/xiaoqu/1611041583927/,高楼层(共11层),2008年建,5室2厅,199.76平米,东,11,23天前发布
2239,天邑花园顶跃套四居家装修带花园,https://cd.ke.com/ershoufang/20021817710100103574.html,天邑花园,https://cd.ke.com/xiaoqu/1611041583927/,高楼层(共11层),2008年建,4室1厅,148平米,西,10,23天前发布
2240,紫云金沙2室1厅西,https://cd.ke.com/ershoufang/20021817710100103452.html,紫云金沙,https://cd.ke.com/xiaoqu/1611041597991/,中楼层(共31层),2006年建,2室1厅,90.14平米,西,6,23天前发布
2241,优品道央作标准套二，中庭位置，装修好,https://cd.ke.com/ershoufang/20021817710100101760.html,优品道央作,https://cd.ke.com/xiaoqu/1617976285998446/,中楼层(共23层),2010年建,2室1厅,84.46平米,北,4,23天前发布
2242,万家湾公交站旁，出行方便，精装套二,https://cd.ke.com/ershoufang/20021717710100121395.html,星立方,https://cd.ke.com/xiaoqu/1611063314652/,高楼层(共19层),2016年建,2室2厅,78.34平米,北,7,24天前发布
2243,海亮爱金沙小区环境舒适视野开阔,https://cd.ke.com/ershoufang/20021717710100120689.html,海亮爱金沙,https://cd.ke.com/xiaoqu/166967782812885/,中楼层(共22层),2016年建,2室2厅,65.3平米,东,0,24天前发布
2244,成都青羊万达广场1室0厅东南,https://cd.ke.com/ershoufang/20021717710100115766.html,成都青羊万达广场,https://cd.ke.com/xiaoqu/1611100040029/,低楼层(共27层),2016年建,1室0厅,51平米,东南,1,24天前发布
2245,青羊区内金沙，小户型电梯房出售，可出租自住,https://cd.ke.com/ershoufang/20021717710100115396.html,欧韵金沙,https://cd.ke.com/xiaoqu/1611049131458/,低楼层(共15层),2013年建,1室1厅,49.55平米,西南西,0,24天前发布
2246,青羊金沙区中间楼层无遮挡采光好,https://cd.ke.com/ershoufang/20021717710100115193.html,印象金沙,https://cd.ke.com/xiaoqu/1611041601731/,中楼层(共12层),2007年建,3室1厅,92.77平米,西南西,1,24天前发布
2247,正府街精装套一改套二品牌家电直接入住,https://cd.ke.com/ershoufang/20021717710100114029.html,SG珊顿道,https://cd.ke.com/xiaoqu/1611063132045/,低楼层(共41层),2016年建,2室1厅,53平米,南北,17,24天前发布
2248,成都花园上城一楼带花园的户型，房东诚心出息,https://cd.ke.com/ershoufang/20021717710100113479.html,成都花园上城,https://cd.ke.com/xiaoqu/1611041601163/,低楼层(共22层),2009年建,4室2厅,208.9平米,南,0,24天前发布
2249,一环路西一段社科院中间楼层简单装修小区安静,https://cd.ke.com/ershoufang/20021717710100109756.html,四川省社会科学院,https://cd.ke.com/xiaoqu/1611061604116/,中楼层(共5层),1996年建,3室1厅,61.89平米,东南,6,24天前发布
2250,成都西站，青羊万达广场旁，89平米大套二,https://cd.ke.com/ershoufang/20021717710100108738.html,清水路苑,https://cd.ke.com/xiaoqu/1611057410255/,低楼层(共18层),2012年建,2室1厅,89.1平米,东南,8,24天前发布
2251,青羊区非遗博览园四号线幸福里套一,https://cd.ke.com/ershoufang/20021717710100105685.html,幸福里,https://cd.ke.com/xiaoqu/1620024832810187/,高楼层(共10层)1室1厅,49.24平米,东,,,0,24天前发布
2252,天府公寓4室2厅东,https://cd.ke.com/ershoufang/20021717710100103739.html,天府公寓,https://cd.ke.com/xiaoqu/3011053810263/,高楼层(共16层),2001年建,4室2厅,186.58平米,东,15,24天前发布
2253,天府公寓4室2厅南,https://cd.ke.com/ershoufang/20021717710100103239.html,天府公寓,https://cd.ke.com/xiaoqu/3011053810263/,高楼层(共16层),2001年建,4室2厅,186.58平米,南,12,24天前发布
2254,青羊区中坝地铁口鹏瑞利旁光华杏林优质套一,https://cd.ke.com/ershoufang/20021717710100102287.html,光华杏林,https://cd.ke.com/xiaoqu/1611041605688/,高楼层(共21层),2010年建,1室1厅,53.78平米,南,11,24天前发布
2255,西城花园3室2厅南北,https://cd.ke.com/ershoufang/20021717710100101455.html,西城花园,https://cd.ke.com/xiaoqu/1611043116205/,低楼层(共7层),2003年建,3室2厅,134.05平米,南北,7,24天前发布
2256,此房装修保养好，业主诚心卖，采光好。对中庭。,https://cd.ke.com/ershoufang/20021617710100123110.html,俊发时光俊园,https://cd.ke.com/xiaoqu/1611049464265/,低楼层(共21层),2014年建,3室1厅,109平米,东,9,25天前发布
2257,保利金香槟套二改套三精装修朝南,https://cd.ke.com/ershoufang/20021617710100121562.html,保利金香槟,https://cd.ke.com/xiaoqu/1611043451443/,低楼层(共18层),2012年建,2室2厅,89.26平米,西南,6,25天前发布
2258,府南新区跃层套三简单装修朝向好无遮挡,https://cd.ke.com/ershoufang/20021617710100120227.html,天鹅星座,https://cd.ke.com/xiaoqu/1611043005710/,中楼层(共11层),2002年建,3室2厅,149.52平米,南,4,25天前发布
2259,标准套三，户型方正，高楼层，采光好,https://cd.ke.com/ershoufang/20021617710100119528.html,天府公寓,https://cd.ke.com/xiaoqu/3011053810263/,高楼层(共16层),2001年建,3室1厅,133.86平米,东,1,25天前发布
2260,上翔街21号2室1厅南北,https://cd.ke.com/ershoufang/20021617710100118632.html,上翔街21号,https://cd.ke.com/xiaoqu/1620028733208745/,高楼层(共6层),1985年建,2室1厅,46.86平米,南北,10,25天前发布
2261,顶跃精装带屋顶花园，房东诚心出售。,https://cd.ke.com/ershoufang/20021617710100116278.html,中华家园西区,https://cd.ke.com/xiaoqu/1611055688204/,中楼层(共6层),2004年建,4室1厅,177平米,南,13,25天前发布
2262,简约装修风格，套二！近地铁四号线青羊万达,https://cd.ke.com/ershoufang/20021617710100113038.html,清水路苑,https://cd.ke.com/xiaoqu/1611057410255/,中楼层(共18层),2012年建,2室2厅,83平米,西南西,25,25天前发布
2263,西门万达旁，精装套一，带全新家具家电，业主诚心出售,https://cd.ke.com/ershoufang/20021617710100111586.html,锦绣光华,https://cd.ke.com/xiaoqu/1611041618340/,低楼层(共20层),2010年建,1室1厅,54平米,东,0,25天前发布
2264,标准套三，前后对中庭，花园小区，物业很棒。,https://cd.ke.com/ershoufang/20021617710100110090.html,碧华邻,https://cd.ke.com/xiaoqu/1611041574805/,中楼层(共11层),2007年建,3室2厅,142.61平米,南,2,25天前发布
2265,人民公园旁低楼层套二明厨明卫客厅带阳台配套完善,https://cd.ke.com/ershoufang/20021617710100109661.html,文庙西街31号,https://cd.ke.com/xiaoqu/1620021812733189/,低楼层(共6层),1996年建,2室1厅,79.23平米,西南,9,25天前发布
2266,光华美邻电梯套三居家装修不临街明厨明卫采光好,https://cd.ke.com/ershoufang/20021617710100109514.html,光华美邻,https://cd.ke.com/xiaoqu/1611041788645/,高楼层(共18层),2007年建,3室1厅,103.27平米,东北,4,25天前发布
2267,花套二的钱买到套四还带楼顶花园你不看看？,https://cd.ke.com/ershoufang/20021617710100106330.html,横四道街2号,https://cd.ke.com/xiaoqu/1611099875881/,高楼层(共7层),1996年建,4室1厅,111.45平米,南,3,25天前发布
2268,标准套一户型方正中间楼层，采光不错,https://cd.ke.com/ershoufang/20021617710100106185.html,世纪太升,https://cd.ke.com/xiaoqu/1611061034574/,中楼层(共20层),2001年建,1室1厅,80.56平米,东北,1,25天前发布
2269,金沙愉景一期3室2厅东南,https://cd.ke.com/ershoufang/20021617710100105836.html,金沙愉景一期,https://cd.ke.com/xiaoqu/1611041616877/,中楼层(共6层),2007年建,3室2厅,128.92平米,东南,0,25天前发布
2270,听城2室2厅东南,https://cd.ke.com/ershoufang/20021617710100105420.html,听城,https://cd.ke.com/xiaoqu/1611041809534/,低楼层(共25层),2009年建,2室2厅,84.45平米,东南,0,25天前发布
2271,西三环内贝森园套三清水房,https://cd.ke.com/ershoufang/20021517710100122867.html,贝森园,https://cd.ke.com/xiaoqu/1611041814172/,高楼层(共7层),2000年建,3室1厅,102.77平米,南,2,26天前发布
2272,青羊区苏坡东路精装电梯房套一,https://cd.ke.com/ershoufang/20021517710100120985.html,乐摩筑,https://cd.ke.com/xiaoqu/1611041620915/,中楼层(共26层),2010年建,1室1厅,60.46平米,南西,0,26天前发布
2273,冠城花园二期标准套四带保姆间居家装修,https://cd.ke.com/ershoufang/20021517710100118555.html,冠城花园二期,https://cd.ke.com/xiaoqu/1611060142239/,高楼层(共19层),2002年建,5室2厅,173.57平米,西南,8,26天前发布
2274,浣花南路218号2室1厅东南,https://cd.ke.com/ershoufang/20021517710100118492.html,浣花南路218号,https://cd.ke.com/xiaoqu/1611058725216/,中楼层(共5层),2003年建,2室1厅,77.46平米,东南,8,26天前发布
2275,一环边办公楼，使用面积大，小区安静，采光好。,https://cd.ke.com/ershoufang/20021517710100117864.html,颐景园,https://cd.ke.com/xiaoqu/1611041828213/,中楼层(共7层),2003年建,5室0厅,251.38平米,南,0,26天前发布
2276,清水河畔标准套二诚心出售户型方正采光充足,https://cd.ke.com/ershoufang/20021517710100117528.html,清水河畔,https://cd.ke.com/xiaoqu/1611041558279/,中楼层(共23层),2008年建,2室1厅,76平米,南北,9,26天前发布
2277,锦桂苑2室1厅南,https://cd.ke.com/ershoufang/20021517710100114346.html,锦桂苑,https://cd.ke.com/xiaoqu/1611041843351/,中楼层(共7层),1999年建,2室1厅,75.86平米,南,3,26天前发布
2278,人民中路园林式小区明厨明卫朝南一居出售,https://cd.ke.com/ershoufang/20021517710100111011.html,上河新城,https://cd.ke.com/xiaoqu/3011053889173/,低楼层(共7层),2005年建,1室1厅,40.26平米,东南,9,26天前发布
2279,清水路苑简装套二，户型方正，采光好，中庭位置,https://cd.ke.com/ershoufang/20021517710100108223.html,清水路苑,https://cd.ke.com/xiaoqu/1611057410255/,高楼层(共18层),2012年建,2室2厅,88平米,南,1,26天前发布
2280,房满两年，对中庭，采光好，带大阳台，有装修视野好！,https://cd.ke.com/ershoufang/20021517710100105198.html,元益花园,https://cd.ke.com/xiaoqu/1611043140046/,低楼层(共21层),2014年建,1室1厅,39平米,北,2,26天前发布
2281,水木光华3室1厅东南,https://cd.ke.com/ershoufang/20021517710100104520.html,水木光华,https://cd.ke.com/xiaoqu/1611041807591/,高楼层(共6层),2004年建,3室1厅,124.79平米,东南,2,26天前发布
2282,光华馨地2室1厅北,https://cd.ke.com/ershoufang/20021417710100126958.html,光华馨地,https://cd.ke.com/xiaoqu/1611041580934/,低楼层(共11层),2006年建,2室1厅,80.37平米,北,0,27天前发布
2283,光华岁月一期中等装修套二，带花园,https://cd.ke.com/ershoufang/20021417710100126761.html,光华岁月一期,https://cd.ke.com/xiaoqu/1611044611253/,低楼层(共6层),2006年建,2室1厅,108平米,东南,4,27天前发布
2284,建发金沙里套一，高楼层，带阳台，采光好，精装修,https://cd.ke.com/ershoufang/20021417710100126129.html,建发金沙里,https://cd.ke.com/xiaoqu/1611046452705/,高楼层(共32层),2012年建,1室0厅,46平米,东南,0,27天前发布
2285,金沙揽胜一期不临街跃层户型居家装修,https://cd.ke.com/ershoufang/20021417710100123942.html,金沙揽胜一期,https://cd.ke.com/xiaoqu/1611041619421/,低楼层(共7层),2007年建,2室1厅,43.38平米,北,21,27天前发布
2286,青羊区草市街电梯小高层跃层精装,https://cd.ke.com/ershoufang/20021417710100123410.html,正成香域,https://cd.ke.com/xiaoqu/1611059036836/,高楼层(共6层),2005年建,2室2厅,54.56平米,东南,3,27天前发布
2287,大面积单价低中间楼层通透户型,https://cd.ke.com/ershoufang/20021417710100123328.html,清水河畔,https://cd.ke.com/xiaoqu/1611041558279/,中楼层(共23层),2008年建,3室2厅,118.42平米,南,0,27天前发布
2288,不临街无遮挡采光好交通便利带电梯明厨明卫,https://cd.ke.com/ershoufang/20021417710100115474.html,光华馨地,https://cd.ke.com/xiaoqu/1611041580934/,中楼层(共11层),2006年建,2室2厅,83.51平米,东,2,27天前发布
2289,朗基龙堂精装标准套三，对中庭，双面采光。,https://cd.ke.com/ershoufang/20021417710100114347.html,朗基龙堂,https://cd.ke.com/xiaoqu/1611041619788/,低楼层(共27层),2010年建,3室2厅,94.26平米,东西,33,27天前发布
2290,大套三，中间楼层，采光好，带大阳台，视野开阔.,https://cd.ke.com/ershoufang/20021417710100114256.html,光华杏林,https://cd.ke.com/xiaoqu/1611041605688/,中楼层(共21层),2010年建,3室1厅,117.88平米,南,4,27天前发布
2291,香格里拉花园3室1厅西,https://cd.ke.com/ershoufang/20021417710100113712.html,香格里拉花园,https://cd.ke.com/xiaoqu/1611042981259/,低楼层(共11层),2002年建,3室1厅,108平米,西,7,27天前发布
2292,天合凯旋城3室1厅东,https://cd.ke.com/ershoufang/20021417710100113258.html,天合凯旋城,https://cd.ke.com/xiaoqu/1611041583632/,低楼层(共31层),2008年建,3室1厅,124平米,东,3,27天前发布
2293,天邑花园中庭向阳电梯高楼层平层3室2厅2卫生间,https://cd.ke.com/ershoufang/20021417710100113533.html,天邑花园,https://cd.ke.com/xiaoqu/1611041583927/,高楼层(共11层),2008年建,3室2厅,132.67平米,东南,16,27天前发布
2294,光华苑二期多层标准套二，采光好,https://cd.ke.com/ershoufang/20021417710100112830.html,光华苑二期,https://cd.ke.com/xiaoqu/3011056025911/,高楼层(共7层),1998年建,2室1厅,75.81平米,南北,11,27天前发布
2295,红墙巷房屋出售，街道干净整洁，装修保养良好,https://cd.ke.com/ershoufang/20021417710100105711.html,红墙巷36号,https://cd.ke.com/xiaoqu/1620025876362025/,中楼层(共5层),1990年建,2室1厅,59平米,东南,8,27天前发布
2296,凯德风尚1室0厅南,https://cd.ke.com/ershoufang/20021417710100103745.html,凯德风尚,https://cd.ke.com/xiaoqu/1611043174238/,地下室(共1层)1室0厅,33.08平米,南,,,0,27天前发布
2297,万科金色领域4室2厅南,https://cd.ke.com/ershoufang/20021417710100101241.html,万科金色领域,https://cd.ke.com/xiaoqu/1611044699628/,高楼层(共24层),2012年建,4室2厅,126平米,南,0,27天前发布
2298,房简单装修，有阳台，安静。户型方正有装修。,https://cd.ke.com/ershoufang/20021417710100100528.html,左右,https://cd.ke.com/xiaoqu/1611041556995/,中楼层(共25层),2010年建,2室1厅,61平米,南,0,27天前发布
2299,此房户型通透，视野好，临河，看河景，带入户,https://cd.ke.com/ershoufang/20021317710100124875.html,天合凯旋天际湾,https://cd.ke.com/xiaoqu/1611044806458/,低楼层(共35层),2011年建,2室2厅,85平米,东,0,28天前发布
2300,SG珊顿道1室1厅东南,https://cd.ke.com/ershoufang/20021317710100122720.html,SG珊顿道,https://cd.ke.com/xiaoqu/1611063132045/,中楼层(共41层),2016年建,1室1厅,52.35平米,东南,10,28天前发布
2301,置信丽都玉园领邸1室0厅东东南,https://cd.ke.com/ershoufang/20021317710100122814.html,置信丽都玉园领邸,https://cd.ke.com/xiaoqu/1611048020203/,地下室(共1层),2007年建,1室0厅,44.53平米,东东南,0,28天前发布
2302,青羊区内金沙次新小区，客厅对别墅。有车位价格另计,https://cd.ke.com/ershoufang/20021317710100121899.html,欧韵金沙,https://cd.ke.com/xiaoqu/1611049131458/,高楼层(共18层),2013年建,2室2厅,85.81平米,南,1,28天前发布
2303,成都花园上城朝南三房中庭不临街,https://cd.ke.com/ershoufang/20021317710100118834.html,成都花园上城,https://cd.ke.com/xiaoqu/1611041601163/,中楼层(共22层),2008年建,3室1厅,103.65平米,南,24,28天前发布
2304,万科金色领域2室1厅东,https://cd.ke.com/ershoufang/20021317710100116955.html,万科金色领域,https://cd.ke.com/xiaoqu/1611044699628/,中楼层(共24层),2012年建,2室1厅,80.79平米,东,2,28天前发布
2305,成都西门二环内小面积低总价购房无压力,https://cd.ke.com/ershoufang/20021317710100109132.html,澄江街5号,https://cd.ke.com/xiaoqu/1611058525631/,高楼层(共7层),1998年建,1室2厅,41.35平米,南,0,28天前发布
2306,西门2.5环保利精装跃层！！！,https://cd.ke.com/ershoufang/20021317710100107480.html,保利贝森公馆,https://cd.ke.com/xiaoqu/1611047088028/,低楼层(共29层),2013年建,4室2厅,188.04平米,南,7,28天前发布
2307,标准负一楼产权车位出售子母车位！！！就在电梯口！,https://cd.ke.com/ershoufang/20021317710100106859.html,清水路苑,https://cd.ke.com/xiaoqu/1611057410255/,地下室(共1层),2016年建,1室0厅,43.12平米,南,0,28天前发布
2308,全南户型客厅卧室双阳台对中庭安静中间楼层,https://cd.ke.com/ershoufang/20021317710100105613.html,元益花园,https://cd.ke.com/xiaoqu/1611043140046/,中楼层(共21层),2014年建,2室2厅,85.69平米,南,2,28天前发布
2309,齐力碧水湾2室1厅南,https://cd.ke.com/ershoufang/20021317710100104895.html,齐力碧水湾,https://cd.ke.com/xiaoqu/1611041579253/,低楼层(共18层),2007年建,2室1厅,86.03平米,南,2,28天前发布
2310,锦桂苑套二3个阳台不临街中间楼层,https://cd.ke.com/ershoufang/20021317710100104697.html,锦桂苑,https://cd.ke.com/xiaoqu/1611041843351/,中楼层(共7层),1999年建,2室2厅,80.22平米,西北,0,28天前发布
2311,正黄金域国际1室1厅西南,https://cd.ke.com/ershoufang/20021317710100104537.html,正黄金域国际,https://cd.ke.com/xiaoqu/1611061126859/,中楼层(共27层),2012年建,1室1厅,48.9平米,西南,0,28天前发布
2312,青羊区三环内二十一世纪花园一期套三不临街安静,https://cd.ke.com/ershoufang/20021217710100120955.html,二十一世纪花园一期,https://cd.ke.com/xiaoqu/1620020601436326/,中楼层(共8层),2003年建,3室2厅,112.4平米,南,21,29天前发布
2313,西子新上套二双卫，户型通透，格局好，配套设施齐全,https://cd.ke.com/ershoufang/20021217710100119992.html,中铁西子香荷,https://cd.ke.com/xiaoqu/1611041555455/,低楼层(共33层),2010年建,2室2厅,91.68平米,东,23,29天前发布
2314,优品道一期4室1厅南,https://cd.ke.com/ershoufang/20021217710100117919.html,优品道一期,https://cd.ke.com/xiaoqu/1617975788973477/,高楼层(共6层),2006年建,4室1厅,178.49平米,南,19,29天前发布
2315,生活立方套二户型方正，客厅对小区中庭，有装修,https://cd.ke.com/ershoufang/20021217710100112685.html,生活立方,https://cd.ke.com/xiaoqu/1611041806081/,低楼层(共11层),2003年建,2室1厅,85.54平米,东,8,29天前发布
2316,蓝光套四，精装修，可以拎包入住。,https://cd.ke.com/ershoufang/20021217710100111832.html,蓝光SOFA社区,https://cd.ke.com/xiaoqu/1611048335846/,低楼层(共20层),2011年建,4室2厅,96平米,东南,0,29天前发布
2317,东坡小区通透户型小套三,https://cd.ke.com/ershoufang/20021217710100111450.html,东坡小区,https://cd.ke.com/xiaoqu/1611041785771/,中楼层(共7层),2000年建,3室2厅,87.4平米,东南,10,29天前发布
2318,鼓楼世家标准套二+客厅卧室带阳台+采光好,https://cd.ke.com/ershoufang/20021217710100110812.html,鼓楼世家,https://cd.ke.com/xiaoqu/3011053763236/,中楼层(共32层),2006年建,2室1厅,87.69平米,东,4,29天前发布
2319,标准套一、中楼层、采光充足、配套设施全、交通便利。,https://cd.ke.com/ershoufang/20021217710100109582.html,荣盛花语城,https://cd.ke.com/xiaoqu/1611063648395/,中楼层(共20层),2014年建,1室1厅,45.25平米,东,0,29天前发布
2320,乐摩筑精装套一，朝东，户型方正，拎包入住,https://cd.ke.com/ershoufang/20021217710100105027.html,乐摩筑,https://cd.ke.com/xiaoqu/1611041620915/,中楼层(共26层),2010年建,1室1厅,50.68平米,东,1,29天前发布
2321,铸信境界1室0厅南,https://cd.ke.com/ershoufang/20021217710100102857.html,铸信境界,https://cd.ke.com/xiaoqu/1611041556151/,地下室(共层)1室0厅,29.38平米,南,,,0,29天前发布
2322,套三，客厅带阳台，实用面积大。看房提前预约,https://cd.ke.com/ershoufang/20021217710100102530.html,铸信境界,https://cd.ke.com/xiaoqu/1611041556151/,低楼层(共28层),2009年建,3室1厅,89.67平米,南,10,29天前发布
2323,简装套三离地铁近房屋方正采光好,https://cd.ke.com/ershoufang/20021217710100101727.html,清江苑,https://cd.ke.com/xiaoqu/1620026460944873/,高楼层(共7层)3室2厅,119.92平米,南,,,12,29天前发布
2324,清水路苑3室2厅北,https://cd.ke.com/ershoufang/20021217710100101034.html,清水路苑,https://cd.ke.com/xiaoqu/1611057410255/,高楼层(共18层),2012年建,3室2厅,89.22平米,北,1,29天前发布
2325,保利金香槟自住套二进门带入户,https://cd.ke.com/ershoufang/20021217710100100747.html,保利金香槟,https://cd.ke.com/xiaoqu/1611043451443/,高楼层(共18层),2012年建,2室1厅,89.9平米,东北,16,29天前发布
2326,恒大广场中间楼层朝东可能电视塔,https://cd.ke.com/ershoufang/20021117710100124669.html,恒大广场,https://cd.ke.com/xiaoqu/167512833405709/,中楼层(共53层),2016年建,1室1厅,66.73平米,东南,15,30天前发布
2327,光华逸家经典小套三对中庭安静舒适,https://cd.ke.com/ershoufang/20021117710100120516.html,光华逸家,https://cd.ke.com/xiaoqu/1611047799476/,中楼层(共22层),2014年建,3室1厅,67.55平米,东,44,30天前发布
2328,精装修，带家具家电，视野开阔，管理严格，地铁口,https://cd.ke.com/ershoufang/20021117710100119842.html,壹号公馆,https://cd.ke.com/xiaoqu/1611059498854/,中楼层(共29层),2008年建,1室1厅,75.93平米,南,5,30天前发布
2329,光华馨地1室1厅南,https://cd.ke.com/ershoufang/20021117710100117149.html,光华馨地,https://cd.ke.com/xiaoqu/1611041580934/,低楼层(共11层),2006年建,1室1厅,54.89平米,南,1,30天前发布
2330,好房套三精装修双卫拎包入住,https://cd.ke.com/ershoufang/20021117710100114862.html,金沙西园四期,https://cd.ke.com/xiaoqu/1611041586813/,高楼层(共26层),2009年建,3室2厅,89.32平米,东南,5,30天前发布
2331,碧华邻小区套四朝南不临街一梯两户,https://cd.ke.com/ershoufang/20021117710100114729.html,碧华邻,https://cd.ke.com/xiaoqu/1611041574805/,低楼层(共18层),2007年建,4室2厅,172.07平米,南,4,30天前发布
2332,青羊教师公寓2室1厅南,https://cd.ke.com/ershoufang/20021117710100113391.html,青羊教师公寓,https://cd.ke.com/xiaoqu/1611041881449/,高楼层(共7层),2000年建,2室1厅,77.83平米,南,7,30天前发布
2333,此房产权满两年，不临街，朝南的，采光很不错。,https://cd.ke.com/ershoufang/20021117710100108964.html,金阳易诚国际,https://cd.ke.com/xiaoqu/1611043100741/,中楼层(共22层),2010年建,2室2厅,76.11平米,南,13,30天前发布
2334,清溪雅筑有装修套二出售带家具家电,https://cd.ke.com/ershoufang/20021117710100108518.html,清溪雅筑,https://cd.ke.com/xiaoqu/1611047819375/,低楼层(共18层),2012年建,2室1厅,74.95平米,东,33,30天前发布
2335,保利精装带地暖套三，诚心出售，满两年，朝南全中庭,https://cd.ke.com/ershoufang/20021117710100104425.html,保利香槟光华,https://cd.ke.com/xiaoqu/1611060968918/,高楼层(共21层),2014年建,3室2厅,88.42平米,南北,2,30天前发布
2336,青羊区北大街88号电梯房有装修,https://cd.ke.com/ershoufang/20021117710100101619.html,天盛壹中心,https://cd.ke.com/xiaoqu/3011053885843/,中楼层(共31层),2008年建,1室0厅,31.21平米,东东南,0,30天前发布
2337,0.5环，人民公园，2014年电梯房,https://cd.ke.com/ershoufang/20021017710100121655.html,汇厦少城琴台府,https://cd.ke.com/xiaoqu/1611061160243/,高楼层(共36层),2014年建,3室2厅,100.85平米,东南,15,1月前发布
2338,清溪雅筑套二不临街,https://cd.ke.com/ershoufang/20021017710100121162.html,清溪雅筑,https://cd.ke.com/xiaoqu/1611047819375/,高楼层(共18层),2012年建,2室1厅,79.42平米,东,107,1月前发布
2339,精装套四双卫，中间楼层，朝向好，采光好,https://cd.ke.com/ershoufang/20021017710100120267.html,铸信境界,https://cd.ke.com/xiaoqu/1611041556151/,中楼层(共28层),2009年建,4室2厅,140.13平米,南,6,1月前发布
2340,光华馨地2室1厅西,https://cd.ke.com/ershoufang/20021017710100117158.html,光华馨地,https://cd.ke.com/xiaoqu/1611041580934/,中楼层(共11层),2006年建,2室1厅,83平米,西,23,1月前发布
2341,看房预约，有装修套一，视野好。,https://cd.ke.com/ershoufang/20021017710100113232.html,光华揽胜,https://cd.ke.com/xiaoqu/1611041605622/,高楼层(共34层),2010年建,1室1厅,50.35平米,东,24,1月前发布
2342,西苑公寓标准套三双卫，中间楼层，采光好,https://cd.ke.com/ershoufang/20021017710100111194.html,西苑公寓,https://cd.ke.com/xiaoqu/3011056058768/,中楼层(共7层),2000年建,3室2厅,156.06平米,东,1,1月前发布
2343,多层套二，不临街，满二年，户型方正。,https://cd.ke.com/ershoufang/20021017710100107739.html,清溪南街11号,https://cd.ke.com/xiaoqu/167626862375269/,低楼层(共7层),1997年建,2室1厅,55.35平米,西南,0,1月前发布
2344,保利香槟套二，楼层好，采光充足，无增值税,https://cd.ke.com/ershoufang/20021017710100104868.html,保利香槟光华,https://cd.ke.com/xiaoqu/1611060968918/,中楼层(共18层),2014年建,2室1厅,55.97平米,西,16,1月前发布
2345,浣花溪公园优质套三双卫小区环境好,https://cd.ke.com/ershoufang/20021017710100103059.html,青华路8号,https://cd.ke.com/xiaoqu/1611058723373/,高楼层(共6层),2001年建,3室2厅,102.6平米,南,1,1月前发布
2346,标准套三户型方正安静不临街,https://cd.ke.com/ershoufang/20021017710100102095.html,朗诗西溪里,https://cd.ke.com/xiaoqu/1611062695359/,低楼层(共33层),2016年建,3室1厅,70.17平米,南,11,1月前发布
2347,俊发时光俊园2室2厅东,https://cd.ke.com/ershoufang/20020917710100118021.html,俊发时光俊园,https://cd.ke.com/xiaoqu/1611049464265/,低楼层(共21层),2014年建,2室2厅,76.03平米,东,2,1月前发布
2348,清河阳光精装修大套二，价格美丽，业主诚心,https://cd.ke.com/ershoufang/20020917710100116033.html,清河阳光,https://cd.ke.com/xiaoqu/1611043168201/,中楼层(共18层),2010年建,2室1厅,89.04平米,东南,6,1月前发布
2349,乐摩筑，精装套一，朝东，户型方正带生活阳台,https://cd.ke.com/ershoufang/20020917710100113428.html,乐摩筑,https://cd.ke.com/xiaoqu/1611041620915/,高楼层(共26层),2010年建,1室1厅,50平米,东南,1,1月前发布
2350,清水房朝南临小街不吵视野开阔采光好,https://cd.ke.com/ershoufang/20020917710100109849.html,光华碧邻,https://cd.ke.com/xiaoqu/1611047773909/,高楼层(共21层),2013年建,2室2厅,78.67平米,东南,0,1月前发布
2351,青羊区培风路欧苑套二,https://cd.ke.com/ershoufang/20020917710100107980.html,欧苑,https://cd.ke.com/xiaoqu/3011053177523/,低楼层(共18层),2011年建,2室1厅,82平米,东南,0,1月前发布
2352,精装三房，朝南对中庭产权满两年，房东诚心出售,https://cd.ke.com/ershoufang/20020917710100103838.html,英国小镇彩舞园,https://cd.ke.com/xiaoqu/3011053383532/,低楼层(共6层),2012年建,3室1厅,86.97平米,南,3,1月前发布
2353,清溪南街府南新区套三！！！！！！！！！！！！！,https://cd.ke.com/ershoufang/20020917710100103441.html,清溪南街20号,https://cd.ke.com/xiaoqu/1611061102932/,中楼层(共7层),1997年建,3室2厅,116.12平米,南,0,1月前发布
2354,西园四期东南朝向对中庭套二！户型无浪费！自住装修,https://cd.ke.com/ershoufang/20020817710100116793.html,金沙西园四期,https://cd.ke.com/xiaoqu/1611041586813/,中楼层(共26层),2009年建,2室2厅,89.53平米,南,3,1月前发布
2355,非遗地铁口套三视野好户型方正,https://cd.ke.com/ershoufang/20020817710100110421.html,佳兆业广场,https://cd.ke.com/xiaoqu/166988596260316/,中楼层(共15层)3室1厅,87平米,西,,,4,1月前发布
2356,青羊区，精装套二，户型方正，保养好，拎包入住。,https://cd.ke.com/ershoufang/20020817710100108794.html,小福建营巷11号,https://cd.ke.com/xiaoqu/1620039545701072/,低楼层(共3层),1990年建,2室1厅,73.84平米,南北,3,1月前发布
2357,石室旁标准套二南北通透中间楼层,https://cd.ke.com/ershoufang/20020817710100108622.html,文庙西街6号,https://cd.ke.com/xiaoqu/3011053919207/,中楼层(共7层),1996年建,2室1厅,66.78平米,南北,21,1月前发布
2358,金鹏街套三，标准户型，明厨明卫，安静舒适,https://cd.ke.com/ershoufang/20020817710100106188.html,金鹏街176号院,https://cd.ke.com/xiaoqu/1611049253331/,高楼层(共6层),2000年建,3室2厅,101.25平米,东,0,1月前发布
2359,青羊万达旁居家套二看房方便,https://cd.ke.com/ershoufang/20020817710100102083.html,清水路苑,https://cd.ke.com/xiaoqu/1611057410255/,高楼层(共18层),2012年建,2室2厅,81.81平米,东,2,1月前发布
2360,青羊区外金沙套三双卫纯清水对中庭,https://cd.ke.com/ershoufang/20020717710100121325.html,海亮樾金沙,https://cd.ke.com/xiaoqu/1611062687250/,高楼层(共22层),2016年建,3室2厅,106.39平米,西北,7,1月前发布
2361,生态河景别墅，正看清水河，客厅挑高六米，精装修,https://cd.ke.com/ershoufang/20020717710100120614.html,置信丽都玉园领邸,https://cd.ke.com/xiaoqu/1611048020203/,中楼层(共5层),2007年建,4室2厅,264.07平米,西南,0,1月前发布
2362,培风小区200号1室1厅南,https://cd.ke.com/ershoufang/20020717710100118396.html,培风小区200号,https://cd.ke.com/xiaoqu/1611041789163/,中楼层(共6层),2000年建,1室1厅,42.08平米,南,0,1月前发布
2363,乐摩筑，精装大套一，双阳台，户型方正，拎包入住,https://cd.ke.com/ershoufang/20020717710100110811.html,乐摩筑,https://cd.ke.com/xiaoqu/1611041620915/,高楼层(共26层),2010年建,1室1厅,60平米,北,4,1月前发布
2364,清水路苑简装套二对中庭*买即收租,https://cd.ke.com/ershoufang/20020617710100117097.html,清水路苑,https://cd.ke.com/xiaoqu/1611057410255/,低楼层(共18层),2012年建,2室1厅,89平米,南,0,1月前发布
2365,青羊区培风路美苑优质套一,https://cd.ke.com/ershoufang/20020617710100112347.html,美苑(青羊),https://cd.ke.com/xiaoqu/1611043104297/,高楼层(共18层),2000年建,1室1厅,49平米,南,9,1月前发布
2366,金沙岁月电梯套二不临街采光好户型方正,https://cd.ke.com/ershoufang/20020617710100109258.html,金沙岁月,https://cd.ke.com/xiaoqu/1611041793167/,中楼层(共12层),2005年建,2室1厅,73.01平米,东南,18,1月前发布
2367,青森小区2室1厅东西,https://cd.ke.com/ershoufang/20020617710100105080.html,青森小区,https://cd.ke.com/xiaoqu/1611041804208/,高楼层(共7层),1998年建,2室1厅,81平米,东西,0,1月前发布
2368,青羊区精装修套三双卫v对中庭,https://cd.ke.com/ershoufang/20020617710100104792.html,长虹和悦府,https://cd.ke.com/xiaoqu/1611063890469/,高楼层(共20层),2015年建,3室2厅,86.58平米,南北,7,1月前发布
2369,花样年华新街坊二期1室1厅东南,https://cd.ke.com/ershoufang/20020617710100102655.html,花样年华新街坊二期,https://cd.ke.com/xiaoqu/1611059316102/,低楼层(共25层),2009年建,1室1厅,46.9平米,东南,4,1月前发布
2370,浣花小区3室2厅南,https://cd.ke.com/ershoufang/20020517710100122161.html,浣花小区,https://cd.ke.com/xiaoqu/3011052273251/,中楼层(共6层),2000年建,3室2厅,84.03平米,南,34,1月前发布
2371,罗马国际1室0厅东东南,https://cd.ke.com/ershoufang/20020517710100120254.html,罗马国际,https://cd.ke.com/xiaoqu/1611059485993/,高楼层(共20层),2006年建,1室0厅,41.84平米,东东南,0,1月前发布
2372,21三期中间楼层南北通透朝中庭,https://cd.ke.com/ershoufang/20020517710100119524.html,二十一世纪花园三期,https://cd.ke.com/xiaoqu/1611043447758/,中楼层(共8层),2000年建,3室2厅,137.28平米,南,4,1月前发布
2373,荣盛花语城套二带大平台拎包入住,https://cd.ke.com/ershoufang/20020517710100114270.html,荣盛花语城,https://cd.ke.com/xiaoqu/1611063648395/,低楼层(共20层),2014年建,3室1厅,60.03平米,西,5,1月前发布
2374,欧韵金沙1室1厅南北,https://cd.ke.com/ershoufang/20020517710100114144.html,欧韵金沙,https://cd.ke.com/xiaoqu/1611049131458/,高楼层(共15层),2013年建,1室1厅,51.1平米,南北,1,1月前发布
2375,攀钢苑2室1厅南北,https://cd.ke.com/ershoufang/20020517710100108587.html,攀钢苑,https://cd.ke.com/xiaoqu/1611041880861/,低楼层(共7层),1995年建,2室1厅,55平米,南北,0,1月前发布
2376,碧华邻精装修套二大阳台对小区中庭随时看房,https://cd.ke.com/ershoufang/20020517710100103827.html,碧华邻,https://cd.ke.com/xiaoqu/1611041574805/,中楼层(共18层),2007年建,2室1厅,93.79平米,东,4,1月前发布
2377,满两年，精装修，视野开阔采光充足，配套设施齐全,https://cd.ke.com/ershoufang/20020517710100102023.html,中铁西子香荷,https://cd.ke.com/xiaoqu/1611041555455/,高楼层(共33层),2010年建,2室1厅,80.25平米,东南,1,1月前发布
2378,标准套一精装修户型方正,https://cd.ke.com/ershoufang/20020517710100100554.html,颐和京都,https://cd.ke.com/xiaoqu/1611041624486/,中楼层(共29层),2016年建,1室1厅,50平米,北,0,1月前发布
2379,保利香槟光华4室1厅南,https://cd.ke.com/ershoufang/20020417710100119259.html,保利香槟光华,https://cd.ke.com/xiaoqu/1611060968918/,低楼层(共21层),2014年建,4室1厅,118.71平米,南,8,1月前发布
2380,锦青苑3室1厅东南,https://cd.ke.com/ershoufang/20020417710100116023.html,锦青苑,https://cd.ke.com/xiaoqu/1611041923697/,中楼层(共7层),2000年建,3室1厅,113.9平米,东南,2,1月前发布
2381,标准套一中间楼层视野采光好装修好,https://cd.ke.com/ershoufang/20020417710100115878.html,尊城国际,https://cd.ke.com/xiaoqu/1611061067228/,高楼层(共36层),2012年建,1室1厅,68.36平米,西北,3,1月前发布
2382,一梯两户标准套三，有装修，看房预约。,https://cd.ke.com/ershoufang/20020417710100111525.html,东坡小区,https://cd.ke.com/xiaoqu/1611041785771/,中楼层(共7层),2000年建,3室2厅,87.68平米,南北,1,1月前发布
2383,小户型总价低采光好，视野开阔看房方便,https://cd.ke.com/ershoufang/20020417710100102676.html,时代凯悦,https://cd.ke.com/xiaoqu/1611058909990/,高楼层(共24层),2006年建,1室0厅,37.02平米,东南,0,1月前发布
2384,丽舍滨江2室1厅南北,https://cd.ke.com/ershoufang/20020317710100119016.html,丽舍滨江,https://cd.ke.com/xiaoqu/3011053921703/,中楼层(共10层),2006年建,2室1厅,79.84平米,南北,0,1月前发布
2385,江郊庭院3室2厅南,https://cd.ke.com/ershoufang/20020317710100118765.html,江郊庭院,https://cd.ke.com/xiaoqu/1611041616138/,高楼层(共11层),2006年建,3室2厅,121.08平米,南,2,1月前发布
2386,紫御熙庭2室1厅东南,https://cd.ke.com/ershoufang/20020317710100117878.html,紫御熙庭,https://cd.ke.com/xiaoqu/166991243915920/,低楼层(共21层),2016年建,2室1厅,70平米,东南,1,1月前发布
2387,太行朗诗金沙城新楼盘大套三出售,https://cd.ke.com/ershoufang/20020317710100115861.html,太行朗诗金沙城一期,https://cd.ke.com/xiaoqu/1620040330178226/,高楼层(共21层),2017年建,3室2厅,111.28平米,南北,0,1月前发布
2388,清溪雅筑标准套三位置好对中庭采光好，拎包入住！,https://cd.ke.com/ershoufang/20020317710100114477.html,清溪雅筑,https://cd.ke.com/xiaoqu/1611047819375/,中楼层(共18层),2012年建,3室1厅,89.33平米,南,10,1月前发布
2389,保利香槟光华2室1厅南,https://cd.ke.com/ershoufang/20020317710100113011.html,保利香槟光华,https://cd.ke.com/xiaoqu/1611060968918/,中楼层(共14层),2014年建,2室1厅,54平米,南,0,1月前发布
2390,水岸丽舍，跃层套二，有装修，看府河房东自住,https://cd.ke.com/ershoufang/20020317710100106494.html,水岸丽舍,https://cd.ke.com/xiaoqu/3011053797299/,中楼层(共15层),2003年建,2室1厅,100.75平米,南北,8,1月前发布
2391,蓝光coco金沙自住装满两年无增值税看房预约,https://cd.ke.com/ershoufang/20020317710100104515.html,蓝光COCO金沙三期,https://cd.ke.com/xiaoqu/1611050190095/,高楼层(共22层),2015年建,3室2厅,62.16平米,西南,16,1月前发布
2392,金沙海棠套二双卫对中庭精装修,https://cd.ke.com/ershoufang/20020317710100104440.html,金沙海棠,https://cd.ke.com/xiaoqu/1611041589970/,中楼层(共18层),2012年建,2室2厅,93.18平米,东,26,1月前发布
2393,蓝光套二，开发商装修，拎包入住,https://cd.ke.com/ershoufang/20020317710100102485.html,蓝光SOFA社区,https://cd.ke.com/xiaoqu/1611048335846/,中楼层(共20层),2011年建,2室2厅,71.26平米,西,0,1月前发布
2394,英国小镇套三出售，看房方便，提前联系！！！,https://cd.ke.com/ershoufang/20020317710100102027.html,英国小镇彩舞园,https://cd.ke.com/xiaoqu/3011053383532/,低楼层(共6层),2014年建,3室1厅,86.97平米,南,4,1月前发布
2395,府河边东南朝向精装套一无遮挡,https://cd.ke.com/ershoufang/20020317710100101678.html,时代天骄,https://cd.ke.com/xiaoqu/1611059246711/,高楼层(共28层),2003年建,1室1厅,54.57平米,东,6,1月前发布
2396,清溪南街20号低楼层套二总价低,https://cd.ke.com/ershoufang/20020317710100101322.html,清溪南街20号,https://cd.ke.com/xiaoqu/1611061102932/,中楼层(共7层),1997年建,2室1厅,50.61平米,西南,17,1月前发布
2397,瑞联路49号2室2厅东南,https://cd.ke.com/ershoufang/20020217710100107542.html,瑞联路49号,https://cd.ke.com/xiaoqu/1611043146035/,中楼层(共6层),1965年建,2室2厅,66.59平米,东南,0,1月前发布
2398,清水路苑，刚需套三，地铁口，万达旁边，户型方正,https://cd.ke.com/ershoufang/20020217710100106679.html,清水路苑,https://cd.ke.com/xiaoqu/1611057410255/,中楼层(共18层),2012年建,3室2厅,89平米,东北,0,1月前发布
2399,青羊中坝地铁500米精装对中庭客厅带阳台大套二出售,https://cd.ke.com/ershoufang/20020217710100102438.html,金阳易诚国际,https://cd.ke.com/xiaoqu/1611043100741/,中楼层(共22层),2010年建,2室2厅,79.12平米,北,15,1月前发布
2400,多层套一，带装修，户型方正，满2年，交通比较方便。,https://cd.ke.com/ershoufang/20020117710100107227.html,蔚蓝天地一期,https://cd.ke.com/xiaoqu/1611043046327/,高楼层(共7层),2002年建,1室1厅,56.05平米,西,7,1月前发布
2401,此房为恒大翡翠华庭套二户型，采光好，视野开阔,https://cd.ke.com/ershoufang/20020117710100106579.html,恒大翡翠华庭,https://cd.ke.com/xiaoqu/1611063212342/,高楼层(共22层),2017年建,2室1厅,78平米,西,0,1月前发布
2402,罗马国际精装修标间不临街保养良好,https://cd.ke.com/ershoufang/20020117710100103529.html,罗马国际,https://cd.ke.com/xiaoqu/1611059485993/,中楼层(共20层),2006年建,1室0厅,41.82平米,南,2,1月前发布
2403,外光华精装套三中间楼层精装修拎包入住,https://cd.ke.com/ershoufang/20020117710100103444.html,清溪雅筑,https://cd.ke.com/xiaoqu/1611047819375/,低楼层(共18层)3室2厅,90.12平米,南,,,31,1月前发布
2404,"贝森宜苑,中间楼层，户型方正，采光好",https://cd.ke.com/ershoufang/20020117710100103086.html,贝森宜苑,https://cd.ke.com/xiaoqu/1611041813901/,中楼层(共8层),2000年建,3室1厅,79.18平米,东,7,1月前发布
2405,天邑花园正中位置前后不临街高层电梯2室2厅,https://cd.ke.com/ershoufang/20020117710100101370.html,天邑花园,https://cd.ke.com/xiaoqu/1611041583927/,中楼层(共11层),2008年建,2室2厅,96.39平米,西南,4,1月前发布
2406,蓝光coco金沙三期自住装修带家具家电换房出售,https://cd.ke.com/ershoufang/20013117710100107560.html,蓝光COCO金沙三期,https://cd.ke.com/xiaoqu/1611050190095/,中楼层(共23层),2015年建,3室2厅,76.39平米,南,2,1月前发布
2407,中铁西城东苑3室2厅东南南,https://cd.ke.com/ershoufang/20013117710100106831.html,中铁西城东苑,https://cd.ke.com/xiaoqu/1611047975132/,中楼层(共18层),2012年建,3室2厅,115平米,东南南,2,1月前发布
2408,蓝光COCO金沙三期2室1厅东南,https://cd.ke.com/ershoufang/20013117710100106499.html,蓝光COCO金沙三期,https://cd.ke.com/xiaoqu/1611050190095/,中楼层(共22层),2015年建,2室1厅,62.08平米,东南,15,1月前发布
2409,府河内套三+户型方正+小区环境好适合居家,https://cd.ke.com/ershoufang/20013117710100105530.html,盛世年华,https://cd.ke.com/xiaoqu/1611059034804/,高楼层(共17层),2006年建,3室2厅,103.5平米,西,28,1月前发布
2410,颐和京都3室2厅北南,https://cd.ke.com/ershoufang/20013117710100104988.html,颐和京都,https://cd.ke.com/xiaoqu/1611041624486/,高楼层(共24层),2012年建,3室2厅,97.63平米,北南,1,1月前发布
2411,青羊区低总价套一采光视野无遮挡,https://cd.ke.com/ershoufang/20013117710100104651.html,南桥视窗,https://cd.ke.com/xiaoqu/3011053926395/,低楼层(共19层),2006年建,1室0厅,40.49平米,东,1,1月前发布
2412,套三双卫精装自住保养好户型方正明厨明卫对中庭,https://cd.ke.com/ershoufang/20013117710100101420.html,佳兆业广场,https://cd.ke.com/xiaoqu/166988596260316/,低楼层(共15层),2016年建,3室2厅,92.47平米,北,26,1月前发布
2413,尊城国际小区+标准套一+视野好,https://cd.ke.com/ershoufang/20013017710100103066.html,尊城国际,https://cd.ke.com/xiaoqu/1611061067228/,中楼层(共36层),2012年建,1室1厅,52.48平米,西北,26,1月前发布
2414,该房为标间户型带生活阳台水电气三通采光不错,https://cd.ke.com/ershoufang/20013017710100102261.html,时代印象,https://cd.ke.com/xiaoqu/1611058978088/,低楼层(共14层),2005年建,1室0厅,50.17平米,西,0,1月前发布
2415,青羊区成都西站清水路苑大套三,https://cd.ke.com/ershoufang/20013017710100100580.html,清水路苑,https://cd.ke.com/xiaoqu/1611057410255/,高楼层(共18层),2012年建,3室2厅,127.65平米,南,3,1月前发布
2416,房子标准套一户型，双阳台；对小区中庭,https://cd.ke.com/ershoufang/20012917710100102878.html,心愿花园二期,https://cd.ke.com/xiaoqu/1620029791519720/,低楼层(共11层)1室1厅,47.17平米,南,,,0,1月前发布
2417,套三，户型方正前后不临街，安静采光好，适合一家人,https://cd.ke.com/ershoufang/20012917710100101128.html,东坡小区,https://cd.ke.com/xiaoqu/1611041785771/,中楼层(共7层),2000年建,3室2厅,83.4平米,东,12,1月前发布
2418,骡马市标准套一不临街视野无遮挡,https://cd.ke.com/ershoufang/20012617710100100955.html,SG珊顿道,https://cd.ke.com/xiaoqu/1611063132045/,高楼层(共41层),2016年建,1室1厅,61平米,西,6,1月前发布
2419,地铁口套二，户型方正，采光好，交通方便,https://cd.ke.com/ershoufang/20012417710100101744.html,清水路苑,https://cd.ke.com/xiaoqu/1611057410255/,低楼层(共18层),2012年建,2室2厅,83平米,西,0,1月前发布
2420,长顺下街东马棚套二出售，南北朝向采光好,https://cd.ke.com/ershoufang/20012217710100103695.html,东马棚街16号,https://cd.ke.com/xiaoqu/3011055749933/,高楼层(共6层),1995年建,3室1厅,72.58平米,东,6,1月前发布
2421,精装套一，楼层适中，采光极好，诚心出售,https://cd.ke.com/ershoufang/20012217710100101770.html,荣盛花语城,https://cd.ke.com/xiaoqu/1611063648395/,中楼层(共20层),2014年建,1室1厅,44.62平米,东南,0,1月前发布
2422,海亮樾金沙3室1厅南,https://cd.ke.com/ershoufang/20012117710100108047.html,海亮樾金沙,https://cd.ke.com/xiaoqu/1611062687250/,高楼层(共18层),2016年建,3室1厅,87.53平米,南,6,1月前发布
2423,保利套二不临街装修好,https://cd.ke.com/ershoufang/20012117710100105666.html,保利香槟光华,https://cd.ke.com/xiaoqu/1611060968918/,中楼层(共14层),2014年建,2室1厅,53.58平米,东,0,1月前发布
2424,海亮爱金沙、2016年新小区、精装套二,https://cd.ke.com/ershoufang/20012117710100100167.html,海亮爱金沙,https://cd.ke.com/xiaoqu/166967782812885/,高楼层(共23层),2016年建,2室1厅,58.38平米,东南,1,1月前发布
2425,青羊区八宝街精装电梯，标准套二拎包入住,https://cd.ke.com/ershoufang/20012017710100121921.html,天越,https://cd.ke.com/xiaoqu/1611100689756/,低楼层(共31层),2016年建,2室1厅,86.62平米,东南,2,1月前发布
2426,户型方正客厅阳台不临街对中庭带车位家具家电,https://cd.ke.com/ershoufang/20012017710100118620.html,金地嘉年华城A区,https://cd.ke.com/xiaoqu/1611047923266/,低楼层(共18层),2010年建,3室2厅,124.27平米,西南,1,1月前发布
2427,上城生活馆2室2厅西,https://cd.ke.com/ershoufang/20012017710100115314.html,上城生活馆,https://cd.ke.com/xiaoqu/1611041805848/,高楼层(共11层),2004年建,2室2厅,88.54平米,西,2,1月前发布
2428,财大旁优质套三有钥匙随时可看,https://cd.ke.com/ershoufang/20012017710100113566.html,群康路40号,https://cd.ke.com/xiaoqu/1611041881607/,高楼层(共7层),2002年建,3室2厅,70平米,东南,0,1月前发布
2429,战旗东路6号3室1厅东,https://cd.ke.com/ershoufang/20012017710100112430.html,战旗东路6号,https://cd.ke.com/xiaoqu/1611061072401/,高楼层(共7层),2001年建,3室1厅,70.8平米,东,2,1月前发布
2430,王家塘巷9号3室2厅西南,https://cd.ke.com/ershoufang/20012017710100111394.html,王家塘巷9号,https://cd.ke.com/xiaoqu/1611062683404/,中楼层(共7层)3室2厅,79.17平米,西南,,,22,1月前发布
2431,过街楼街，小户型，低楼层，标准套一房源出售,https://cd.ke.com/ershoufang/20012017710100110696.html,过街楼街115号,https://cd.ke.com/xiaoqu/1620022436801662/,低楼层(共7层),1990年建,1室1厅,44.55平米,南,3,1月前发布
2432,套三双卫，方正通透，一般装修，无遮挡，采光优良。,https://cd.ke.com/ershoufang/20012017710100110568.html,金沙园三期,https://cd.ke.com/xiaoqu/1611043466808/,中楼层(共6层),2004年建,3室2厅,119.27平米,东南,21,1月前发布
2433,置信玉园清水湾标准套三对中庭,https://cd.ke.com/ershoufang/20012017710100107313.html,置信清水湾,https://cd.ke.com/xiaoqu/1611041605623/,高楼层(共26层),2010年建,3室1厅,89平米,西,3,1月前发布
2434,置信玉园清水湾负一楼标准车位,https://cd.ke.com/ershoufang/20012017710100106343.html,置信清水湾,https://cd.ke.com/xiaoqu/1611041605623/,地下室(共层)1室0厅,30.28平米,东,,,0,1月前发布
2435,西站地铁口小套三位置好对中庭中间楼层,https://cd.ke.com/ershoufang/20012017710100105076.html,清水路苑,https://cd.ke.com/xiaoqu/1611057410255/,中楼层(共18层),2012年建,3室2厅,89平米,北,22,1月前发布
2436,浣花香草堂电梯房地铁口交通便利生活方便,https://cd.ke.com/ershoufang/20012017710100103190.html,浣花香,https://cd.ke.com/xiaoqu/1611058718107/,高楼层(共28层),2013年建,3室1厅,153平米,南,18,1月前发布
2437,锦红苑2室1厅南,https://cd.ke.com/ershoufang/20012017710100101876.html,锦红苑,https://cd.ke.com/xiaoqu/1611043040840/,低楼层(共7层),2001年建,2室1厅,71平米,南,5,1月前发布
2438,清水河景房，朝南视野巴适交通方便，配套成熟,https://cd.ke.com/ershoufang/20012017710100101022.html,清水路苑,https://cd.ke.com/xiaoqu/1611057410255/,中楼层(共18层),2012年建,2室1厅,89平米,南,0,1月前发布
2439,中铁西子香荷2室1厅北,https://cd.ke.com/ershoufang/20011917710100138991.html,中铁西子香荷,https://cd.ke.com/xiaoqu/1611041555455/,中楼层(共32层),2010年建,2室1厅,88.64平米,北,1,1月前发布
2440,精装套二，户型方正，客厅带阳台，交通便利,https://cd.ke.com/ershoufang/20011917710100134355.html,幸福里,https://cd.ke.com/xiaoqu/1620024832810187/,中楼层(共10层),2009年建,2室2厅,84.5平米,南,5,1月前发布
2441,青龙巷21号2室2厅南,https://cd.ke.com/ershoufang/20011917710100133365.html,青龙巷21号,https://cd.ke.com/xiaoqu/1620025052073804/,中楼层(共6层)2室2厅,78.88平米,南,,,0,1月前发布
2442,金沙鹭岛二期套四双卫带入户，不临街,https://cd.ke.com/ershoufang/20011917710100133063.html,金沙鹭岛二期,https://cd.ke.com/xiaoqu/1611043176321/,中楼层(共26层),2012年建,4室2厅,148.72平米,东南,5,1月前发布
2443,铸信境界3室1厅东,https://cd.ke.com/ershoufang/20011917710100132178.html,铸信境界,https://cd.ke.com/xiaoqu/1611041556151/,高楼层(共27层),2009年建,3室1厅,89.66平米,东,1,1月前发布
2444,龙景花园3室2厅南北,https://cd.ke.com/ershoufang/20011917710100130518.html,龙景花园,https://cd.ke.com/xiaoqu/1611041622018/,低楼层(共5层),2006年建,3室2厅,134.5平米,南北,0,1月前发布
2445,二十一世纪花园楼顶带私人花园，大户型套四,https://cd.ke.com/ershoufang/20011917710100128923.html,二十一世纪花园二期,https://cd.ke.com/xiaoqu/1611042007454/,高楼层(共8层),2003年建,4室2厅,139.6平米,南,7,1月前发布
2446,中坝站百平精装大套二带60平露台品牌家电拎包入住,https://cd.ke.com/ershoufang/20011917710100127910.html,元益花园,https://cd.ke.com/xiaoqu/1611043140046/,低楼层(共21层),2014年建,2室2厅,82.71平米,东,7,1月前发布
2447,万科金色领域标准套一出售，欢迎多多带看,https://cd.ke.com/ershoufang/20011917710100128083.html,万科金色领域,https://cd.ke.com/xiaoqu/1611044699628/,高楼层(共21层),2012年建,1室1厅,48.41平米,东,0,1月前发布
2448,羊市巷，不临街户型方正预约可看房，生活便利！,https://cd.ke.com/ershoufang/20011917710100127898.html,羊市巷29号,https://cd.ke.com/xiaoqu/1620025025857292/,低楼层(共6层)2室2厅,78.48平米,南东北,,,6,1月前发布
2449,此房朝东南，清水房，小区配套成熟,https://cd.ke.com/ershoufang/20011917710100126181.html,盛世草堂,https://cd.ke.com/xiaoqu/3011056043172/,低楼层(共21层),2008年建,3室2厅,113.97平米,南,7,1月前发布
2450,王家塘街老小区一楼带花园小区干净,https://cd.ke.com/ershoufang/20011917710100124718.html,王家塘街93号,https://cd.ke.com/xiaoqu/1611063738025/,低楼层(共7层),2000年建,3室1厅,91.38平米,西,54,1月前发布
2451,内姜街70号2室1厅东,https://cd.ke.com/ershoufang/20011917710100122384.html,内姜街70号,https://cd.ke.com/xiaoqu/3011053792393/,高楼层(共8层),1990年建,2室1厅,60.5平米,东,2,1月前发布
2452,天越2室1厅西北,https://cd.ke.com/ershoufang/20011917710100114070.html,天越,https://cd.ke.com/xiaoqu/1611100689756/,中楼层(共31层),2016年建,2室1厅,86.62平米,西北,2,1月前发布
2453,锦城华府标准套二视野良好.,https://cd.ke.com/ershoufang/20011917710100111732.html,锦城华府,https://cd.ke.com/xiaoqu/1611061163424/,中楼层(共32层),2015年建,3室1厅,81.5平米,东,6,1月前发布
2454,大庆路97号二楼，精装套二，双地铁，配套完善。,https://cd.ke.com/ershoufang/20011917710100111482.html,大庆路97号,https://cd.ke.com/xiaoqu/3011056011829/,低楼层(共7层),1999年建,2室1厅,71.97平米,东南,8,1月前发布
2455,清江雅居精装修，标准套三，中间楼层,https://cd.ke.com/ershoufang/20011917710100109661.html,清江雅居,https://cd.ke.com/xiaoqu/3011055587888/,高楼层(共15层),2009年建,3室1厅,108.5平米,东南,10,1月前发布
2456,是精装户型方正采光好，，，，，，,https://cd.ke.com/ershoufang/20011917710100105539.html,成都青羊万达广场,https://cd.ke.com/xiaoqu/1611100040029/,中楼层(共20层)1室1厅,35平米,东,,,1,1月前发布
2457,时代尊城1室0厅南,https://cd.ke.com/ershoufang/20011917710100104869.html,时代尊城,https://cd.ke.com/xiaoqu/1611041601162/,地下室(共层)1室0厅,30.27平米,南,,,0,1月前发布
2458,石人公园旁，中间楼层，标准套一，交通便利,https://cd.ke.com/ershoufang/20011917710100102253.html,石人西路28号,https://cd.ke.com/xiaoqu/3011052386802/,中楼层(共7层),1995年建,1室1厅,46.13平米,南,4,1月前发布
2459,光华碧邻3室2厅东,https://cd.ke.com/ershoufang/20011917710100102122.html,光华碧邻,https://cd.ke.com/xiaoqu/1611047773909/,低楼层(共20层),2013年建,3室2厅,92.8平米,东,2,1月前发布
2460,地理位置好，面积小，总价低，满两年，权属干净,https://cd.ke.com/ershoufang/20011817710100141679.html,仁厚街38号,https://cd.ke.com/xiaoqu/1611061558346/,高楼层(共7层)2室1厅,51.7平米,南,,,5,1月前发布
2461,青羊贝森准次新房套二中庭150万,https://cd.ke.com/ershoufang/20011817710100140630.html,蓝光COCO蜜城,https://cd.ke.com/xiaoqu/1611047132714/,低楼层(共31层),2014年建,2室1厅,68平米,东,2,1月前发布
2462,中大君悦金沙四期两室两厅带阳台中庭,https://cd.ke.com/ershoufang/20011817710100139846.html,中大君悦金沙四期,https://cd.ke.com/xiaoqu/1611043863582/,高楼层(共24层),2011年建,2室2厅,83.05平米,东,0,1月前发布
2463,青羊区万寿四路标准套一清水房,https://cd.ke.com/ershoufang/20011817710100137328.html,美苑(青羊),https://cd.ke.com/xiaoqu/1611043104297/,中楼层(共11层),2000年建,1室1厅,48.18平米,东南,7,1月前发布
2464,本小区是2010年建成交房的电梯房，总共4栋。采光充足,https://cd.ke.com/ershoufang/20011817710100136585.html,置信清水湾,https://cd.ke.com/xiaoqu/1611041605623/,中楼层(共26层),2010年建,1室1厅,33.77平米,南,0,1月前发布
2465,实业街旁正规套三明厨明卫,https://cd.ke.com/ershoufang/20011817710100134425.html,商业街50号,https://cd.ke.com/xiaoqu/1611060952491/,高楼层(共5层),2000年建,3室2厅,107.23平米,西,13,1月前发布
2466,人民公园旁标标准套二房屋无按揭,https://cd.ke.com/ershoufang/20011817710100133575.html,文庙西街6号,https://cd.ke.com/xiaoqu/3011053919207/,高楼层(共7层),1996年建,2室1厅,65.39平米,东,2,1月前发布
2467,套三户型好，房东诚心出售，价格实惠,https://cd.ke.com/ershoufang/20011817710100133082.html,元益花园,https://cd.ke.com/xiaoqu/1611043140046/,低楼层(共21层),2014年建,2室1厅,86.7平米,北,11,1月前发布
2468,此房满两年，中间楼层对中庭，地中海风格房东诚心售,https://cd.ke.com/ershoufang/20011817710100130739.html,西城尚锦,https://cd.ke.com/xiaoqu/1611099451061/,中楼层(共20层),2015年建,3室1厅,86.91平米,西北,15,1月前发布
2469,外光华品质小区凯德风尚套二朝西视野好,https://cd.ke.com/ershoufang/20011817710100130481.html,凯德风尚,https://cd.ke.com/xiaoqu/1611043174238/,中楼层(共19层),2012年建,2室1厅,78.03平米,西,3,1月前发布
2470,客厅带阳台，金沙繁华区域，可拎包入住。,https://cd.ke.com/ershoufang/20011817710100129829.html,听城,https://cd.ke.com/xiaoqu/1611041809534/,中楼层(共25层),2009年建,2室2厅,84平米,东南,1,1月前发布
2471,元益花园1室1厅东,https://cd.ke.com/ershoufang/20011817710100129122.html,元益花园,https://cd.ke.com/xiaoqu/1611043140046/,低楼层(共21层),2014年建,1室1厅,40.91平米,东,1,1月前发布
2472,红墙国际1室0厅东南,https://cd.ke.com/ershoufang/20011817710100127539.html,红墙国际,https://cd.ke.com/xiaoqu/1611059316236/,地下室(共层)1室0厅,44.37平米,东南,,,0,1月前发布
2473,长虹和悦府精装套二拎包入住,https://cd.ke.com/ershoufang/20011817710100126680.html,长虹和悦府,https://cd.ke.com/xiaoqu/1611063890469/,低楼层(共20层),2015年建,2室1厅,62.18平米,北,5,1月前发布
2474,冠城花园二期3室2厅南,https://cd.ke.com/ershoufang/20011817710100125932.html,冠城花园二期,https://cd.ke.com/xiaoqu/1611060142239/,中楼层(共19层),2002年建,3室2厅,148.98平米,南,5,1月前发布
2475,东原时光道标准套三有装修户型方正正对中庭,https://cd.ke.com/ershoufang/20011817710100123731.html,东原时光道,https://cd.ke.com/xiaoqu/1611063210428/,中楼层(共22层),2016年建,3室2厅,89.53平米,东,0,1月前发布
2476,成都市青羊区小户型85万元，先到先得,https://cd.ke.com/ershoufang/20011817710100121118.html,四道街1号,https://cd.ke.com/xiaoqu/1611100284194/,高楼层(共7层),1992年建,1室1厅,42平米,东南,2,1月前发布
2477,印象金沙3室1厅东南,https://cd.ke.com/ershoufang/20011817710100120229.html,印象金沙,https://cd.ke.com/xiaoqu/1611041601731/,中楼层(共11层),2007年建,3室1厅,103.6平米,东南,71,1月前发布
2478,将军街单位房负公摊天府广场人民公园双地铁站交通便利,https://cd.ke.com/ershoufang/20011817710100119469.html,将军街7号,https://cd.ke.com/xiaoqu/3011055556993/,高楼层(共6层),2002年建,3室1厅,74.23平米,西南,21,1月前发布
2479,青羊区，一环内，低楼层，套二带花园,https://cd.ke.com/ershoufang/20011817710100117988.html,四川省社会科学院,https://cd.ke.com/xiaoqu/1611061604116/,低楼层(共5层),1996年建,2室1厅,52.61平米,南,46,1月前发布
2480,心灵家园简装套二对中庭采光好视野好户型方正,https://cd.ke.com/ershoufang/20011817710100113112.html,心灵家园,https://cd.ke.com/xiaoqu/1611047974363/,中楼层(共20层),2013年建,2室1厅,91.16平米,西,1,1月前发布
2481,二十一世纪花园三期超大内跃双平台,https://cd.ke.com/ershoufang/20011817710100110739.html,二十一世纪花园三期,https://cd.ke.com/xiaoqu/1611043447758/,高楼层(共7层),2003年建,5室2厅,237.67平米,南,10,1月前发布
2482,青羊区，八宝街，方正套二，采光好。,https://cd.ke.com/ershoufang/20011817710100106620.html,东马棚街18号,https://cd.ke.com/xiaoqu/3011055750376/,高楼层(共6层),1989年建,2室2厅,70.14平米,东南,13,1月前发布
2483,万科装修套三南北向基本没有入住,https://cd.ke.com/ershoufang/20011817710100105841.html,万科金色领域,https://cd.ke.com/xiaoqu/1611044699628/,高楼层(共24层),2012年建,3室2厅,89平米,南,7,1月前发布
2484,青羊区清河阳光临河套二户型方正,https://cd.ke.com/ershoufang/20011817710100104653.html,清河阳光,https://cd.ke.com/xiaoqu/1611043168201/,中楼层(共18层),2010年建,2室1厅,89.37平米,东南,18,1月前发布
2485,玉泉街24号3室1厅南北,https://cd.ke.com/ershoufang/20011717710100180076.html,玉泉街24号,https://cd.ke.com/xiaoqu/1611063170580/,低楼层(共7层),1992年建,3室1厅,72.98平米,南北,0,1月前发布
2486,佳兆业广场3室1厅东北,https://cd.ke.com/ershoufang/20011717710100164249.html,佳兆业广场,https://cd.ke.com/xiaoqu/166988596260316/,中楼层(共15层),2016年建,3室1厅,89.6平米,东北,101,1月前发布
2487,优质房源！*套！错过就没有了！还在犹豫吗？,https://cd.ke.com/ershoufang/20011717710100161690.html,双玺,https://cd.ke.com/xiaoqu/1611041609498/,高楼层(共18层),2011年建,2室1厅,48.2平米,北,1,1月前发布
2488,精装修城管局宿舍+中间楼层看房联系维护人,https://cd.ke.com/ershoufang/20011717710100161121.html,科联街5号,https://cd.ke.com/xiaoqu/1611041820431/,中楼层(共5层),2000年建,2室1厅,89.56平米,东南,3,1月前发布
2489,此房无按揭无抵押，高楼层采光好。,https://cd.ke.com/ershoufang/20011717710100160243.html,福华新起点,https://cd.ke.com/xiaoqu/1611061227213/,高楼层(共15层),2004年建,1室1厅,48.18平米,西北,17,1月前发布
2490,清水套三，带车位，采光好，带大阳台,https://cd.ke.com/ershoufang/20011717710100160017.html,光华欣苑,https://cd.ke.com/xiaoqu/1612880413207629/,中楼层(共20层)3室1厅,108平米,南,,,4,1月前发布
2491,大地新光华广场2室1厅东北,https://cd.ke.com/ershoufang/20011717710100159879.html,大地新光华广场,https://cd.ke.com/xiaoqu/1611043937297/,中楼层(共15层),2000年建,2室1厅,82.71平米,东北,1,1月前发布
2492,金沙遗址地铁口锦翠苑套二，中楼层，低价急售,https://cd.ke.com/ershoufang/20011717710100157991.html,锦翠苑,https://cd.ke.com/xiaoqu/1611041819720/,中楼层(共7层),2000年建,2室2厅,86.38平米,西北,129,1月前发布
2493,此房户型通透，采光、通风好，精装修保养好,https://cd.ke.com/ershoufang/20011717710100155937.html,华润金悦湾,https://cd.ke.com/xiaoqu/1611047602684/,低楼层(共22层),2014年建,4室2厅,249平米,东南,3,1月前发布
2494,1927-1928两间标准套一，单独出售55万,https://cd.ke.com/ershoufang/20011717710100154577.html,万科金色领域,https://cd.ke.com/xiaoqu/1611044699628/,高楼层(共21层),2012年建,1室1厅,48平米,东,0,1月前发布
2495,四号线非遗地铁口精装套二,https://cd.ke.com/ershoufang/20011717710100153844.html,佳兆业广场,https://cd.ke.com/xiaoqu/166988596260316/,高楼层(共15层),2016年建,2室1厅,68.18平米,南,19,1月前发布
2496,1927和1928两间标准套一，单独出售55万一套,https://cd.ke.com/ershoufang/20011717710100153789.html,万科金色领域,https://cd.ke.com/xiaoqu/1611044699628/,高楼层(共21层),2012年建,1室1厅,48平米,东,0,1月前发布
2497,万科金色领域1室1厅南,https://cd.ke.com/ershoufang/20011717710100153519.html,万科金色领域,https://cd.ke.com/xiaoqu/1611044699628/,中楼层(共21层),2012年建,1室1厅,46.63平米,南,0,1月前发布
2498,草市街出入方便，小套三，客厅采光不错，生活便利,https://cd.ke.com/ershoufang/20011717710100149883.html,红庙子街69号,https://cd.ke.com/xiaoqu/1620021881940866/,高楼层(共7层),2000年建,3室1厅,61平米,东南,10,1月前发布
2499,鼓楼北三街80号2室1厅南,https://cd.ke.com/ershoufang/20011717710100149022.html,鼓楼北三街80号,https://cd.ke.com/xiaoqu/1611063216822/,高楼层(共7层)2室1厅,50平米,南,,,0,1月前发布
2500,标准套三小区环境好可停车交通便利,https://cd.ke.com/ershoufang/20011717710100148922.html,东门街60号,https://cd.ke.com/xiaoqu/3011055751575/,中楼层(共6层),1995年建,3室1厅,102.15平米,西南,7,1月前发布
2501,产权车位，产权清晰，停车方便，业主随时可签约。,https://cd.ke.com/ershoufang/20011717710100147468.html,时代尊城,https://cd.ke.com/xiaoqu/1611041601162/,地下室(共1层),2007年建,1室0厅,30平米,南,0,1月前发布
2502,顶楼带花园户型方正安静看房子方便,https://cd.ke.com/ershoufang/20011717710100136557.html,中华家园东区,https://cd.ke.com/xiaoqu/1611041590997/,高楼层(共6层),2005年建,4室2厅,154.72平米,南,4,1月前发布
2503,标准套一，楼层好，交通方便，生活方便,https://cd.ke.com/ershoufang/20011717710100119794.html,成勘院,https://cd.ke.com/xiaoqu/1611058694818/,高楼层(共5层),2000年建,1室1厅,46.4平米,南,2,1月前发布
2504,天祥广场，精装修有地暖，带车位出售,https://cd.ke.com/ershoufang/20011717710100117951.html,天祥广场,https://cd.ke.com/xiaoqu/1611064015516/,低楼层(共27层),2013年建,3室1厅,86.97平米,南,3,1月前发布
2505,2014次新房，标准套二，采光效果良好。,https://cd.ke.com/ershoufang/20011717710100117048.html,汇厦少城琴台府,https://cd.ke.com/xiaoqu/1611061160243/,低楼层(共33层),2014年建,2室1厅,65.1平米,南,12,1月前发布
2506,时代尊城洋房，一跃二带地下室，有装修，带花园。,https://cd.ke.com/ershoufang/20011717710100113159.html,时代尊城,https://cd.ke.com/xiaoqu/1611041601162/,低楼层(共3层),2007年建,4室2厅,283.17平米,南,7,1月前发布
2507,中大君悦金沙四期1室0厅东北,https://cd.ke.com/ershoufang/20011717710100112879.html,中大君悦金沙四期,https://cd.ke.com/xiaoqu/1611043863582/,地下室(共1层),2010年建,1室0厅,33.9平米,东北,0,1月前发布
2508,时代尊城顶跃精装修套四三卫，一梯两户，朝南,https://cd.ke.com/ershoufang/20011717710100108740.html,时代尊城,https://cd.ke.com/xiaoqu/1611041601162/,高楼层(共11层),2007年建,4室2厅,217平米,南,50,1月前发布
2509,瑞通凯域大套三，带装修，配套完善。,https://cd.ke.com/ershoufang/20011717710100107438.html,瑞通凯域,https://cd.ke.com/xiaoqu/1611041581830/,低楼层(共11层),2006年建,3室1厅,120.55平米,北,20,1月前发布
2510,精装修电梯套二河景房时代天骄,https://cd.ke.com/ershoufang/20011717710100101311.html,时代天骄,https://cd.ke.com/xiaoqu/1611059246711/,高楼层(共28层),2003年建,2室1厅,73.83平米,东北,172,1月前发布
2511,石人公园旁精装修套二低楼层户型方正采光好,https://cd.ke.com/ershoufang/20011617710100508913.html,石人正街21号,https://cd.ke.com/xiaoqu/3011056039653/,中楼层(共7层),1997年建,2室1厅,59.87平米,东南,3,1月前发布
2512,精装套二出售户型方正精装修对中庭,https://cd.ke.com/ershoufang/20011617710100508732.html,清江美庐,https://cd.ke.com/xiaoqu/3011053205090/,低楼层(共14层)2室1厅,60平米,南,,,1,1月前发布
2513,草堂北路6号2室1厅西东,https://cd.ke.com/ershoufang/20011617710100422771.html,草堂北路6号,https://cd.ke.com/xiaoqu/3011056049176/,中楼层(共7层),2000年建,2室1厅,88.65平米,西东,6,1月前发布
2514,浣花溪-锦里苑临河3室2厅出售,https://cd.ke.com/ershoufang/20011617710100506492.html,锦里苑,https://cd.ke.com/xiaoqu/1611042818900/,中楼层(共7层),1998年建,3室2厅,147.85平米,南,8,1月前发布
2515,战旗东路6号2室1厅西南,https://cd.ke.com/ershoufang/20011617710100420042.html,战旗东路6号,https://cd.ke.com/xiaoqu/1611061072401/,中楼层(共7层),2001年建,2室1厅,62.75平米,西南,1,1月前发布
2516,生活立方标准套二，户型方正，诚心出售。,https://cd.ke.com/ershoufang/20011617710100505167.html,生活立方,https://cd.ke.com/xiaoqu/1611041806081/,高楼层(共11层),2003年建,2室1厅,72.31平米,东,15,1月前发布
2517,一环内，府南河边，十九冶大厦套二,https://cd.ke.com/ershoufang/20011617710100209519.html,中冶十九大厦,https://cd.ke.com/xiaoqu/1611060760844/,中楼层(共20层),2008年建,2室1厅,60.16平米,西南,0,1月前发布
2518,二十一世纪花园二期正规居家套一,https://cd.ke.com/ershoufang/20011617710100415742.html,二十一世纪花园二期,https://cd.ke.com/xiaoqu/1611042007454/,中楼层(共4层),2003年建,1室1厅,53.8平米,南,9,1月前发布
2519,春天花园精装套三位置安静不临街,https://cd.ke.com/ershoufang/20011617710100304562.html,春天花园,https://cd.ke.com/xiaoqu/1611043087716/,低楼层(共4层),2002年建,3室2厅,135.21平米,南,8,1月前发布
2520,保利金香槟3室2厅东北,https://cd.ke.com/ershoufang/20011617710100409922.html,保利金香槟,https://cd.ke.com/xiaoqu/1611043451443/,中楼层(共18层),2012年建,3室2厅,113.26平米,东北,0,1月前发布
2521,牧电路12号，中间楼层，户型好，采光好,https://cd.ke.com/ershoufang/20011617710100207857.html,牧电路12号,https://cd.ke.com/xiaoqu/3011056038233/,中楼层(共7层),1996年建,3室2厅,75.68平米,东北,0,1月前发布
2522,次新小区，精装套三，拎包入住，保养好,https://cd.ke.com/ershoufang/20011617710100207583.html,西城尚锦,https://cd.ke.com/xiaoqu/1611099451061/,低楼层(共20层),2015年建,3室1厅,77平米,西南,68,1月前发布
2523,不可错过之绝世好房，精装套二，产权清晰，看房方便,https://cd.ke.com/ershoufang/20011617710100407229.html,中铁西子香荷,https://cd.ke.com/xiaoqu/1611041555455/,低楼层(共33层),2010年建,2室2厅,85.29平米,东,31,1月前发布
2524,翠微清波A区2室1厅东南,https://cd.ke.com/ershoufang/20011617710100118677.html,翠微清波A区,https://cd.ke.com/xiaoqu/1611041602744/,低楼层(共18层),2008年建,2室1厅,89.08平米,东南,1,1月前发布
2525,光华碧邻2室2厅南,https://cd.ke.com/ershoufang/20011617710100117726.html,光华碧邻,https://cd.ke.com/xiaoqu/1611047773909/,高楼层(共21层),2013年建,2室2厅,75.11平米,南,14,1月前发布
2526,鸿运之星1室1厅西南,https://cd.ke.com/ershoufang/20011617710100116472.html,鸿运之星,https://cd.ke.com/xiaoqu/1611041557702/,高楼层(共16层),2009年建,1室1厅,34.57平米,西南,6,1月前发布
2527,光华碧邻1室1厅北,https://cd.ke.com/ershoufang/20011617710100111510.html,光华碧邻,https://cd.ke.com/xiaoqu/1611047773909/,中楼层(共20层),2013年建,1室1厅,49.01平米,北,1,1月前发布
2528,地铁口精装套二，拎包入住，户型方正，此房采光好,https://cd.ke.com/ershoufang/20011617710100110793.html,佳兆业广场,https://cd.ke.com/xiaoqu/166988596260316/,中楼层(共15层),2016年建,2室1厅,67平米,南,0,1月前发布
2529,tt尚品3室2厅南,https://cd.ke.com/ershoufang/20011617710100106389.html,tt尚品,https://cd.ke.com/xiaoqu/1611041574587/,高楼层(共18层),2007年建,3室2厅,105.85平米,南,36,1月前发布
2530,中大君悦金沙六期2室2厅南北,https://cd.ke.com/ershoufang/20011617710100106257.html,中大君悦金沙六期,https://cd.ke.com/xiaoqu/1611044922776/,高楼层(共23层),2012年建,2室2厅,89.97平米,南北,16,1月前发布
2531,中坝光华碧邻精装套二带阳台可做小套三诚心出售,https://cd.ke.com/ershoufang/20011617710100103598.html,光华碧邻,https://cd.ke.com/xiaoqu/1611047773909/,高楼层(共22层),2013年建,2室1厅,89.15平米,东北,7,1月前发布
2532,齐力花园顶楼跃层套五三卫带花园,https://cd.ke.com/ershoufang/20011617710100102717.html,齐力花园,https://cd.ke.com/xiaoqu/1611041739029/,高楼层(共6层),2002年建,5室2厅,230平米,北,4,1月前发布
2533,"碧华邻标准套三双卫,户型通透方正，客厅带阳台",https://cd.ke.com/ershoufang/20011617710100102458.html,碧华邻,https://cd.ke.com/xiaoqu/1611041574805/,低楼层(共18层),2007年建,3室1厅,143平米,北,6,1月前发布
2534,此房为南北向大套二，客厅面积大,https://cd.ke.com/ershoufang/20011617710100101622.html,清邻街3号,https://cd.ke.com/xiaoqu/1611058333948/,高楼层(共7层)2室1厅,76.08平米,南,,,0,1月前发布
2535,中间楼层，套三，目前在出租，看房需要提前约,https://cd.ke.com/ershoufang/20011517710100154812.html,西大街99号,https://cd.ke.com/xiaoqu/3011054856770/,中楼层(共7层),1997年建,3室1厅,80平米,东南,8,1月前发布
2536,中铁西城大套三双卫，朝南不临街，视野开阔,https://cd.ke.com/ershoufang/20011517710100152747.html,中铁西城东苑,https://cd.ke.com/xiaoqu/1611047975132/,高楼层(共18层),2012年建,3室1厅,111.23平米,南,4,1月前发布
2537,此房是联排别墅。位置在小区中间，前后不临街,https://cd.ke.com/ershoufang/20011517710100145658.html,成都花园朗庭园,https://cd.ke.com/xiaoqu/1611044653289/,低楼层(共3层),2002年建,4室2厅,238平米,南,1,1月前发布
2538,万科开发商装修套二带书房户型，随时拎包入住,https://cd.ke.com/ershoufang/20011517710100137882.html,万科金色领域,https://cd.ke.com/xiaoqu/1611044699628/,低楼层(共24层),2012年建,2室1厅,85.91平米,南,2,1月前发布
2539,宽窄巷子旁，临地铁，交通便利。,https://cd.ke.com/ershoufang/20011517710100136344.html,泡桐树街16号,https://cd.ke.com/xiaoqu/3011055623650/,高楼层(共7层),1999年建,1室1厅,42.95平米,南北,26,1月前发布
2540,天邑花园顶跃带花园户型方正,https://cd.ke.com/ershoufang/20011517710100135960.html,天邑花园,https://cd.ke.com/xiaoqu/1611041583927/,高楼层(共9层),2007年建,5室3厅,198.95平米,西南东北,32,1月前发布
2541,实业街17号套二有装修低楼层,https://cd.ke.com/ershoufang/20011517710100132015.html,实业街17号,https://cd.ke.com/xiaoqu/3011055634878/,低楼层(共7层),1996年建,2室1厅,62平米,东南,28,1月前发布
2542,新城市小户型，采光好，不临街。名宿装修，总价低,https://cd.ke.com/ershoufang/20011517710100125047.html,新城市广场,https://cd.ke.com/xiaoqu/1611059361602/,中楼层(共30层),2003年建,1室0厅,34.74平米,东,0,1月前发布
2543,天祥广场套三，高层，视野好，客厅带阳台。,https://cd.ke.com/ershoufang/20011517710100124578.html,天祥广场,https://cd.ke.com/xiaoqu/1611064015516/,高楼层(共27层),2013年建,3室1厅,109.9平米,北,2,1月前发布
2544,培风小区200号，户型方正，采光好,https://cd.ke.com/ershoufang/20011517710100118428.html,培风小区200号,https://cd.ke.com/xiaoqu/1611041789163/,高楼层(共6层),2000年建,1室1厅,43.86平米,东,0,1月前发布
2545,恒大翡翠华庭标准地下车库车位出售,https://cd.ke.com/ershoufang/20011517710100116971.html,恒大翡翠华庭,https://cd.ke.com/xiaoqu/1611063212342/,地下室(共层),2017年建,1室0厅,29.36平米,南,0,1月前发布
2546,百花教师苑中庭不临街两居室小区干净整洁,https://cd.ke.com/ershoufang/20011517710100113881.html,百花教师苑,https://cd.ke.com/xiaoqu/1611043052087/,高楼层(共5层),2000年建,2室1厅,76.25平米,南,4,1月前发布
2547,产权满两年，精装修，带家具家电，视野好,https://cd.ke.com/ershoufang/20011517710100110674.html,凯德风尚,https://cd.ke.com/xiaoqu/1611043174238/,低楼层(共19层),2012年建,3室2厅,91.67平米,南,4,1月前发布
2548,凯德风尚跃层大套五，楼层好，中庭位置视野开阔,https://cd.ke.com/ershoufang/20011517710100104480.html,凯德风尚,https://cd.ke.com/xiaoqu/1611043174238/,中楼层(共17层),2012年建,5室2厅,236.09平米,东南北,5,1月前发布
2549,青羊区金沙片区海亮樾金沙标准横厅套三出售满二,https://cd.ke.com/ershoufang/20011517710100105296.html,海亮樾金沙,https://cd.ke.com/xiaoqu/1611062687250/,低楼层(共24层),2016年建,3室2厅,106.24平米,西北,15,1月前发布
2550,住家装修83平套二户型方正采光好朝中庭出行方便,https://cd.ke.com/ershoufang/20011517710100102720.html,清水路苑,https://cd.ke.com/xiaoqu/1611057410255/,高楼层(共18层),2012年建,2室2厅,82.46平米,西,34,1月前发布
2551,水岸丽舍，跃层套二，有装修，看府河。,https://cd.ke.com/ershoufang/20011517710100102483.html,水岸丽舍,https://cd.ke.com/xiaoqu/3011053797299/,高楼层(共15层),2003年建,2室1厅,101.16平米,东,7,1月前发布
2552,青羊区双清中路40号锦欣苑,https://cd.ke.com/ershoufang/20011517710100101695.html,锦欣苑,https://cd.ke.com/xiaoqu/1611061069912/,高楼层(共7层),1999年建,2室1厅,74.44平米,南,20,1月前发布
2553,电梯小高层，诚心出售，婚房装修，未曾常住。,https://cd.ke.com/ershoufang/20011517710100100727.html,世纪金沙,https://cd.ke.com/xiaoqu/1611041583154/,高楼层(共9层),2009年建,4室2厅,156.12平米,南,2,1月前发布
2554,荣盛花语城精装修套二户型方正无浪费空间,https://cd.ke.com/ershoufang/20011417710100169740.html,荣盛花语城,https://cd.ke.com/xiaoqu/1611063648395/,低楼层(共22层),2014年建,2室1厅,64.4平米,北,7,1月前发布
2555,金河路小区，低楼层套三，户型方正，采光好,https://cd.ke.com/ershoufang/20011417710100169281.html,金河路63号新1号,https://cd.ke.com/xiaoqu/1611062212295/,低楼层(共6层),1990年建,3室1厅,68.92平米,西南东北,57,1月前发布
2556,中坝地铁四号线，中铁西城西苑，精装套一,https://cd.ke.com/ershoufang/20011417710100166254.html,中铁西城西苑,https://cd.ke.com/xiaoqu/1611049846784/,高楼层(共15层),2014年建,1室1厅,44.55平米,北,1,1月前发布
2557,金地嘉年华套二，客厅带阳台，看房预约,https://cd.ke.com/ershoufang/20011417710100162112.html,金地嘉年华城A区,https://cd.ke.com/xiaoqu/1611047923266/,中楼层(共25层),2010年建,2室1厅,78.8平米,南,3,1月前发布
2558,成都花园望郡一梯两户南北朝向精装套三,https://cd.ke.com/ershoufang/20011417710100160727.html,成都花园望郡,https://cd.ke.com/xiaoqu/1611043178327/,中楼层(共6层),2005年建,3室2厅,132平米,南北,7,1月前发布
2559,下同仁路30号2室1厅东南,https://cd.ke.com/ershoufang/20011417710100158354.html,下同仁路30号,https://cd.ke.com/xiaoqu/3011053779954/,高楼层(共7层),1990年建,2室1厅,60.57平米,东南,15,1月前发布
2560,大石西路36号4室1厅南,https://cd.ke.com/ershoufang/20011417710100150599.html,大石西路36号,https://cd.ke.com/xiaoqu/1611042752805/,低楼层(共6层),2000年建,4室1厅,161.65平米,南,22,1月前发布
2561,户型方正，标准套二，配套完善，交通便利。,https://cd.ke.com/ershoufang/20011417710100146297.html,清溪东路80号,https://cd.ke.com/xiaoqu/1611057623914/,中楼层(共7层),1999年建,2室2厅,80.29平米,南,0,1月前发布
2562,置信丽都玉园天俊标准套四，客厅带阳台，预约看房,https://cd.ke.com/ershoufang/20011417710100144589.html,置信丽都玉园天俊,https://cd.ke.com/xiaoqu/1611043451091/,中楼层(共12层),2007年建,4室1厅,154.42平米,东南,2,1月前发布
2563,富诗特标准套二，有装修，采光好,https://cd.ke.com/ershoufang/20011417710100142977.html,富诗特,https://cd.ke.com/xiaoqu/1611041578666/,中楼层(共15层),2009年建,2室2厅,87.91平米,南,7,1月前发布
2564,浣花溪草堂东路65号标准套二中间楼层,https://cd.ke.com/ershoufang/20011417710100141848.html,草堂东路65号院,https://cd.ke.com/xiaoqu/3011056038943/,中楼层(共5层),1988年建,2室1厅,71.86平米,东南,3,1月前发布
2565,府河边纯住家小区交通便利出行方便,https://cd.ke.com/ershoufang/20011417710100140174.html,福珠苑,https://cd.ke.com/xiaoqu/3011053886570/,中楼层(共8层),2000年建,4室2厅,126.43平米,南北,23,1月前发布
2566,繁华地段太升南路非顶楼户型方正标准套二带阳台,https://cd.ke.com/ershoufang/20011417710100134775.html,帘官公所街57号,https://cd.ke.com/xiaoqu/1620022266935275/,高楼层(共6层),1998年建,2室1厅,53.94平米,东,6,1月前发布
2567,套三双卫户型方正家门口双地铁四号线和九号线，轻轨,https://cd.ke.com/ershoufang/20011417710100134283.html,清水路苑,https://cd.ke.com/xiaoqu/1611057410255/,低楼层(共18层),2012年建,3室2厅,124.59平米,北,1,1月前发布
2568,地铁口大套二全中庭，中间楼层,https://cd.ke.com/ershoufang/20011417710100133589.html,清水路苑,https://cd.ke.com/xiaoqu/1611057410255/,中楼层(共18层),2012年建,2室2厅,89平米,南,3,1月前发布
2569,锦绣光华精装修，标准套一出售。,https://cd.ke.com/ershoufang/20011417710100133163.html,锦绣光华,https://cd.ke.com/xiaoqu/1611041618340/,低楼层(共20层),2010年建,1室1厅,54.45平米,东南,4,1月前发布
2570,户型方正，采光好。,https://cd.ke.com/ershoufang/20011417710100129872.html,西府北街1号,https://cd.ke.com/xiaoqu/1620024552774393/,低楼层(共6层)3室0厅,65.18平米,东南,,,1,1月前发布
2571,龙湖翠微清波B区套四带大阳台。,https://cd.ke.com/ershoufang/20011417710100128679.html,翠微清波B区,https://cd.ke.com/xiaoqu/1611041577158/,高楼层(共18层),2009年建,4室2厅,168.03平米,西北,9,1月前发布
2572,米兰香洲1室0厅东,https://cd.ke.com/ershoufang/20011417710100128513.html,米兰香洲,https://cd.ke.com/xiaoqu/1611041559442/,地下室(共1层)1室0厅,30.63平米,东,,,0,1月前发布
2573,地铁4号线文化宫站精装修电梯户型方正,https://cd.ke.com/ershoufang/20011417710100128312.html,金沙园二期,https://cd.ke.com/xiaoqu/1611041617123/,低楼层(共11层),2004年建,2室2厅,119.98平米,东南,27,1月前发布
2574,蓝光COCO金沙三期，精装修标准套三,https://cd.ke.com/ershoufang/20011417710100127840.html,蓝光COCO金沙三期,https://cd.ke.com/xiaoqu/1611050190095/,高楼层(共23层),2015年建,3室2厅,73.54平米,东南,17,1月前发布
2575,经贸委宿舍套二安静不临街南北朝向,https://cd.ke.com/ershoufang/20011417710100126689.html,浣花北路6号,https://cd.ke.com/xiaoqu/1611058722047/,中楼层(共7层),1998年建,2室1厅,78.39平米,东,5,1月前发布
2576,青羊大套三双卫带私家花园带地下产权车位,https://cd.ke.com/ershoufang/20011417710100124518.html,锦西民宅,https://cd.ke.com/xiaoqu/1611041924425/,低楼层(共6层),2000年建,3室1厅,144.84平米,南,1,1月前发布
2577,产权车位，产权清晰，停车方便，业主随时可签约。,https://cd.ke.com/ershoufang/20011417710100122360.html,中铁西子香荷,https://cd.ke.com/xiaoqu/1611041555455/,地下室(共层),2010年建,1室0厅,30.67平米,东南,1,1月前发布
2578,元益花园标准套三，现在出租，看房提前预约,https://cd.ke.com/ershoufang/20011417710100122271.html,元益花园,https://cd.ke.com/xiaoqu/1611043140046/,高楼层(共21层),2014年建,3室1厅,78平米,南,9,1月前发布
2579,户型方正，卧室带阳台，自主装修,https://cd.ke.com/ershoufang/20011417710100121650.html,石人南路100号,https://cd.ke.com/xiaoqu/3011056019699/,中楼层(共7层),1996年建,2室1厅,52.53平米,东,0,1月前发布
2580,青羊贝森2011年次新小区标准套二,https://cd.ke.com/ershoufang/20011417710100120647.html,双玺,https://cd.ke.com/xiaoqu/1611041609498/,高楼层(共18层),2011年建,2室1厅,77.16平米,南,14,1月前发布
2581,草堂铭城标准套二户型方正近地铁,https://cd.ke.com/ershoufang/20011417710100109865.html,草堂铭城,https://cd.ke.com/xiaoqu/3011056029532/,低楼层(共26层),2012年建,2室1厅,87.62平米,东,7,1月前发布
2582,群和街3号3室1厅南,https://cd.ke.com/ershoufang/20011417710100107379.html,群和街3号,https://cd.ke.com/xiaoqu/3011052270449/,高楼层(共7层)3室1厅,78.37平米,南,,,1,1月前发布
2583,中铁双龙湾套三双卫，户型方正对中庭，居住舒适,https://cd.ke.com/ershoufang/20011417710100106030.html,中铁双龙湾,https://cd.ke.com/xiaoqu/1611041812489/,中楼层(共20层),2008年建,3室2厅,137.21平米,南,14,1月前发布
2584,斜阳路7号标准套二楼顶带一个大平台,https://cd.ke.com/ershoufang/20011417710100104866.html,斜阳路7号,https://cd.ke.com/xiaoqu/1611058400001/,高楼层(共7层),1998年建,2室1厅,91平米,东,0,1月前发布
2585,石人东路5号标准套二南北通透,https://cd.ke.com/ershoufang/20011417710100104737.html,石人东路5号,https://cd.ke.com/xiaoqu/3011056042053/,中楼层(共7层),2000年建,2室1厅,60.79平米,南北,11,1月前发布
2586,优质好房香格里拉花园套三双卫新文化宫旁,https://cd.ke.com/ershoufang/20011317710100167783.html,香格里拉花园,https://cd.ke.com/xiaoqu/1611042981259/,中楼层(共12层),2002年建,3室2厅,120.69平米,南,36,1月前发布
2587,禾嘉花园精装修套三户型方正南北朝向,https://cd.ke.com/ershoufang/20011317710100165834.html,禾嘉花园,https://cd.ke.com/xiaoqu/1611043092700/,中楼层(共5层)3室2厅,133.9平米,南北,,,80,1月前发布
2588,房子是套一水电全通保养好看房需要提前预约采光好,https://cd.ke.com/ershoufang/20011317710100165160.html,金色夏威夷,https://cd.ke.com/xiaoqu/3011054788453/,低楼层(共15层),2003年建,1室0厅,36.64平米,东南,0,1月前发布
2589,兴城融域标准套一楼层适中,https://cd.ke.com/ershoufang/20011317710100164956.html,兴城融域,https://cd.ke.com/xiaoqu/1611042047653/,中楼层(共11层),2009年建,1室1厅,52.68平米,北,12,1月前发布
2590,新上中庭套四带入户花园诚心出售,https://cd.ke.com/ershoufang/20011317710100165025.html,天合凯旋城,https://cd.ke.com/xiaoqu/1611041583632/,高楼层(共29层),2008年建,4室1厅,199.91平米,南,8,1月前发布
2591,高楼层，有装修，采光好，视野无遮挡,https://cd.ke.com/ershoufang/20011317710100161828.html,朗基龙堂,https://cd.ke.com/xiaoqu/1611041619788/,高楼层(共26层),2010年建,1室1厅,50.69平米,北,0,1月前发布
2592,贝森好房交通便利配套齐全小套二户型,https://cd.ke.com/ershoufang/20011317710100161671.html,百家苑(青羊),https://cd.ke.com/xiaoqu/1611043064562/,中楼层(共7层),2001年建,2室1厅,64.73平米,南,38,1月前发布
2593,香格里拉花园不临街套三双卫有装修,https://cd.ke.com/ershoufang/20011317710100156648.html,香格里拉花园,https://cd.ke.com/xiaoqu/1611042981259/,中楼层(共11层),2002年建,3室2厅,126.74平米,南,6,1月前发布
2594,电梯小高层临河安静不临街,https://cd.ke.com/ershoufang/20011317710100154136.html,翠堤雅筑,https://cd.ke.com/xiaoqu/1611057635002/,高楼层(共12层),2003年建,3室2厅,141.59平米,南,26,1月前发布
2595,保利金香槟套三双卫，业主诚心卖,https://cd.ke.com/ershoufang/20011317710100153545.html,保利金香槟,https://cd.ke.com/xiaoqu/1611043451443/,中楼层(共18层),2012年建,3室2厅,110.94平米,南,3,1月前发布
2596,标准套三采光好安静不临街,https://cd.ke.com/ershoufang/20011317710100148248.html,清江花园,https://cd.ke.com/xiaoqu/3011055590061/,高楼层(共21层),2003年建,3室2厅,167.83平米,西,9,1月前发布
2597,元益花园居家套二朝西客厅带阳台装修好保养好,https://cd.ke.com/ershoufang/20011317710100146226.html,元益花园,https://cd.ke.com/xiaoqu/1611043140046/,高楼层(共21层),2014年建,2室1厅,77.65平米,西,3,1月前发布
2598,优诺国际旁大地新光华广场写字楼诚心出售,https://cd.ke.com/ershoufang/20011317710100145768.html,大地新光华广场,https://cd.ke.com/xiaoqu/1611043937297/,中楼层(共15层),2000年建,4室1厅,192.6平米,北,0,1月前发布
2599,凯德风尚二期负一楼标准产权车位出售,https://cd.ke.com/ershoufang/20011317710100145020.html,凯德风尚,https://cd.ke.com/xiaoqu/1611043174238/,地下室(共1层)1室0厅,30.07平米,西南,,,3,1月前发布
2600,此房满2年，无增值税，朝南，采光好,https://cd.ke.com/ershoufang/20011317710100141183.html,凯德风尚,https://cd.ke.com/xiaoqu/1611043174238/,低楼层(共19层),2012年建,2室1厅,87.15平米,西南,55,1月前发布
2601,标准套一，楼层好，交通便利，生活方便,https://cd.ke.com/ershoufang/20011317710100140927.html,新城市广场,https://cd.ke.com/xiaoqu/1611059361602/,高楼层(共30层),2003年建,1室1厅,47.23平米,东南,2,1月前发布
2602,清溪雅筑标准套二居家装修保养好不临街,https://cd.ke.com/ershoufang/20011317710100139774.html,清溪雅筑,https://cd.ke.com/xiaoqu/1611047819375/,高楼层(共18层)2室2厅,76.09平米,西,,,46,1月前发布
2603,清水河畔车位出售随时可看,https://cd.ke.com/ershoufang/20011317710100139516.html,清水河畔,https://cd.ke.com/xiaoqu/1611041558279/,地下室(共1层)1室0厅,17.82平米,南,,,0,1月前发布
2604,套三，高楼层，采光好，户型方正。,https://cd.ke.com/ershoufang/20011317710100138480.html,西城角巷13号,https://cd.ke.com/xiaoqu/1620020804859817/,高楼层(共7层),1993年建,3室1厅,107.41平米,东南,0,1月前发布
2605,童子街朝南高楼层精装修大套四可拎包入住,https://cd.ke.com/ershoufang/20011317710100137087.html,童子街庭苑,https://cd.ke.com/xiaoqu/3011053813129/,高楼层(共23层),2008年建,4室2厅,162.05平米,南,4,1月前发布
2606,该房为水电气三通标间视野不错中间楼层,https://cd.ke.com/ershoufang/20011317710100135544.html,时代印象,https://cd.ke.com/xiaoqu/1611058978088/,中楼层(共14层),2005年建,1室0厅,43.9平米,东西南,2,1月前发布
2607,新上居家套三，户型方正，交通便利，可直接拎包入住！,https://cd.ke.com/ershoufang/20011317710100131026.html,紫御熙庭,https://cd.ke.com/xiaoqu/166991243915920/,低楼层(共22层),2016年建,3室1厅,91.88平米,东,17,1月前发布
2608,保利贝森公馆精装修正朝南采光好,https://cd.ke.com/ershoufang/20011317710100130131.html,保利贝森公馆,https://cd.ke.com/xiaoqu/1611047088028/,中楼层(共19层),2013年建,2室2厅,86.87平米,南,45,1月前发布
2609,汇厦少城琴台府，清水套三，明厨明卫,https://cd.ke.com/ershoufang/20011317710100130220.html,汇厦少城琴台府,https://cd.ke.com/xiaoqu/1611061160243/,中楼层(共39层),2014年建,3室1厅,101.06平米,东南,12,1月前发布
2610,锦欣苑套二带花园,https://cd.ke.com/ershoufang/20011317710100128128.html,锦欣苑,https://cd.ke.com/xiaoqu/1611061069912/,高楼层(共7层),1999年建,2室2厅,58.54平米,南,35,1月前发布
2611,青羊区二环路西一段天祥广场套三,https://cd.ke.com/ershoufang/20011317710100127822.html,天祥广场,https://cd.ke.com/xiaoqu/1611064015516/,中楼层(共27层),2013年建,3室1厅,86.97平米,南,8,1月前发布
2612,成都花园翠雍华庭，一梯两户电梯小高层套三安静不临街,https://cd.ke.com/ershoufang/20011317710100126687.html,成都花园翠雍华庭,https://cd.ke.com/xiaoqu/1611041600490/,高楼层(共11层),2002年建,3室2厅,131.51平米,南,39,1月前发布
2613,泡桐树街小区中间楼层有阳台采光好,https://cd.ke.com/ershoufang/20011317710100125179.html,泡桐树街1号,https://cd.ke.com/xiaoqu/1611060176862/,中楼层(共6层),1999年建,3室1厅,87.65平米,南北,19,1月前发布
2614,佳兆业广场精装套二，高楼层采光好，视野开阔,https://cd.ke.com/ershoufang/20011317710100123261.html,佳兆业广场,https://cd.ke.com/xiaoqu/166988596260316/,高楼层(共15层)2室1厅,68平米,南北,,,8,1月前发布
2615,中铁精装套二双卫，户型方正无浪费，采光好，诚心出售,https://cd.ke.com/ershoufang/20011317710100110155.html,中铁西子香荷,https://cd.ke.com/xiaoqu/1611041555455/,低楼层(共33层),2010年建,2室1厅,91.21平米,南,15,1月前发布
2616,电梯三居室双卫，满2年，朝南对小区中庭，带花园。,https://cd.ke.com/ershoufang/20011317710100109045.html,蔚蓝天地二期,https://cd.ke.com/xiaoqu/1611041920925/,低楼层(共11层),2006年建,3室2厅,129.88平米,南,7,1月前发布
2617,此房产权满两年，没有增值税，房子对中庭，采光好,https://cd.ke.com/ershoufang/20011317710100108544.html,香木林新城,https://cd.ke.com/xiaoqu/1611041810672/,中楼层(共11层),2005年建,3室1厅,149.44平米,南,4,1月前发布
2618,新上东二道街电梯小高层房源采光好,https://cd.ke.com/ershoufang/20011317710100108060.html,东二道街54号,https://cd.ke.com/xiaoqu/1620039549863871/,低楼层(共7层),1990年建,3室2厅,174.56平米,西,3,1月前发布
2619,新上东二道街电梯小高层房源采光好,https://cd.ke.com/ershoufang/20011317710100106383.html,东二道街54号,https://cd.ke.com/xiaoqu/1620039549863871/,低楼层(共7层),1999年建,4室2厅,205.92平米,西,1,1月前发布
2620,揽胜金沙负一楼标准车位出售,https://cd.ke.com/ershoufang/20011317710100105312.html,揽胜金沙,https://cd.ke.com/xiaoqu/1611043282868/,地下室(共35层),2012年建,1室0厅,38.27平米,西北,0,1月前发布
2621,金沙西园四期负一楼标准车位,https://cd.ke.com/ershoufang/20011317710100104927.html,金沙西园四期,https://cd.ke.com/xiaoqu/1611041586813/,地下室(共1层),2009年建,1室0厅,33.57平米,东北,1,1月前发布
2622,二十一世纪花园一期3室2厅南,https://cd.ke.com/ershoufang/20011317710100104068.html,二十一世纪花园一期,https://cd.ke.com/xiaoqu/1620020601436326/,高楼层(共8层),2003年建,3室2厅,123.9平米,南,21,1月前发布
2623,金沙遗址、一梯两户套二采光好视野好、不临街、,https://cd.ke.com/ershoufang/20011317710100104419.html,锦秀民居,https://cd.ke.com/xiaoqu/1611041819954/,高楼层(共7层),2001年建,2室2厅,102.28平米,南,3,1月前发布
2624,毛坯套四前后带花园，价格带车位，前后中庭，提前约,https://cd.ke.com/ershoufang/20011317710100100623.html,蜀风花园城,https://cd.ke.com/xiaoqu/1611043043648/,高楼层(共5层),2004年建,4室2厅,146.6平米,东南,14,1月前发布
2625,中铁西子香荷套三双卫满两年精装修,https://cd.ke.com/ershoufang/20011217710100191849.html,中铁西子香荷,https://cd.ke.com/xiaoqu/1611041555455/,高楼层(共33层),2010年建,3室2厅,91.15平米,东,43,2月前发布
2626,金沙岁月+电梯套二+精装修+东北朝向+带家具家电出售,https://cd.ke.com/ershoufang/20011217710100191711.html,金沙岁月,https://cd.ke.com/xiaoqu/1611041793167/,高楼层(共12层),2005年建,2室1厅,51.31平米,东北,3,2月前发布
2627,香格里拉花园1室1厅北,https://cd.ke.com/ershoufang/20011217710100188820.html,香格里拉花园,https://cd.ke.com/xiaoqu/1611042981259/,低楼层(共12层),2002年建,1室1厅,48.5平米,北,1,2月前发布
2628,铸信境界套三双卫+客厅朝南对中庭,https://cd.ke.com/ershoufang/20011217710100185927.html,铸信境界,https://cd.ke.com/xiaoqu/1611041556151/,中楼层(共27层),2009年建,3室1厅,89.75平米,南,6,2月前发布
2629,天合凯旋城，户型方正，通透大套三，诚心出售,https://cd.ke.com/ershoufang/20011217710100184182.html,天合凯旋城,https://cd.ke.com/xiaoqu/1611041583632/,低楼层(共31层),2008年建,3室1厅,149.69平米,南,10,2月前发布
2630,朗基龙堂朝西对中庭，出租装修，采光充足户型方正。,https://cd.ke.com/ershoufang/20011217710100183966.html,朗基龙堂,https://cd.ke.com/xiaoqu/1611041619788/,低楼层(共26层),2010年建,2室1厅,76.54平米,南,6,2月前发布
2631,桂花巷地理位置好看房提前预约,https://cd.ke.com/ershoufang/20011217710100183514.html,桂花巷40号,https://cd.ke.com/xiaoqu/1611060919780/,中楼层(共6层),1998年建,3室1厅,89平米,东南,7,2月前发布
2632,佳兆业广场标准套三安静,https://cd.ke.com/ershoufang/20011217710100182950.html,佳兆业广场,https://cd.ke.com/xiaoqu/166988596260316/,低楼层(共15层)3室2厅,94.49平米,东南,,,2,2月前发布
2633,元益花园标准套二，客厅带阳台，精装修,https://cd.ke.com/ershoufang/20011217710100180870.html,元益花园,https://cd.ke.com/xiaoqu/1611043140046/,低楼层(共21层),2014年建,2室1厅,73.46平米,东,8,2月前发布
2634,西三环，标准套三，动静分区，采光好。,https://cd.ke.com/ershoufang/20011217710100177640.html,金沙十年,https://cd.ke.com/xiaoqu/1611046285571/,低楼层(共25层),2012年建,3室2厅,87.67平米,东北,6,2月前发布
2635,此房标准套三双卫，户型方正，中间楼层。,https://cd.ke.com/ershoufang/20011217710100172817.html,草堂铭城,https://cd.ke.com/xiaoqu/3011056029532/,中楼层(共26层),2012年建,3室1厅,101.34平米,南,85,2月前发布
2636,成都花园新上朝南套三出售，满两年,https://cd.ke.com/ershoufang/20011217710100172173.html,成都花园翠雍华庭,https://cd.ke.com/xiaoqu/1611041600490/,中楼层(共11层),2003年建,3室2厅,137.48平米,东南,55,2月前发布
2637,优品道三期标准两房朝南对中庭安静不临街,https://cd.ke.com/ershoufang/20011217710100171213.html,优品道三期,https://cd.ke.com/xiaoqu/1611043164053/,高楼层(共23层),2010年建,2室1厅,88.32平米,西南,2,2月前发布
2638,非遗地铁口，精装套二，中楼层朝南对中庭，拎包入住。,https://cd.ke.com/ershoufang/20011217710100169941.html,佳兆业广场,https://cd.ke.com/xiaoqu/166988596260316/,高楼层(共15层),2016年建,2室2厅,69.06平米,西南,77,2月前发布
2639,青羊区西大街，大套四双卫户型，采光好，小区安静。,https://cd.ke.com/ershoufang/20011217710100166848.html,横四道街4号,https://cd.ke.com/xiaoqu/3011054165387/,低楼层(共6层),1994年建,4室2厅,130.46平米,南,13,2月前发布
2640,光华苑二期2室1厅南,https://cd.ke.com/ershoufang/20011217710100164085.html,光华苑二期,https://cd.ke.com/xiaoqu/3011056025911/,中楼层(共7层)2室1厅,74.63平米,南,,,3,2月前发布
2641,金沙海棠新上A户型居家装修套二,https://cd.ke.com/ershoufang/20011217710100163251.html,金沙海棠,https://cd.ke.com/xiaoqu/1611041589970/,中楼层(共20层),2012年建,2室2厅,87.74平米,东,53,2月前发布
2642,青羊区同怡横街50号标准套二户型方正有花园,https://cd.ke.com/ershoufang/20011217710100163045.html,同怡横街50号,https://cd.ke.com/xiaoqu/3011055677511/,低楼层(共6层),2000年建,2室2厅,83平米,东北,22,2月前发布
2643,光华馨地朝东对中庭高楼层无遮挡视野开阔采光好,https://cd.ke.com/ershoufang/20011217710100161919.html,光华馨地,https://cd.ke.com/xiaoqu/1611041580934/,中楼层(共11层),2006年建,3室2厅,94.01平米,东,9,2月前发布
2644,光华美邻带大阳台户型事业采光好,https://cd.ke.com/ershoufang/20011217710100160795.html,光华美邻,https://cd.ke.com/xiaoqu/1611041788645/,中楼层(共18层),2007年建,3室1厅,104.75平米,西北,8,2月前发布
2645,小关庙，中间楼层，大套二，带大阳台,https://cd.ke.com/ershoufang/20011217710100159965.html,小关庙巷17号,https://cd.ke.com/xiaoqu/1611099671805/,中楼层(共8层),2000年建,2室1厅,81.14平米,东北,6,2月前发布
2646,光华锦苑标准大套三，精装修，带标准车位,https://cd.ke.com/ershoufang/20011217710100159123.html,光华锦苑,https://cd.ke.com/xiaoqu/1611047819274/,低楼层(共21层),2013年建,3室1厅,133平米,南北,6,2月前发布
2647,清江花园标准套四视野开阔采光充足,https://cd.ke.com/ershoufang/20011217710100155936.html,清江花园,https://cd.ke.com/xiaoqu/3011055590061/,高楼层(共16层),2003年建,4室2厅,149.13平米,北,31,2月前发布
2648,清河阳光河景房客厅带阳台有按揭满2年带车位出售,https://cd.ke.com/ershoufang/20011217710100149870.html,清河阳光,https://cd.ke.com/xiaoqu/1611043168201/,低楼层(共18层),2010年建,2室2厅,87.35平米,东南,5,2月前发布
2649,元益花园精装套二诚心出售满2年,https://cd.ke.com/ershoufang/20011217710100148943.html,元益花园,https://cd.ke.com/xiaoqu/1611043140046/,中楼层(共21层),2014年建,2室1厅,80.66平米,南西,5,2月前发布
2650,包家巷99号2室1厅南,https://cd.ke.com/ershoufang/20011217710100147272.html,包家巷99号,https://cd.ke.com/xiaoqu/1611062600873/,中楼层(共6层),2001年建,2室1厅,63.7平米,南,85,2月前发布
2651,东原时光道3室2厅东,https://cd.ke.com/ershoufang/20011217710100142498.html,东原时光道,https://cd.ke.com/xiaoqu/1611063210428/,中楼层(共22层),2015年建,3室2厅,79.68平米,东,0,2月前发布
2652,光华逸家2室1厅南,https://cd.ke.com/ershoufang/20011217710100141644.html,光华逸家,https://cd.ke.com/xiaoqu/1611047799476/,中楼层(共17层),2014年建,2室1厅,72平米,南,25,2月前发布
2653,出行便利看房预约简单装修大阳台,https://cd.ke.com/ershoufang/20011217710100139662.html,二环路西二段52号,https://cd.ke.com/xiaoqu/3011056030880/,中楼层(共7层),1997年建,1室1厅,43.3平米,东,21,2月前发布
2654,凤栖桐2室1厅东南,https://cd.ke.com/ershoufang/20011217710100138169.html,凤栖桐,https://cd.ke.com/xiaoqu/3011054833607/,中楼层(共32层),2011年建,2室1厅,74.7平米,东南,3,2月前发布
2655,青羊区壹号公馆精装修套一采光好,https://cd.ke.com/ershoufang/20011217710100135053.html,壹号公馆,https://cd.ke.com/xiaoqu/1611059498854/,中楼层(共29层),2008年建,1室1厅,51.99平米,北,19,2月前发布
2656,装修20万+的套二房源，中楼层，采光好。,https://cd.ke.com/ershoufang/20011217710100132611.html,光华碧邻,https://cd.ke.com/xiaoqu/1611047773909/,中楼层(共20层),2013年建,2室1厅,79.51平米,西,27,2月前发布
2657,鼓楼世家套二户型明厨明卫小区环境好管理好,https://cd.ke.com/ershoufang/20011217710100132447.html,鼓楼世家,https://cd.ke.com/xiaoqu/3011053763236/,中楼层(共32层),2006年建,2室1厅,89.56平米,东南,1,2月前发布
2658,标准套二采光好户型方正,https://cd.ke.com/ershoufang/20011217710100126026.html,富诗特,https://cd.ke.com/xiaoqu/1611041578666/,高楼层(共15层),2009年建,2室1厅,79.6平米,东,1,2月前发布
2659,铸信境界套三带大入户户型，精装全新装修,https://cd.ke.com/ershoufang/20011217710100125996.html,铸信境界,https://cd.ke.com/xiaoqu/1611041556151/,中楼层(共28层),2009年建,3室2厅,136.87平米,北,12,2月前发布
2660,万家湾恒大改善楼盘，金碧资质物业,https://cd.ke.com/ershoufang/20011217710100120122.html,恒大翡翠华庭,https://cd.ke.com/xiaoqu/1611063212342/,低楼层(共22层),2017年建,3室1厅,84.99平米,南,0,2月前发布
2661,保利贝森标准套三采光好。,https://cd.ke.com/ershoufang/20011217710100117479.html,保利贝森公馆,https://cd.ke.com/xiaoqu/1611047088028/,中楼层(共19层),2013年建,3室1厅,130.16平米,北,5,2月前发布
2662,四威南路蓝光coco蜜城精装套四,https://cd.ke.com/ershoufang/20011217710100116667.html,蓝光COCO蜜城,https://cd.ke.com/xiaoqu/1611047132714/,中楼层(共29层),2014年建,4室1厅,82.21平米,南,69,2月前发布
2663,金地嘉年华城A区1室0厅东,https://cd.ke.com/ershoufang/20011217710100115043.html,金地嘉年华城A区,https://cd.ke.com/xiaoqu/1611047923266/,地下室(共层),2010年建,1室0厅,34平米,东,0,2月前发布
2664,套三双卫户型方正，简单装修，可4月满二年过户，,https://cd.ke.com/ershoufang/20011217710100111146.html,金沙鹭岛三期,https://cd.ke.com/xiaoqu/1611043175848/,中楼层(共28层),2014年建,3室2厅,119.45平米,东,56,2月前发布
2665,青羊上街398号位置安静不临街标准套二,https://cd.ke.com/ershoufang/20011217710100109026.html,青羊上街398号,https://cd.ke.com/xiaoqu/1614491114572866/,中楼层(共7层)2室1厅,74.61平米,东,,,13,2月前发布
2666,香槟顶跃带花园板式结构户型方正,https://cd.ke.com/ershoufang/20011217710100108184.html,香槟花园,https://cd.ke.com/xiaoqu/1611041826164/,高楼层(共6层),2005年建,5室2厅,165.92平米,东南,37,2月前发布
2667,精装标椎套二，户型方正，朝南。,https://cd.ke.com/ershoufang/20011217710100107410.html,凯德风尚,https://cd.ke.com/xiaoqu/1611043174238/,低楼层(共19层),2012年建,2室2厅,84.77平米,南,18,2月前发布
2668,石人巷9号带大平台精装修有车位,https://cd.ke.com/ershoufang/20011217710100105941.html,石人巷9号,https://cd.ke.com/xiaoqu/3011056039462/,低楼层(共7层),1996年建,3室1厅,82平米,东南,19,2月前发布
2669,府河内侧，文殊院旁边，有小区环境，配套设施齐全,https://cd.ke.com/ershoufang/20011217710100102480.html,上河新城,https://cd.ke.com/xiaoqu/3011053889173/,低楼层(共7层),2005年建,1室1厅,41.36平米,东北,8,2月前发布
2670,金沙海棠顶跃+花园已做好+居家装修+看房预约,https://cd.ke.com/ershoufang/20011117710100185624.html,金沙海棠,https://cd.ke.com/xiaoqu/1611041589970/,高楼层(共20层),2012年建,3室2厅,93.93平米,东南,12,2月前发布
2671,中坝小区标准套一精装出售,https://cd.ke.com/ershoufang/20011117710100185518.html,中坝小区,https://cd.ke.com/xiaoqu/1611043119413/,高楼层(共6层),1990年建,1室1厅,45平米,北南,2,2月前发布
2672,东原时光道居家装修套二，视野开阔,https://cd.ke.com/ershoufang/20011117710100181920.html,东原时光道,https://cd.ke.com/xiaoqu/1611063210428/,中楼层(共21层),2015年建,2室1厅,59.94平米,东,3,2月前发布
2673,中坝小区标准套一诚心出售,https://cd.ke.com/ershoufang/20011117710100180957.html,中坝小区,https://cd.ke.com/xiaoqu/1611043119413/,高楼层(共6层),1990年建,1室1厅,45平米,南北,2,2月前发布
2674,中坝小区优质套二出售,https://cd.ke.com/ershoufang/20011117710100180165.html,中坝小区,https://cd.ke.com/xiaoqu/1611043119413/,低楼层(共6层),1990年建,2室2厅,75平米,西南,4,2月前发布
2675,套二单位，中庭不临街，交通出行方便,https://cd.ke.com/ershoufang/20011117710100179064.html,二十一世纪花园一期,https://cd.ke.com/xiaoqu/1620020601436326/,低楼层(共8层),1998年建,2室1厅,91平米,北,4,2月前发布
2676,二十一世纪花园一期顶楼带花园居家装修,https://cd.ke.com/ershoufang/20011117710100178138.html,二十一世纪花园一期,https://cd.ke.com/xiaoqu/1620020601436326/,高楼层(共8层),2003年建,3室2厅,123.65平米,南,13,2月前发布
2677,成都花园一期翠雍华庭车位出售,https://cd.ke.com/ershoufang/20011117710100173417.html,成都花园翠雍华庭,https://cd.ke.com/xiaoqu/1611041600490/,地下室(共层)1室0厅,35.98平米,南,,,0,2月前发布
2678,成都花园上城低楼层小区中庭位置,https://cd.ke.com/ershoufang/20011117710100172931.html,成都花园上城,https://cd.ke.com/xiaoqu/1611041601163/,低楼层(共22层),2009年建,3室2厅,139平米,南,2,2月前发布
2679,单位房低楼层标准套三安静不临街,https://cd.ke.com/ershoufang/20011117710100172774.html,青华路24号,https://cd.ke.com/xiaoqu/3011056057834/,低楼层(共6层),1992年建,3室1厅,80.14平米,南,16,2月前发布
2680,户型方正，采光好，小区可停车。,https://cd.ke.com/ershoufang/20011117710100170446.html,零一尚品,https://cd.ke.com/xiaoqu/1611060687092/,低楼层(共20层),2008年建,1室1厅,982.28平米,南,0,2月前发布
2681,二十一世纪花园不临街套二，装修保养居家,https://cd.ke.com/ershoufang/20011117710100165975.html,二十一世纪花园一期,https://cd.ke.com/xiaoqu/1620020601436326/,低楼层(共8层),2003年建,2室1厅,89.41平米,北,16,2月前发布
2682,青羊区贝森路铸信境界精装套四有车位,https://cd.ke.com/ershoufang/20011117710100162558.html,铸信境界,https://cd.ke.com/xiaoqu/1611041556151/,高楼层(共28层),2009年建,4室2厅,140.92平米,北,16,2月前发布
2683,2栋负一楼大车位，大车位，大车位,https://cd.ke.com/ershoufang/20011117710100161451.html,东原时光道,https://cd.ke.com/xiaoqu/1611063210428/,地下室(共层),2013年建,1室0厅,12平米,东,0,2月前发布
2684,置信清水湾居家套三户型方正,https://cd.ke.com/ershoufang/20011117710100160869.html,置信清水湾,https://cd.ke.com/xiaoqu/1611041605623/,低楼层(共26层),2010年建,3室1厅,88.81平米,东北,11,2月前发布
2685,杏苑（车库）开间约3米无遮挡好驶入,https://cd.ke.com/ershoufang/20011117710100160333.html,杏苑,https://cd.ke.com/xiaoqu/3011053665086/,低楼层(共1层)1室0厅,20.77平米,南西南,,,0,2月前发布
2686,清水路苑、中楼层对中庭、户型方正、交通便利、,https://cd.ke.com/ershoufang/20011117710100157236.html,清水路苑,https://cd.ke.com/xiaoqu/1611057410255/,低楼层(共18层),2012年建,2室2厅,83平米,东,1,2月前发布
2687,清江美庐2室1厅北,https://cd.ke.com/ershoufang/20011117710100156355.html,清江美庐,https://cd.ke.com/xiaoqu/3011053205090/,中楼层(共18层)2室1厅,59.99平米,北,,,1,2月前发布
2688,标准套三，安静不临街，采光良好，南北朝向,https://cd.ke.com/ershoufang/20011117710100153580.html,战旗东路6号,https://cd.ke.com/xiaoqu/1611061072401/,高楼层(共7层),2001年建,3室1厅,67.14平米,南,7,2月前发布
2689,金地嘉年华城B区3室1厅东南,https://cd.ke.com/ershoufang/20011117710100152984.html,金地嘉年华城B区,https://cd.ke.com/xiaoqu/1611047923570/,高楼层(共18层),2010年建,3室1厅,117.07平米,东南,18,2月前发布
2690,双玺3室1厅北,https://cd.ke.com/ershoufang/20011117710100151217.html,双玺,https://cd.ke.com/xiaoqu/1611041609498/,低楼层(共18层),2011年建,3室1厅,89.08平米,北,15,2月前发布
2691,财大旁，标准套二，看房提前预约,https://cd.ke.com/ershoufang/20011117710100143790.html,群康路40号,https://cd.ke.com/xiaoqu/1611041881607/,高楼层(共7层),2002年建,2室1厅,57.2平米,东,3,2月前发布
2692,米兰香洲2室2厅西南,https://cd.ke.com/ershoufang/20011117710100140913.html,米兰香洲,https://cd.ke.com/xiaoqu/1611041559442/,高楼层(共18层),2007年建,2室2厅,87.98平米,西南,7,2月前发布
2693,0.5环，府河内文殊院旁，08年小区，交通方便,https://cd.ke.com/ershoufang/20011117710100139919.html,天盛壹中心,https://cd.ke.com/xiaoqu/3011053885843/,高楼层(共31层),2008年建,1室1厅,47.68平米,东南,6,2月前发布
2694,知贤坊朝南标准套二采光好通透.,https://cd.ke.com/ershoufang/20011117710100135582.html,知贤坊,https://cd.ke.com/xiaoqu/1611041812442/,低楼层(共18层),2009年建,2室1厅,68.77平米,南,0,2月前发布
2695,时代尊城套三双卫，对中庭，有装修，看房预约,https://cd.ke.com/ershoufang/20011117710100128695.html,时代尊城,https://cd.ke.com/xiaoqu/1611041601162/,低楼层(共16层),2007年建,3室1厅,113.06平米,南,97,2月前发布
2696,碧水湾精装套二双卫，婚房装修，朝南对中庭。,https://cd.ke.com/ershoufang/20011117710100126454.html,齐力碧水湾,https://cd.ke.com/xiaoqu/1611041579253/,低楼层(共18层),2007年建,2室2厅,89平米,南,2,2月前发布
2697,地铁口水电气三通标准套一,https://cd.ke.com/ershoufang/20011117710100119674.html,水木光华,https://cd.ke.com/xiaoqu/1611041807591/,中楼层(共11层),2004年建,1室1厅,51.3平米,西,11,2月前发布
2698,青羊贝森二十一世纪花园一期标准套二,https://cd.ke.com/ershoufang/20011117710100117360.html,二十一世纪花园一期,https://cd.ke.com/xiaoqu/1620020601436326/,中楼层(共8层),2003年建,2室2厅,89.96平米,南,92,2月前发布
2699,房子中间楼层，通透户型，户型方正。,https://cd.ke.com/ershoufang/20011117710100105957.html,江郊庭院,https://cd.ke.com/xiaoqu/1611041616138/,中楼层(共11层),2006年建,3室1厅,121平米,西,15,2月前发布
2700,户型方正，停车方便，管理好，小区配套齐全。,https://cd.ke.com/ershoufang/20011117710100104141.html,四川省社会科学院,https://cd.ke.com/xiaoqu/1611061604116/,高楼层(共6层),1996年建,1室1厅,50.67平米,东南,7,2月前发布
2701,三房出售朝南对中庭不临街安静居家,https://cd.ke.com/ershoufang/20011017710100192780.html,北斗星花园,https://cd.ke.com/xiaoqu/1611059035395/,低楼层(共21层),2001年建,3室2厅,149.66平米,东南,22,2月前发布
2702,光华美邻2室1厅南,https://cd.ke.com/ershoufang/20011017710100192337.html,光华美邻,https://cd.ke.com/xiaoqu/1611041788645/,高楼层(共18层),2007年建,2室1厅,85平米,南,7,2月前发布
2703,兴城融域装修大套二1:2梯户比通透户型！！！,https://cd.ke.com/ershoufang/20011017710100188499.html,兴城融域,https://cd.ke.com/xiaoqu/1611042047653/,中楼层(共11层),2009年建,2室1厅,90.96平米,西,1,2月前发布
2704,凯德风尚套四精装修户型方正布局合理,https://cd.ke.com/ershoufang/20011017710100185990.html,凯德风尚,https://cd.ke.com/xiaoqu/1611043174238/,高楼层(共18层),2012年建,4室2厅,178平米,东南,2,2月前发布
2705,府南新区套二，不临街，三阳台，楼层好,https://cd.ke.com/ershoufang/20011017710100182471.html,锦桂苑,https://cd.ke.com/xiaoqu/1611041843351/,中楼层(共7层),1999年建,2室1厅,80.22平米,东南,3,2月前发布
2706,金沙十年3室2厅南,https://cd.ke.com/ershoufang/20011017710100180469.html,金沙十年,https://cd.ke.com/xiaoqu/1611046285571/,低楼层(共25层),2012年建,3室2厅,87.67平米,南,0,2月前发布
2707,清水路苑2室1厅东,https://cd.ke.com/ershoufang/20011017710100175376.html,清水路苑,https://cd.ke.com/xiaoqu/1611057410255/,中楼层(共18层),2012年建,2室1厅,82.77平米,东,0,2月前发布
2708,朗基中间楼层，客厅带阳台，阳台改建成榻榻米，采光好,https://cd.ke.com/ershoufang/20011017710100174845.html,朗基龙堂,https://cd.ke.com/xiaoqu/1611041619788/,中楼层(共26层),2010年建,1室1厅,50.73平米,西,3,2月前发布
2709,此车位不动产证已经满2年......,https://cd.ke.com/ershoufang/20011017710100173064.html,兴城融域,https://cd.ke.com/xiaoqu/1611042047653/,地下室(共1层),2008年建,1室0厅,37.08平米,南,0,2月前发布
2710,此房为标准套三，对中庭，采光好，户型方正,https://cd.ke.com/ershoufang/20011017710100166946.html,元益花园,https://cd.ke.com/xiaoqu/1611043140046/,高楼层(共21层),2014年建,3室2厅,129.85平米,东北,11,2月前发布
2711,新开寺街28号优质好房标准套二,https://cd.ke.com/ershoufang/20011017710100163147.html,新开寺街28号,https://cd.ke.com/xiaoqu/1611059287597/,高楼层(共7层),1989年建,2室1厅,66.31平米,东南,0,2月前发布
2712,户型方正，标准大套二，配套成熟，中庭位置,https://cd.ke.com/ershoufang/20011017710100157970.html,清水路苑,https://cd.ke.com/xiaoqu/1611057410255/,高楼层(共18层),2012年建,2室2厅,89平米,南,0,2月前发布
2713,元益花园居家套三前后对中庭高楼层视野好,https://cd.ke.com/ershoufang/20011017710100152941.html,元益花园,https://cd.ke.com/xiaoqu/1611043140046/,高楼层(共21层),2014年建,3室1厅,86.05平米,南,54,2月前发布
2714,房子是精装带酒店租约，，，，，，，，,https://cd.ke.com/ershoufang/20011017710100151176.html,成都青羊万达广场,https://cd.ke.com/xiaoqu/1611100040029/,低楼层(共21层),2016年建,1室1厅,27.93平米,北,4,2月前发布
2715,清水路苑简装套三，户型方正，交通便利，配套成熟,https://cd.ke.com/ershoufang/20011017710100150799.html,清水路苑,https://cd.ke.com/xiaoqu/1611057410255/,中楼层(共18层),2012年建,3室2厅,89.22平米,北,4,2月前发布
2716,小关庙33号简装套一交通便利配套齐全,https://cd.ke.com/ershoufang/20011017710100150569.html,小关庙街33号,https://cd.ke.com/xiaoqu/3011053894109/,低楼层(共6层),1994年建,1室1厅,43平米,南,0,2月前发布
2717,蓝光COCO金沙二期、套三单卫清水房，看公园视野,https://cd.ke.com/ershoufang/20011017710100145972.html,蓝光coco金沙二期,https://cd.ke.com/xiaoqu/1611062950321/,中楼层(共17层),2015年建,3室2厅,73.63平米,东北,25,2月前发布
2718,户型方正、标准套二、明厨明卫。,https://cd.ke.com/ershoufang/20011017710100138917.html,战旗东路6号,https://cd.ke.com/xiaoqu/1611061072401/,中楼层(共7层),2001年建,2室1厅,53.4平米,西,26,2月前发布
2719,此房户型方正采光好，住家装修，保养好。,https://cd.ke.com/ershoufang/20011017710100138369.html,百兴苑,https://cd.ke.com/xiaoqu/3011056046096/,中楼层(共5层),2000年建,3室1厅,156.23平米,南,39,2月前发布
2720,宽窄巷子锦都四期通惠门,https://cd.ke.com/ershoufang/20011017710100137994.html,锦都四期,https://cd.ke.com/xiaoqu/3011053409885/,中楼层(共33层),2008年建,4室2厅,144.08平米,南,27,2月前发布
2721,一环内上河新城电梯标准套二环境好,https://cd.ke.com/ershoufang/20011017710100135032.html,上河新城,https://cd.ke.com/xiaoqu/3011053889173/,高楼层(共9层),2005年建,2室1厅,79.51平米,西北,75,2月前发布
2722,0.3环，16年小区，品质物业,https://cd.ke.com/ershoufang/20011017710100134272.html,SG珊顿道,https://cd.ke.com/xiaoqu/1611063132045/,中楼层(共41层),2016年建,1室1厅,64.87平米,南,19,2月前发布
2723,清水路苑中庭位置套二出售,https://cd.ke.com/ershoufang/20011017710100134167.html,清水路苑,https://cd.ke.com/xiaoqu/1611057410255/,高楼层(共18层),2012年建,2室2厅,83平米,东,9,2月前发布
2724,天府广场背后住家装修，低楼层出售,https://cd.ke.com/ershoufang/20011017710100128895.html,人民中路一段5号,https://cd.ke.com/xiaoqu/3011052264362/,低楼层(共4层),1984年建,2室1厅,61.7平米,南,65,2月前发布
2725,青羊区电梯小高层住宅有装修,https://cd.ke.com/ershoufang/20011017710100126570.html,南桥视窗,https://cd.ke.com/xiaoqu/3011053926395/,中楼层(共19层),2006年建,1室1厅,49.76平米,东南,3,2月前发布
2726,揽胜金沙2室1厅东,https://cd.ke.com/ershoufang/20011017710100119284.html,揽胜金沙,https://cd.ke.com/xiaoqu/1611043282868/,中楼层(共35层),2012年建,2室1厅,69.5平米,东,7,2月前发布
2727,朝东套二产权满2年客厅、卧室带大飘窗,https://cd.ke.com/ershoufang/20011017710100115394.html,俊发时光俊园,https://cd.ke.com/xiaoqu/1611049464265/,低楼层(共21层),2014年建,2室2厅,75.63平米,东,2,2月前发布
2728,保利香槟光华，精装套二，可拎包入住。,https://cd.ke.com/ershoufang/20011017710100111414.html,保利香槟光华,https://cd.ke.com/xiaoqu/1611060968918/,中楼层(共18层),2014年建,2室1厅,55.97平米,北,4,2月前发布
2729,此房满两年，，对小区中庭，安静不临街，交通便利！,https://cd.ke.com/ershoufang/20011017710100110576.html,锦都,https://cd.ke.com/xiaoqu/3011053410699/,中楼层(共25层),2004年建,1室1厅,53平米,东,16,2月前发布
2730,蓝光雍锦园2018年新交房小区，西门品质内跃户型。,https://cd.ke.com/ershoufang/20011017710100110471.html,蓝光雍锦园,https://cd.ke.com/xiaoqu/1611700029895222/,低楼层(共21层),2018年建,4室2厅,186.06平米,南,32,2月前发布
2731,北森精装修电梯套二户型方正业主自住保养好,https://cd.ke.com/ershoufang/20011017710100106540.html,双玺,https://cd.ke.com/xiaoqu/1611041609498/,低楼层(共18层),2011年建,2室1厅,77.28平米,东,11,2月前发布
2732,贝森兴苑套二有装修中间楼层,https://cd.ke.com/ershoufang/20010917710100208713.html,贝森兴苑,https://cd.ke.com/xiaoqu/1611041867455/,中楼层(共7层),2000年建,2室1厅,70.94平米,南,57,2月前发布
2733,乐摩筑标准套一，户型方正，适合温馨居家,https://cd.ke.com/ershoufang/20010917710100207971.html,乐摩筑,https://cd.ke.com/xiaoqu/1611041620915/,中楼层(共26层),2010年建,1室1厅,52.48平米,南,0,2月前发布
2734,青羊区北大街居家小区标准套三采光好,https://cd.ke.com/ershoufang/20010917710100203984.html,北大街32号,https://cd.ke.com/xiaoqu/3011053885687/,中楼层(共8层),1998年建,3室1厅,93.11平米,东,2,2月前发布
2735,清水河畔套一带阳台有装修,https://cd.ke.com/ershoufang/20010917710100200630.html,清水河畔,https://cd.ke.com/xiaoqu/1611041558279/,低楼层(共23层),2008年建,1室1厅,50.09平米,西南,3,2月前发布
2736,东原套二，装修保养好，业主诚心出售,https://cd.ke.com/ershoufang/20010917710100201730.html,东原时光道,https://cd.ke.com/xiaoqu/1611063210428/,高楼层(共21层),2015年建,2室1厅,57.51平米,西南,8,2月前发布
2737,清溪南街19号标准套二生活方便,https://cd.ke.com/ershoufang/20010917710100200914.html,清溪南街19号,https://cd.ke.com/xiaoqu/1611061101863/,低楼层(共7层),1997年建,2室2厅,48.65平米,南,3,2月前发布
2738,青羊区白领尊邸电梯房朝南文殊院,https://cd.ke.com/ershoufang/20010917710100195638.html,白领尊邸,https://cd.ke.com/xiaoqu/1611059800828/,低楼层(共16层),2000年建,1室1厅,50.92平米,东南,49,2月前发布
2739,精装修，带家具家电，视野开阔，管理好，地铁口,https://cd.ke.com/ershoufang/20010917710100194179.html,壹号公馆,https://cd.ke.com/xiaoqu/1611059498854/,中楼层(共29层),2008年建,1室1厅,50.47平米,西南,8,2月前发布
2740,石人北路100号，标准套三，低楼层,https://cd.ke.com/ershoufang/20010917710100190356.html,石人北路100号,https://cd.ke.com/xiaoqu/3011052293810/,低楼层(共7层),1997年建,3室1厅,73.13平米,东南,25,2月前发布
2741,西华门街3号3室2厅南,https://cd.ke.com/ershoufang/20010917710100188565.html,西华门街3号,https://cd.ke.com/xiaoqu/1620027330585050/,低楼层(共7层),2000年建,3室2厅,94.1平米,南,2,2月前发布
2742,成都西站，青羊万达旁，套二出售,https://cd.ke.com/ershoufang/20010917710100186888.html,清水路苑,https://cd.ke.com/xiaoqu/1611057410255/,低楼层(共18层),2012年建,2室2厅,80.84平米,西南西,0,2月前发布
2743,艺术家苑3室2厅南北,https://cd.ke.com/ershoufang/20010917710100183658.html,艺术家苑,https://cd.ke.com/xiaoqu/3011056088642/,高楼层(共7层),2000年建,3室2厅,112.6平米,南北,2,2月前发布
2744,保利金香槟2室1厅东北,https://cd.ke.com/ershoufang/20010917710100181923.html,保利金香槟,https://cd.ke.com/xiaoqu/1611043451443/,低楼层(共18层),2012年建,2室1厅,78平米,东北,6,2月前发布
2745,元益花园标准套三户型方正交通便利,https://cd.ke.com/ershoufang/20010917710100179343.html,元益花园,https://cd.ke.com/xiaoqu/1611043140046/,高楼层(共21层),2014年建,3室1厅,97.75平米,东,0,2月前发布
2746,标准套二居家装修户型端正,https://cd.ke.com/ershoufang/20010917710100179723.html,中大君悦金沙三期,https://cd.ke.com/xiaoqu/1611041886530/,中楼层(共23层),2009年建,2室2厅,88.65平米,南,14,2月前发布
2747,青羊区低楼层标准套二清水,https://cd.ke.com/ershoufang/20010917710100179660.html,奎星楼街25号,https://cd.ke.com/xiaoqu/1611060907534/,中楼层(共7层),1979年建,2室1厅,63.6平米,西南,4,2月前发布
2748,此房简单装修，有阳台，安静。户型方正有装修。,https://cd.ke.com/ershoufang/20010917710100168711.html,左右,https://cd.ke.com/xiaoqu/1611041556995/,低楼层(共25层),2010年建,2室1厅,60.41平米,东,7,2月前发布
2749,青羊上街小区套二高层采光好,https://cd.ke.com/ershoufang/20010917710100167357.html,青羊上街398号,https://cd.ke.com/xiaoqu/1614491114572866/,高楼层(共7层),1997年建,2室1厅,52平米,东南,10,2月前发布
2750,石人南路100号，三楼，小区可以停车,https://cd.ke.com/ershoufang/20010917710100164979.html,石人南路100号,https://cd.ke.com/xiaoqu/3011056019699/,中楼层(共7层),1997年建,2室1厅,53.13平米,东南,11,2月前发布
2751,金沙鹭岛一期，负一楼车位，位置好，空间大。,https://cd.ke.com/ershoufang/20010917710100163662.html,金沙鹭岛一期,https://cd.ke.com/xiaoqu/1611043175149/,地下室(共层)1室0厅,37.16平米,东,,,1,2月前发布
2752,青羊万达电梯小套二位置好,https://cd.ke.com/ershoufang/20010917710100158929.html,荣盛花语城,https://cd.ke.com/xiaoqu/1611063648395/,中楼层(共20层),2014年建,2室1厅,61.71平米,北,3,2月前发布
2753,孟家巷7号楼层好采光好孟家巷7号,https://cd.ke.com/ershoufang/20010917710100157785.html,孟家巷7号,https://cd.ke.com/xiaoqu/1620021761352757/,中楼层(共6层),1985年建,2室0厅,64.24平米,西北,10,2月前发布
2754,此房户型方正，中间楼层，采光良好,https://cd.ke.com/ershoufang/20010917710100155326.html,包家巷121号,https://cd.ke.com/xiaoqu/1620024808696392/,中楼层(共5层)1室1厅,49.5平米,南,,,17,2月前发布
2755,上同仁路花样年华新街坊精装套一出售,https://cd.ke.com/ershoufang/20010917710100154455.html,花样年华新街坊二期,https://cd.ke.com/xiaoqu/1611059316102/,中楼层(共25层),2009年建,1室1厅,46.99平米,南,2,2月前发布
2756,青羊区满两年精装修小套二万达边,https://cd.ke.com/ershoufang/20010917710100147514.html,长虹和悦府,https://cd.ke.com/xiaoqu/1611063890469/,中楼层(共20层),2015年建,2室1厅,62平米,西北,19,2月前发布
2757,元益花园简装套三户型方正.,https://cd.ke.com/ershoufang/20010917710100143151.html,元益花园,https://cd.ke.com/xiaoqu/1611043140046/,低楼层(共21层),2014年建,3室2厅,106.99平米,东,1,2月前发布
2758,壹号公馆高楼层套一装修保养好采光好,https://cd.ke.com/ershoufang/20010917710100140818.html,壹号公馆,https://cd.ke.com/xiaoqu/1611059498854/,高楼层(共29层),2008年建,1室1厅,75.93平米,东东北,9,2月前发布
2759,锦秀光华居家套二适合居住优质房源不等人,https://cd.ke.com/ershoufang/20010917710100139575.html,锦绣光华,https://cd.ke.com/xiaoqu/1611041618340/,低楼层(共20层),2010年建,2室1厅,54.56平米,南北,3,2月前发布
2760,标准套一，顶楼，视野开阔，交通便利。,https://cd.ke.com/ershoufang/20010917710100138142.html,大庆路101号,https://cd.ke.com/xiaoqu/1611057722664/,高楼层(共6层)1室1厅,40.63平米,南,,,3,2月前发布
2761,泡桐树街公寓低楼层标准套三户型好,https://cd.ke.com/ershoufang/20010917710100132722.html,泡桐树公寓,https://cd.ke.com/xiaoqu/3011055625095/,中楼层(共7层)3室2厅,157.51平米,南,,,16,2月前发布
2762,青羊区西城角巷套二出售,https://cd.ke.com/ershoufang/20010917710100131942.html,西城角巷11号,https://cd.ke.com/xiaoqu/1620022288954396/,中楼层(共6层),1998年建,2室1厅,72.49平米,南,16,2月前发布
2763,四道街一楼正规套三出售,https://cd.ke.com/ershoufang/20010917710100132283.html,四道街5号,https://cd.ke.com/xiaoqu/1611060629041/,低楼层(共7层),1992年建,3室1厅,92.08平米,东南,6,2月前发布
2764,青羊区长顺下街套二出售,https://cd.ke.com/ershoufang/20010917710100130885.html,长顺下街67号,https://cd.ke.com/xiaoqu/1611062509404/,中楼层(共7层),1990年建,2室1厅,71平米,南,19,2月前发布
2765,青羊区金色夏威夷标间出售,https://cd.ke.com/ershoufang/20010917710100130767.html,金色夏威夷,https://cd.ke.com/xiaoqu/3011054788453/,中楼层(共15层),2003年建,1室0厅,37.74平米,南,0,2月前发布
2766,青羊区时代凯悦大标间出售,https://cd.ke.com/ershoufang/20010917710100132337.html,时代凯悦,https://cd.ke.com/xiaoqu/1611058909990/,低楼层(共40层),2006年建,1室1厅,47.44平米,南,9,2月前发布
2767,青羊区四道街套一出售南北通透,https://cd.ke.com/ershoufang/20010917710100130915.html,四道街1号,https://cd.ke.com/xiaoqu/1611100284194/,中楼层(共7层),1992年建,1室1厅,47平米,南东北,7,2月前发布
2768,青羊区槐树街套三出售,https://cd.ke.com/ershoufang/20010917710100131287.html,槐树街2号,https://cd.ke.com/xiaoqu/1611099871436/,中楼层(共8层),2000年建,3室2厅,120.97平米,东南,0,2月前发布
2769,地处一环内小户型好出租,https://cd.ke.com/ershoufang/20010917710100131574.html,长顺下街148号,https://cd.ke.com/xiaoqu/1611061539287/,中楼层(共7层),1994年建,1室1厅,39.76平米,东南,6,2月前发布
2770,英伦金沙标准套二，客厅带阳台。,https://cd.ke.com/ershoufang/20010917710100127687.html,英伦金沙,https://cd.ke.com/xiaoqu/1611043139764/,中楼层(共24层),2011年建,2室1厅,74.42平米,西北,38,2月前发布
2771,大地新光华套一出售干净整洁,https://cd.ke.com/ershoufang/20010917710100127282.html,大地新光华广场,https://cd.ke.com/xiaoqu/1611043937297/,高楼层(共15层),2000年建,1室1厅,47平米,南,1,2月前发布
2772,西华家园套一户型安静不临街,https://cd.ke.com/ershoufang/20010917710100122568.html,西华家园,https://cd.ke.com/xiaoqu/1611041810505/,高楼层(共6层),2000年建,1室1厅,42.51平米,北,15,2月前发布
2773,上品金沙1室0厅南,https://cd.ke.com/ershoufang/20010917710100120463.html,上品金沙,https://cd.ke.com/xiaoqu/3011055315135/,地下室(共1层)1室0厅,22.44平米,南,,,0,2月前发布
2774,杏苑中层精装大三室户型好采光好不临街带车库,https://cd.ke.com/ershoufang/20010917710100116636.html,杏苑,https://cd.ke.com/xiaoqu/3011053665086/,中楼层(共7层),2002年建,3室2厅,139.22平米,南,3,2月前发布
2775,太升地铁路口，办公方便，干净整洁,https://cd.ke.com/ershoufang/20010917710100115042.html,自由城,https://cd.ke.com/xiaoqu/1611057275356/,低楼层(共7层),2006年建,1室1厅,238.79平米,东,0,2月前发布
2776,金沙区，标准套二，采光好，精装修，可拎包入住。,https://cd.ke.com/ershoufang/20010917710100114391.html,中大君悦金沙六期,https://cd.ke.com/xiaoqu/1611044922776/,低楼层(共24层),2012年建,2室2厅,81.49平米,西南,12,2月前发布
2777,凤栖桐套二中间楼层安静不临街,https://cd.ke.com/ershoufang/20010917710100112713.html,凤栖桐,https://cd.ke.com/xiaoqu/3011054833607/,中楼层(共32层),2011年建,2室1厅,63.47平米,东,2,2月前发布
2778,贝森大套三小高层电梯精装修,https://cd.ke.com/ershoufang/20010917710100112413.html,新阳光健康家园,https://cd.ke.com/xiaoqu/1611041924937/,高楼层(共9层),2001年建,3室1厅,143.97平米,南,15,2月前发布
2779,一环内，大标间，精装修。采光好,https://cd.ke.com/ershoufang/20010917710100112184.html,华润峰锦,https://cd.ke.com/xiaoqu/1611100874627/,高楼层(共26层),2014年建,1室0厅,42.61平米,南,1,2月前发布
2780,此小区06年修建，朝东向，隔断式小房间，私密性好,https://cd.ke.com/ershoufang/20010917710100111533.html,时代凯悦,https://cd.ke.com/xiaoqu/1611058909990/,高楼层(共40层),2006年建,1室0厅,39.74平米,东南,2,2月前发布
2781,客厅朝南对中庭，安静，采光充足视野好,https://cd.ke.com/ershoufang/20010917710100111411.html,中铁西子香荷,https://cd.ke.com/xiaoqu/1611041555455/,高楼层(共32层),2010年建,4室2厅,141平米,南北,20,2月前发布
2782,此房满5年，一手业主。中间楼层，采光与视野好,https://cd.ke.com/ershoufang/20010917710100109825.html,成都花园翠雍华庭,https://cd.ke.com/xiaoqu/1611041600490/,中楼层(共11层),2002年建,3室2厅,132平米,南,4,2月前发布
2783,清河阳光标准套二户型方正采光好,https://cd.ke.com/ershoufang/20010917710100109124.html,清河阳光,https://cd.ke.com/xiaoqu/1611043168201/,高楼层(共18层),2010年建,2室1厅,89.04平米,南,3,2月前发布
2784,金沙海棠，套二双卫户型，朝南采光不错,https://cd.ke.com/ershoufang/20010917710100107223.html,金沙海棠,https://cd.ke.com/xiaoqu/1611041589970/,高楼层(共18层),2012年建,2室2厅,90.72平米,西南,14,2月前发布
2785,现代城标准套二，安静不临街。采光好,https://cd.ke.com/ershoufang/20010917710100106172.html,现代城人民公园,https://cd.ke.com/xiaoqu/1611041622435/,中楼层(共23层),2004年建,2室1厅,77.1平米,西,17,2月前发布
2786,紫御熙庭，精装套二，带家具家电出售,https://cd.ke.com/ershoufang/20010817710100197323.html,紫御熙庭,https://cd.ke.com/xiaoqu/166991243915920/,高楼层(共21层),2016年建,2室1厅,71.94平米,南,27,2月前发布
2787,套四双卫业主自住保养的好顶楼有花园,https://cd.ke.com/ershoufang/20010817710100190165.html,二十一世纪花园二期,https://cd.ke.com/xiaoqu/1611042007454/,高楼层(共7层),1998年建,4室2厅,158.23平米,南,6,2月前发布
2788,印象金沙2室1厅东南,https://cd.ke.com/ershoufang/20010817710100179439.html,印象金沙,https://cd.ke.com/xiaoqu/1611041601731/,高楼层(共11层),2007年建,2室1厅,89平米,东南,6,2月前发布
2789,恒大广场+0.1环+近地铁+精装修,https://cd.ke.com/ershoufang/20010817710100179161.html,恒大广场,https://cd.ke.com/xiaoqu/167512833405709/,中楼层(共53层),2016年建,2室1厅,102.12平米,南,27,2月前发布
2790,诚信出售，精装，带部分家具家电,https://cd.ke.com/ershoufang/20010817710100176870.html,俊发时光俊园,https://cd.ke.com/xiaoqu/1611049464265/,中楼层(共21层),2014年建,1室1厅,46.53平米,东南,1,2月前发布
2791,青羊区电梯标准套一，朝南采光好,https://cd.ke.com/ershoufang/20010817710100172542.html,时代天骄,https://cd.ke.com/xiaoqu/1611059246711/,低楼层(共28层),2003年建,1室1厅,54.57平米,东南,2,2月前发布
2792,小区环境好可停车，房屋户型方正采光好.,https://cd.ke.com/ershoufang/20010817710100162424.html,四川省社会科学院,https://cd.ke.com/xiaoqu/1611061604116/,中楼层(共5层),1996年建,3室1厅,61.89平米,南北,17,2月前发布
2793,清水路源、交通便利、户型方正、采光好、地理位置优,https://cd.ke.com/ershoufang/20010817710100161124.html,清水路苑,https://cd.ke.com/xiaoqu/1611057410255/,低楼层(共18层),2012年建,2室2厅,81.81平米,东西,0,2月前发布
2794,简单装修现在在出租中卧室客厅全朝南,https://cd.ke.com/ershoufang/20010817710100161253.html,清水路苑,https://cd.ke.com/xiaoqu/1611057410255/,高楼层(共18层),2012年建,2室2厅,89平米,南,0,2月前发布
2795,中大一期全对中庭不临街套二带装修,https://cd.ke.com/ershoufang/20010817710100156119.html,中大君悦金沙一二期,https://cd.ke.com/xiaoqu/1611041740641/,中楼层(共18层),2008年建,2室2厅,86.61平米,东南,3,2月前发布
2796,清水路源、户型方正、交通便利、采光好,https://cd.ke.com/ershoufang/20010817710100156418.html,清水路苑,https://cd.ke.com/xiaoqu/1611057410255/,中楼层(共18层),2012年建,2室2厅,83平米,东西,0,2月前发布
2797,二十一世纪花园一期新装修套二不临街,https://cd.ke.com/ershoufang/20010817710100145388.html,二十一世纪花园一期,https://cd.ke.com/xiaoqu/1620020601436326/,高楼层(共7层),2003年建,2室1厅,86.79平米,西东,78,2月前发布
2798,标准套一客厅带飘窗满两年采光好,https://cd.ke.com/ershoufang/20010817710100146795.html,蓝光SOFA社区,https://cd.ke.com/xiaoqu/1611048335846/,高楼层(共20层),2011年建,1室1厅,49.32平米,东,1,2月前发布
2799,满两年，带阳台，采光好，户型通透，标准套二,https://cd.ke.com/ershoufang/20010817710100148651.html,清水河畔,https://cd.ke.com/xiaoqu/1611041558279/,中楼层(共23层),2008年建,2室2厅,77.55平米,东,2,2月前发布
2800,瑞联路49号优质套一简单装修，不临街，居住方便。,https://cd.ke.com/ershoufang/20010817710100139778.html,瑞联路49号,https://cd.ke.com/xiaoqu/1611043146035/,低楼层(共5层),1965年建,1室1厅,48.57平米,南北,20,2月前发布
2801,该房为精装修套二户型房子视野好无遮挡可以入住,https://cd.ke.com/ershoufang/20010817710100139443.html,城置尚豪庭,https://cd.ke.com/xiaoqu/3011053886340/,中楼层(共26层),2014年建,2室1厅,84.16平米,东,7,2月前发布
2802,人民公园旁电梯小高层水电气三通,https://cd.ke.com/ershoufang/20010817710100139055.html,毕加索小屋,https://cd.ke.com/xiaoqu/3011053899400/,中楼层(共8层),2004年建,1室0厅,33.99平米,东南东,0,2月前发布
2803,石人巷6号装修保养很好标准套三房东自住,https://cd.ke.com/ershoufang/20010817710100138328.html,石人巷6号,https://cd.ke.com/xiaoqu/3011056036727/,中楼层(共7层),1997年建,3室2厅,101.4平米,南,36,2月前发布
2804,人民公园旁标准套三双卫的电梯房,https://cd.ke.com/ershoufang/20010817710100137682.html,旭和倾城一期,https://cd.ke.com/xiaoqu/1611059915579/,低楼层(共29层),2014年建,3室2厅,121.69平米,东南,6,2月前发布
2805,金沙遗址旁，套三双卫，户型方正。,https://cd.ke.com/ershoufang/20010817710100136825.html,锦花苑(青羊),https://cd.ke.com/xiaoqu/1611041922552/,低楼层(共7层),2001年建,3室1厅,115.35平米,南,5,2月前发布
2806,三环内青羊区套二带阳台+有装修,https://cd.ke.com/ershoufang/20010817710100136570.html,贝森园,https://cd.ke.com/xiaoqu/1611041814172/,中楼层(共7层),2000年建,2室2厅,83.57平米,东南,14,2月前发布
2807,清水河畔1室0厅南,https://cd.ke.com/ershoufang/20010817710100135843.html,清水河畔,https://cd.ke.com/xiaoqu/1611041558279/,地下室(共1层),2008年建,1室0厅,24.4平米,南,0,2月前发布
2808,房子户型方正，居家装修，采光充足，楼层合适,https://cd.ke.com/ershoufang/20010817710100133548.html,生活立方,https://cd.ke.com/xiaoqu/1611041806081/,中楼层(共11层),2003年建,1室1厅,56.01平米,西,16,2月前发布
2809,东小标准套二看房提前预约户型方正,https://cd.ke.com/ershoufang/20010817710100131664.html,凤栖桐,https://cd.ke.com/xiaoqu/3011054833607/,低楼层(共32层),2011年建,2室1厅,75.5平米,东南,10,2月前发布
2810,保利金香槟3室2厅东北,https://cd.ke.com/ershoufang/20010817710100129687.html,保利金香槟,https://cd.ke.com/xiaoqu/1611043451443/,低楼层(共18层),2012年建,3室2厅,110.94平米,东北,22,2月前发布
2811,金沙西园电梯标准大套一对中庭采光好拎包入住,https://cd.ke.com/ershoufang/20010817710100124875.html,金沙西园三期,https://cd.ke.com/xiaoqu/1611041585570/,中楼层(共9层),2006年建,1室1厅,61.96平米,西南,77,2月前发布
2812,紫云金沙2室2厅南,https://cd.ke.com/ershoufang/20010817710100124558.html,紫云金沙,https://cd.ke.com/xiaoqu/1611041597991/,低楼层(共31层),2006年建,2室2厅,91.53平米,南,5,2月前发布
2813,罗马国际户型落地窗套一视野好采光好,https://cd.ke.com/ershoufang/20010817710100123333.html,罗马国际,https://cd.ke.com/xiaoqu/1611059485993/,中楼层(共20层),2006年建,1室1厅,66.05平米,南,5,2月前发布
2814,牧电路12号小区套一改套二低楼层不临街,https://cd.ke.com/ershoufang/20010817710100121948.html,牧电路12号,https://cd.ke.com/xiaoqu/3011056038233/,低楼层(共7层),1996年建,2室1厅,45.8平米,西,9,2月前发布
2815,府河内套三+户型方正+小区干净整洁,https://cd.ke.com/ershoufang/20010817710100121789.html,东马道街21号,https://cd.ke.com/xiaoqu/1611059225755/,高楼层(共7层),2003年建,3室1厅,79.8平米,东南,27,2月前发布
2816,青羊区0.5环，小套二，65万，配套成熟,https://cd.ke.com/ershoufang/20010817710100121171.html,狮子巷56号,https://cd.ke.com/xiaoqu/1620020728311385/,高楼层(共6层),1992年建,2室1厅,64.77平米,东北,41,2月前发布
2817,户型方正居家装修，通透户型,https://cd.ke.com/ershoufang/20010817710100113184.html,蓝光COCO金沙一期,https://cd.ke.com/xiaoqu/1611047610092/,高楼层(共18层),2014年建,2室1厅,64.5平米,南,20,2月前发布
2818,浣花南路小区标准套二安静宜居采光充足,https://cd.ke.com/ershoufang/20010817710100110170.html,浣花南路218号,https://cd.ke.com/xiaoqu/1611058725216/,中楼层(共5层),2000年建,2室2厅,80.46平米,西南,8,2月前发布
2819,竹韵菁华标准套一简单装修低楼层,https://cd.ke.com/ershoufang/20010817710100111455.html,竹韵菁华,https://cd.ke.com/xiaoqu/1611060146640/,低楼层(共7层),2000年建,1室1厅,52.35平米,东,6,2月前发布
2820,环境不错，无物业费业主很诚心出售，房子是多余房产,https://cd.ke.com/ershoufang/20010817710100108613.html,心愿花园一期,https://cd.ke.com/xiaoqu/1620029787332492/,中楼层(共6层)2室1厅,80.14平米,东,,,41,2月前发布
2821,锦绣光华标准套二对中庭不临街,https://cd.ke.com/ershoufang/20010817710100103744.html,锦绣光华,https://cd.ke.com/xiaoqu/1611041618340/,高楼层(共20层),2010年建,2室1厅,86.93平米,东南,17,2月前发布
2822,四道街户型方正，采光好，环境安静不临街。,https://cd.ke.com/ershoufang/20010817710100101219.html,四道街1号,https://cd.ke.com/xiaoqu/1611100284194/,中楼层(共7层),1992年建,2室1厅,61.38平米,东西,46,2月前发布
2823,光华锦苑套三双卫户型方正，采光充足，清水房,https://cd.ke.com/ershoufang/20010817710100100356.html,光华锦苑,https://cd.ke.com/xiaoqu/1611047819274/,高楼层(共21层),2013年建,3室1厅,130.88平米,东西,9,2月前发布
2824,该房为标间户型水电气三通带生活阳台采光无遮挡,https://cd.ke.com/ershoufang/20010717710100191265.html,时代印象,https://cd.ke.com/xiaoqu/1611058978088/,中楼层(共14层),2005年建,1室0厅,45.63平米,东南,0,2月前发布
2825,天府广场.人民公园旁套三低楼层出售,https://cd.ke.com/ershoufang/20010717710100187857.html,包家巷80号,https://cd.ke.com/xiaoqu/3011052291088/,低楼层(共7层),1998年建,3室2厅,134.87平米,南,4,2月前发布
2826,城西2.5环电梯一梯两户套三出售,https://cd.ke.com/ershoufang/20010717710100187520.html,水木光华,https://cd.ke.com/xiaoqu/1611041807591/,高楼层(共11层),2004年建,3室2厅,121.76平米,东西,4,2月前发布
2827,2000年的小区房无遮挡采光好,https://cd.ke.com/ershoufang/20010717710100177182.html,槐树街2号,https://cd.ke.com/xiaoqu/1611099871436/,中楼层(共8层),2000年建,2室2厅,111.67平米,东南,2,2月前发布
2828,西城家园标准套二2000年商品房,https://cd.ke.com/ershoufang/20010717710100167474.html,西城家园(青羊),https://cd.ke.com/xiaoqu/1611042045497/,高楼层(共5层),2000年建,2室1厅,82.54平米,南,6,2月前发布
2829,锦天国际有装修有阳台明厨明卫视野开阔,https://cd.ke.com/ershoufang/20010717710100162498.html,锦天国际,https://cd.ke.com/xiaoqu/3011053776089/,高楼层(共32层),2009年建,2室1厅,91.4平米,南,5,2月前发布
2830,稀有带超大假山河花园装修保养良好标准套四,https://cd.ke.com/ershoufang/20010717710100161535.html,优品道一期,https://cd.ke.com/xiaoqu/1617975788973477/,低楼层(共11层),2006年建,4室1厅,174.27平米,南,7,2月前发布
2831,青羊区美苑精装套一随时可看。,https://cd.ke.com/ershoufang/20010717710100160122.html,美苑(青羊),https://cd.ke.com/xiaoqu/1611043104297/,低楼层(共18层),2000年建,1室1厅,48.76平米,南,91,2月前发布
2832,标准套三，户型方正，中间楼层，采光好,https://cd.ke.com/ershoufang/20010717710100158665.html,四川省社会科学院,https://cd.ke.com/xiaoqu/1611061604116/,中楼层(共5层),1996年建,3室1厅,75.93平米,东南,60,2月前发布
2833,锦里西路现代城明厨明卫装修保养好,https://cd.ke.com/ershoufang/20010717710100156176.html,现代城人民公园,https://cd.ke.com/xiaoqu/1611041622435/,低楼层(共23层),2004年建,1室1厅,52.72平米,东北,17,2月前发布
2834,二环内，实验旁，附件有沃尔玛，石人公园，生活方便,https://cd.ke.com/ershoufang/20010717710100155043.html,文苑路70号,https://cd.ke.com/xiaoqu/1611057623484/,高楼层(共7层),1997年建,2室1厅,56平米,南,3,2月前发布
2835,新上，卧龙晓城，小套二，商圈成熟，交通方便,https://cd.ke.com/ershoufang/20010717710100153780.html,卧龙晓城,https://cd.ke.com/xiaoqu/1611042045164/,中楼层(共6层),2003年建,2室1厅,60.81平米,南,46,2月前发布
2836,心灵家园清水洋房，中间楼层，坐北朝南，安静.,https://cd.ke.com/ershoufang/20010717710100153247.html,心灵家园,https://cd.ke.com/xiaoqu/1611047974363/,中楼层(共10层),2013年建,3室2厅,118.39平米,南,35,2月前发布
2837,全中庭，不临街，采光好，户型方正,https://cd.ke.com/ershoufang/20010717710100152971.html,二十一世纪花园一期,https://cd.ke.com/xiaoqu/1620020601436326/,中楼层(共8层),2003年建,3室2厅,118.19平米,东南,14,2月前发布
2838,凯德风尚精装套二朝南对中庭,https://cd.ke.com/ershoufang/20010717710100152833.html,凯德风尚,https://cd.ke.com/xiaoqu/1611043174238/,低楼层(共19层),2012年建,2室1厅,89.35平米,南,10,2月前发布
2839,文殊院地铁口标准电梯套一满五唯一免个税,https://cd.ke.com/ershoufang/20010717710100146164.html,证大正府,https://cd.ke.com/xiaoqu/3011053839948/,高楼层(共32层),2010年建,1室1厅,61.42平米,南北,2,2月前发布
2840,标准套二一梯两户位置安静交通便利,https://cd.ke.com/ershoufang/20010717710100143025.html,锦欣苑,https://cd.ke.com/xiaoqu/1611061069912/,中楼层(共7层),1999年建,2室2厅,68平米,南,0,2月前发布
2841,户型方正套四双卫，带四个大阳台，交通便利,https://cd.ke.com/ershoufang/20010717710100138452.html,桂园,https://cd.ke.com/xiaoqu/1610748415978666/,中楼层(共5层)4室2厅,158.82平米,南,,,73,2月前发布
2842,光华杏林对中庭套一，居家装修。。,https://cd.ke.com/ershoufang/20010717710100137285.html,光华杏林,https://cd.ke.com/xiaoqu/1611041605688/,低楼层(共21层),2010年建,1室1厅,53.5平米,东,6,2月前发布
2843,青羊区槐树街中间楼层采光好精装套二,https://cd.ke.com/ershoufang/20010717710100136920.html,槐树街39号,https://cd.ke.com/xiaoqu/1611062509334/,低楼层(共7层),1990年建,2室1厅,65.15平米,东南,0,2月前发布
2844,西站旁，标准大套二业主诚心急售，看房方便,https://cd.ke.com/ershoufang/20010717710100136381.html,锦绣光华,https://cd.ke.com/xiaoqu/1611041618340/,中楼层(共20层),2010年建,2室1厅,81.43平米,东,0,2月前发布
2845,青羊区，摸底河畔，精装小三房，3楼，不临街,https://cd.ke.com/ershoufang/20010717710100135573.html,磨底河沿街11号,https://cd.ke.com/xiaoqu/1611057710320/,中楼层(共7层),1990年建,3室1厅,57.1平米,东南,8,2月前发布
2846,此房满五年，出行方便，户型方正，居住方便舒适。,https://cd.ke.com/ershoufang/20010717710100130078.html,建发金沙里,https://cd.ke.com/xiaoqu/1611046452705/,低楼层(共31层),2012年建,3室2厅,148.57平米,南北,2,2月前发布
2847,槐树街26号3室1厅南北,https://cd.ke.com/ershoufang/20010717710100127324.html,槐树街26号,https://cd.ke.com/xiaoqu/1617948221911203/,高楼层(共7层)3室1厅,58.8平米,南北,,,0,2月前发布
2848,中大君悦金沙一二期套三双卫带书房,https://cd.ke.com/ershoufang/20010717710100126020.html,中大君悦金沙一二期,https://cd.ke.com/xiaoqu/1611041740641/,高楼层(共11层),2008年建,3室1厅,132.58平米,西北,21,2月前发布
2849,恒大广场+0.1环+地下车位+自用,https://cd.ke.com/ershoufang/20010717710100123435.html,恒大广场,https://cd.ke.com/xiaoqu/167512833405709/,地下室(共层)1室0厅,75.12平米,东南,,,1,2月前发布
2850,成都西站地铁口，套二户型通透。对中庭,https://cd.ke.com/ershoufang/20010717710100121292.html,清水路苑,https://cd.ke.com/xiaoqu/1611057410255/,低楼层(共18层),2012年建,2室2厅,83平米,东,41,2月前发布
2851,大地锦苑3室1厅南,https://cd.ke.com/ershoufang/20010717710100120580.html,大地锦苑,https://cd.ke.com/xiaoqu/1611041815597/,中楼层(共11层),2006年建,3室1厅,130平米,南,6,2月前发布
2852,省气象局新上房源，出租中，看房提前约,https://cd.ke.com/ershoufang/20010717710100119786.html,省气象局宿舍,https://cd.ke.com/xiaoqu/1611043113335/,低楼层(共3层),1999年建,2室1厅,58.28平米,东南,5,2月前发布
2853,金地嘉年华对中庭套二满两年位置安静,https://cd.ke.com/ershoufang/20010717710100112891.html,金地嘉年华城A区,https://cd.ke.com/xiaoqu/1611047923266/,中楼层(共25层),2010年建,2室1厅,79平米,南西,5,2月前发布
2854,金沙园二期1室0厅东南,https://cd.ke.com/ershoufang/20010717710100110648.html,金沙园二期,https://cd.ke.com/xiaoqu/1611041617123/,地下室(共层)1室0厅,28.72平米,东南,,,1,2月前发布
2855,八宝街万和苑标准套三带阳台，采光好楼下家乐福,https://cd.ke.com/ershoufang/20010717710100106730.html,万和苑,https://cd.ke.com/xiaoqu/3011053918752/,中楼层(共29层),1999年建,3室1厅,128.1平米,东北,26,2月前发布
2856,内金沙标准套二，精装修，通透敞亮！,https://cd.ke.com/ershoufang/20010717710100106265.html,听城,https://cd.ke.com/xiaoqu/1611041809534/,高楼层(共25层),2009年建,2室2厅,84.98平米,东南,4,2月前发布
2857,浣花溪旁电梯朝南临河套三带车位出售,https://cd.ke.com/ershoufang/20010717710100105120.html,怡馨花园A区,https://cd.ke.com/xiaoqu/1611041811113/,高楼层(共11层),2004年建,3室2厅,153.76平米,南,7,2月前发布
2858,内金沙标准大套三，朝南对中庭，安静不临街！,https://cd.ke.com/ershoufang/20010717710100100474.html,听城,https://cd.ke.com/xiaoqu/1611041809534/,高楼层(共25层),2009年建,3室1厅,127.55平米,东南,5,2月前发布
2859,此车位已满五年，出行方便，标准车位,https://cd.ke.com/ershoufang/20010617710100167887.html,锦天国际,https://cd.ke.com/xiaoqu/3011053776089/,地下室(共层),2009年建,1室0厅,49.8平米,南,0,2月前发布
2860,此房已满五年，有装修，出行方便，户型方正,https://cd.ke.com/ershoufang/20010617710100167610.html,锦天国际,https://cd.ke.com/xiaoqu/3011053776089/,高楼层(共32层),2009年建,2室1厅,79.59平米,西南,14,2月前发布
2861,青羊区太升南路德盛路老小区套二房东诚意出售,https://cd.ke.com/ershoufang/20010617710100166337.html,德盛路7号,https://cd.ke.com/xiaoqu/1620021308205693/,中楼层(共7层)2室1厅,60.68平米,西南,,,3,2月前发布
2862,房子精装修+套三+视野好+拎包入住,https://cd.ke.com/ershoufang/20010617710100164361.html,金沙鹭岛四期,https://cd.ke.com/xiaoqu/167512342934401/,高楼层(共30层),2017年建,3室1厅,89.28平米,东南,31,2月前发布
2863,蓝光COCO金沙三期2室1厅东南,https://cd.ke.com/ershoufang/20010617710100161839.html,蓝光COCO金沙三期,https://cd.ke.com/xiaoqu/1611050190095/,中楼层(共22层),2015年建,2室1厅,52.59平米,东南,19,2月前发布
2864,青森新上房源，套二公摊小，优质房源急售无按揭,https://cd.ke.com/ershoufang/20010617710100161382.html,青森小区,https://cd.ke.com/xiaoqu/1611041804208/,低楼层(共7层),1998年建,2室1厅,81平米,东,6,2月前发布
2865,青羊区人民公园旁电梯住宅有装修,https://cd.ke.com/ershoufang/20010617710100159948.html,南桥视窗,https://cd.ke.com/xiaoqu/3011053926395/,高楼层(共19层),2006年建,1室1厅,55.96平米,东南,4,2月前发布
2866,套二有装修户型方正朝南对中庭,https://cd.ke.com/ershoufang/20010617710100156770.html,世纪金沙,https://cd.ke.com/xiaoqu/1611041583154/,低楼层(共24层),2009年建,2室2厅,89.04平米,南,40,2月前发布
2867,清水路苑中装套二交通便利户型方正视野开阔,https://cd.ke.com/ershoufang/20010617710100153711.html,清水路苑,https://cd.ke.com/xiaoqu/1611057410255/,中楼层(共18层),2012年建,2室2厅,83平米,东南,0,2月前发布
2868,楼层好，采光充足，通透户型，业主诚心出售。,https://cd.ke.com/ershoufang/20010617710100148935.html,天合凯旋城,https://cd.ke.com/xiaoqu/1611041583632/,高楼层(共31层),2008年建,3室2厅,149平米,西南,23,2月前发布
2869,俯瞰清水河套四视野开阔无户口无抵押,https://cd.ke.com/ershoufang/20010617710100144481.html,翠微清波A区,https://cd.ke.com/xiaoqu/1611041602744/,低楼层(共18层),2008年建,4室2厅,149.14平米,西,8,2月前发布
2870,琴台路1号2室1厅南,https://cd.ke.com/ershoufang/20010617710100142163.html,琴台路1号,https://cd.ke.com/xiaoqu/1611059417881/,低楼层(共6层)2室1厅,54.09平米,南,,,7,2月前发布
2871,小户型套一，朝南对中庭，客厅带阳台,https://cd.ke.com/ershoufang/20010617710100138087.html,元益花园,https://cd.ke.com/xiaoqu/1611043140046/,中楼层(共21层),2014年建,1室1厅,39.95平米,南,2,2月前发布
2872,内金沙，清爽装修，简约不简单，2号线羊犀立交,https://cd.ke.com/ershoufang/20010617710100137297.html,欧韵金沙,https://cd.ke.com/xiaoqu/1611049131458/,中楼层(共18层),2013年建,2室2厅,79.15平米,东北,1,2月前发布
2873,天府广背后套三户型简单装修,https://cd.ke.com/ershoufang/20010617710100137016.html,人民中路一段5号,https://cd.ke.com/xiaoqu/3011052264362/,高楼层(共6层),1989年建,3室1厅,77.84平米,南,30,2月前发布
2874,中大君悦金沙一二期4室2厅东南,https://cd.ke.com/ershoufang/20010617710100133272.html,中大君悦金沙一二期,https://cd.ke.com/xiaoqu/1611041740641/,低楼层(共18层),2008年建,4室2厅,245.11平米,东南,14,2月前发布
2875,电梯套三，满二年，对中庭，采光好，带装修。,https://cd.ke.com/ershoufang/20010617710100132217.html,蔚蓝天地二期,https://cd.ke.com/xiaoqu/1611041920925/,中楼层(共11层),2002年建,3室2厅,112.5平米,北,33,2月前发布
2876,地铁中坝站蓝光品质标准套二居家装修,https://cd.ke.com/ershoufang/20010617710100131646.html,蓝光SOFA社区,https://cd.ke.com/xiaoqu/1611048335846/,低楼层(共20层),2011年建,2室1厅,76.12平米,北,7,2月前发布
2877,培风80号青年教师公寓标准套一,https://cd.ke.com/ershoufang/20010617710100130770.html,培风小区80号,https://cd.ke.com/xiaoqu/1611041578057/,中楼层(共11层),2000年建,1室1厅,61.36平米,东,4,2月前发布
2878,西南财大麦德龙旁，小区中庭电梯套三双卫,https://cd.ke.com/ershoufang/20010617710100125575.html,蔚蓝天地二期,https://cd.ke.com/xiaoqu/1611041920925/,中楼层(共11层),2002年建,3室2厅,128.37平米,南,45,2月前发布
2879,青羊区石人公园旁套二中间楼层,https://cd.ke.com/ershoufang/20010617710100123080.html,石人西路28号,https://cd.ke.com/xiaoqu/3011052386802/,中楼层(共7层),1995年建,2室1厅,50.85平米,南,0,2月前发布
2880,二十一世纪花园新上套三双卫，中间楼层采光好,https://cd.ke.com/ershoufang/20010617710100118253.html,二十一世纪花园一期,https://cd.ke.com/xiaoqu/1620020601436326/,中楼层(共8层),2003年建,3室2厅,118.35平米,西,3,2月前发布
2881,博瑞都市花园1楼带花园，不临街,https://cd.ke.com/ershoufang/20010617710100111039.html,博瑞都市花园,https://cd.ke.com/xiaoqu/1611043156602/,低楼层(共6层),2004年建,3室2厅,130.07平米,南北,15,2月前发布
2882,单位房，标准套四，户型方正，中间楼层,https://cd.ke.com/ershoufang/20010617710100110426.html,青华北一街4号,https://cd.ke.com/xiaoqu/1611058722043/,中楼层(共7层),2000年建,4室2厅,128.68平米,南,81,2月前发布
2883,万和苑2室2厅东,https://cd.ke.com/ershoufang/20010617710100108823.html,万和苑,https://cd.ke.com/xiaoqu/3011053918752/,高楼层(共31层),1999年建,2室2厅,109.78平米,东,13,2月前发布
2884,2梯4户，高层楼视野开阔，客厅卧室朝南看河。,https://cd.ke.com/ershoufang/20010617710100106638.html,国嘉华庭,https://cd.ke.com/xiaoqu/1611042971234/,高楼层(共33层),2002年建,3室1厅,133.55平米,南,39,2月前发布
2885,同善桥东街8号简单装修视野开阔带有双阳台,https://cd.ke.com/ershoufang/20010617710100105656.html,同善桥东街8号,https://cd.ke.com/xiaoqu/1610029103854166/,高楼层(共7层)3室2厅,86.46平米,南,,,12,2月前发布
2886,天盛壹电梯套一，精装修文殊院地铁口拎包入住,https://cd.ke.com/ershoufang/20010517710100204216.html,天盛壹中心,https://cd.ke.com/xiaoqu/3011053885843/,低楼层(共31层),2008年建,1室1厅,48平米,西南,2,2月前发布
2887,标准车位，产权清晰，方便停车......,https://cd.ke.com/ershoufang/20010517710100202727.html,时代尊城,https://cd.ke.com/xiaoqu/1611041601162/,地下室(共层)1室0厅,20.78平米,南,,,0,2月前发布
2888,中铁西子香荷2室1厅东南,https://cd.ke.com/ershoufang/20010517710100200721.html,中铁西子香荷,https://cd.ke.com/xiaoqu/1611041555455/,高楼层(共33层),2010年建,2室1厅,85.28平米,东南,1,2月前发布
2889,佳兆业次新房，婚房装修满二,https://cd.ke.com/ershoufang/20010517710100199421.html,佳兆业广场,https://cd.ke.com/xiaoqu/166988596260316/,高楼层(共15层),2016年建,3室1厅,84.03平米,东南,15,2月前发布
2890,北斗星花园中楼层大套三西南朝向采光好,https://cd.ke.com/ershoufang/20010517710100198830.html,北斗星花园,https://cd.ke.com/xiaoqu/1611059035395/,低楼层(共21层),2001年建,3室2厅,149.66平米,西南,13,2月前发布
2891,户型好，精装修带地暖，对中庭视野好，采光足,https://cd.ke.com/ershoufang/20010517710100197687.html,俊发时光俊园,https://cd.ke.com/xiaoqu/1611049464265/,低楼层(共21层),2014年建,3室2厅,92.93平米,南,32,2月前发布
2892,中大君悦金沙七期君逸院2室2厅西南,https://cd.ke.com/ershoufang/20010517710100196719.html,中大君悦金沙七期君逸院,https://cd.ke.com/xiaoqu/1611047383909/,低楼层(共23层),2014年建,2室2厅,88.2平米,西南,2,2月前发布
2893,香格里拉花园2室1厅东,https://cd.ke.com/ershoufang/20010517710100196234.html,香格里拉花园,https://cd.ke.com/xiaoqu/1611042981259/,中楼层(共11层),2002年建,2室1厅,88.17平米,东,4,2月前发布
2894,铸信境界3室1厅东,https://cd.ke.com/ershoufang/20010517710100195026.html,铸信境界,https://cd.ke.com/xiaoqu/1611041556151/,高楼层(共27层),2009年建,3室1厅,89.69平米,东,0,2月前发布
2895,二号线地铁口，电梯套二，带屋顶花园,https://cd.ke.com/ershoufang/20010517710100191934.html,清江花园,https://cd.ke.com/xiaoqu/3011055590061/,高楼层(共18层),2003年建,2室1厅,87平米,西,8,2月前发布
2896,华润峰锦1室1厅东南,https://cd.ke.com/ershoufang/20010517710100191472.html,华润峰锦,https://cd.ke.com/xiaoqu/1611100874627/,低楼层(共26层),2014年建,1室1厅,47平米,东南,0,2月前发布
2897,元益花园套三户型带装修看房方便,https://cd.ke.com/ershoufang/20010517710100190175.html,元益花园,https://cd.ke.com/xiaoqu/1611043140046/,高楼层(共21层),2014年建,3室2厅,57.65平米,东,15,2月前发布
2898,金沙中大九期标准套二，有装修，带车位,https://cd.ke.com/ershoufang/20010517710100190517.html,中大君悦金沙九期君雅院,https://cd.ke.com/xiaoqu/1611064049025/,中楼层(共32层),2017年建,2室1厅,89.04平米,西南,3,2月前发布
2899,外光华标准套三中间楼层对中庭采光通风好对中庭,https://cd.ke.com/ershoufang/20010517710100188779.html,清溪雅筑,https://cd.ke.com/xiaoqu/1611047819375/,高楼层(共18层),2012年建,3室1厅,89.73平米,南,72,2月前发布
2900,小区带外墙砖，背靠电影院，户型好。,https://cd.ke.com/ershoufang/20010517710100186042.html,清江东路362号,https://cd.ke.com/xiaoqu/1613627182033989/,中楼层(共7层),1995年建,2室1厅,100.57平米,南,0,2月前发布
2901,2000年商品房，精装修大套三，明厨名卫，小区可停车,https://cd.ke.com/ershoufang/20010517710100185247.html,锦江公寓(青羊),https://cd.ke.com/xiaoqu/3011053902632/,中楼层(共7层),1999年建,3室1厅,112.02平米,东南,22,2月前发布
2902,攀钢苑，标准套二，采光好，居家装修，拎包入住。,https://cd.ke.com/ershoufang/20010517710100178822.html,攀钢苑,https://cd.ke.com/xiaoqu/1611041880861/,高楼层(共7层),1995年建,2室1厅,58平米,南,4,2月前发布
2903,"燕沙庭院装修套三,带花园,户型方正",https://cd.ke.com/ershoufang/20010517710100171845.html,燕沙庭院,https://cd.ke.com/xiaoqu/1611043164828/,低楼层(共6层),2006年建,3室2厅,112.88平米,东北,22,2月前发布
2904,橙花风景简单装修标准套二带阳台,https://cd.ke.com/ershoufang/20010517710100166275.html,橙花风景,https://cd.ke.com/xiaoqu/1611041554256/,中楼层(共25层),2008年建,2室1厅,89.38平米,东,4,2月前发布
2905,标准套三单卫，自住装修。对中庭，安静采光好。,https://cd.ke.com/ershoufang/20010517710100164927.html,海亮爱金沙,https://cd.ke.com/xiaoqu/166967782812885/,高楼层(共22层)3室2厅,81.97平米,西南,,,4,2月前发布
2906,仁和世代春天套三双卫带储物间居家装修看房方便,https://cd.ke.com/ershoufang/20010517710100153891.html,仁和世代春天,https://cd.ke.com/xiaoqu/1611041580834/,低楼层(共21层),2005年建,3室2厅,151.04平米,东南,37,2月前发布
2907,此房简单装修，有双阳台，朝南安静。户型方正有装修。,https://cd.ke.com/ershoufang/20010517710100153170.html,左右,https://cd.ke.com/xiaoqu/1611041556995/,高楼层(共25层),2010年建,2室1厅,47.67平米,西,1,2月前发布
2908,开发商统一精修，电梯入户，未住过人,https://cd.ke.com/ershoufang/20010517710100150668.html,华润金悦湾,https://cd.ke.com/xiaoqu/1611047602684/,低楼层(共22层),2014年建,4室2厅,298平米,东北,11,2月前发布
2909,清水套三双卫，视野开阔朝中庭，带车位,https://cd.ke.com/ershoufang/20010517710100149768.html,光华欣苑,https://cd.ke.com/xiaoqu/1612880413207629/,中楼层(共18层),2016年建,3室2厅,106.83平米,北,10,2月前发布
2910,鼓楼国际1室1厅东南,https://cd.ke.com/ershoufang/20010517710100148547.html,鼓楼国际,https://cd.ke.com/xiaoqu/1611061026411/,中楼层(共39层),2010年建,1室1厅,91.13平米,东南,1,2月前发布
2911,鼓楼国际+住宅产权+办公出租,https://cd.ke.com/ershoufang/20010517710100147666.html,鼓楼国际,https://cd.ke.com/xiaoqu/1611061026411/,中楼层(共39层),2010年建,1室1厅,95.66平米,南,2,2月前发布
2912,户型方正，采光良好，交通方便，配套设施完善,https://cd.ke.com/ershoufang/20010517710100144910.html,蜀华街57号,https://cd.ke.com/xiaoqu/169146191588799/,中楼层(共6层),1990年建,3室1厅,62.74平米,东南,38,2月前发布
2913,齐力碧水湾新上套二带阳台对中庭户型,https://cd.ke.com/ershoufang/20010517710100142114.html,齐力碧水湾,https://cd.ke.com/xiaoqu/1611041579253/,中楼层(共18层),2007年建,2室1厅,87.1平米,东南,17,2月前发布
2914,金沙柏林郡，精装套二，对中庭。,https://cd.ke.com/ershoufang/20010517710100140768.html,金沙柏林郡,https://cd.ke.com/xiaoqu/1611046554305/,低楼层(共25层),2013年建,2室1厅,67.88平米,南东北,28,2月前发布
2915,恒大翡翠华庭精装套三房东诚心出售品质小区,https://cd.ke.com/ershoufang/20010517710100138679.html,恒大翡翠华庭,https://cd.ke.com/xiaoqu/1611063212342/,高楼层(共22层),2017年建,3室1厅,88.96平米,西,5,2月前发布
2916,青华路20号3室1厅南北,https://cd.ke.com/ershoufang/20010517710100136582.html,青华路20号,https://cd.ke.com/xiaoqu/3011056057044/,中楼层(共5层),1990年建,3室1厅,56.1平米,南北,23,2月前发布
2917,华润峰锦1室1厅南,https://cd.ke.com/ershoufang/20010517710100130443.html,华润峰锦,https://cd.ke.com/xiaoqu/1611100874627/,低楼层(共26层),2014年建,1室1厅,45平米,南,0,2月前发布
2918,视野开阔，安静不吵，卧室有阳台，采光都不错,https://cd.ke.com/ershoufang/20010517710100125534.html,米兰香洲,https://cd.ke.com/xiaoqu/1611041559442/,低楼层(共18层),2007年建,3室2厅,137.19平米,东西,9,2月前发布
2919,青羊区浣花溪公园草堂标准套一出售,https://cd.ke.com/ershoufang/20010517710100124970.html,浣花南路218号,https://cd.ke.com/xiaoqu/1611058725216/,低楼层(共5层),2000年建,1室1厅,37.75平米,东,19,2月前发布
2920,青羊万达旁，成都西站地铁口，标准套二，诚心出售,https://cd.ke.com/ershoufang/20010517710100124590.html,清水路苑,https://cd.ke.com/xiaoqu/1611057410255/,高楼层(共18层),2012年建,2室2厅,88.97平米,东南,5,2月前发布
2921,锦绣光华负一楼标准大车位,https://cd.ke.com/ershoufang/20010517710100121310.html,锦绣光华,https://cd.ke.com/xiaoqu/1611041618340/,地下室(共层)1室0厅,38.14平米,东,,,0,2月前发布
2922,水木光华标准套二不临街安静采光好,https://cd.ke.com/ershoufang/20010517710100119811.html,水木光华,https://cd.ke.com/xiaoqu/1611041807591/,中楼层(共6层),2004年建,2室1厅,83.67平米,北,3,2月前发布
2923,青华路20号，精装修，中间楼层，采光好,https://cd.ke.com/ershoufang/20010517710100106597.html,青华路20号,https://cd.ke.com/xiaoqu/3011056057044/,中楼层(共5层),1990年建,2室1厅,58.5平米,南,44,2月前发布
2924,香槟花园标准朝南套三，户型通透对中庭,https://cd.ke.com/ershoufang/20010517710100104875.html,香槟花园,https://cd.ke.com/xiaoqu/1611041826164/,低楼层(共6层),2005年建,3室1厅,137.99平米,南,39,2月前发布
2925,长虹和悦府东西通透清水三居室。,https://cd.ke.com/ershoufang/20010517710100100739.html,长虹和悦府,https://cd.ke.com/xiaoqu/1611063890469/,低楼层(共20层),2015年建,3室2厅,89.12平米,东西,6,2月前发布
2926,铸信新上套三双卫+朝南对中庭+视野无遮挡,https://cd.ke.com/ershoufang/20010417710100204046.html,铸信境界,https://cd.ke.com/xiaoqu/1611041556151/,中楼层(共27层),2009年建,3室2厅,89平米,南,11,2月前发布
2927,金沙海棠套二单卫居家装修中高楼层采光视野好,https://cd.ke.com/ershoufang/20010417710100201360.html,金沙海棠,https://cd.ke.com/xiaoqu/1611041589970/,中楼层(共18层),2012年建,2室2厅,79.62平米,南,23,2月前发布
2928,光华碧邻精装套一，户型方正。。,https://cd.ke.com/ershoufang/20010417710100200462.html,光华碧邻,https://cd.ke.com/xiaoqu/1611047773909/,中楼层(共20层),2013年建,1室1厅,51.81平米,西,1,2月前发布
2929,朗基龙堂地下好车位进出方便人车分流,https://cd.ke.com/ershoufang/20010417710100200124.html,朗基龙堂,https://cd.ke.com/xiaoqu/1611041619788/,低楼层(共1层)1室0厅,22平米,东,,,0,2月前发布
2930,花语城套一，有装修，近地铁，配套齐全,https://cd.ke.com/ershoufang/20010417710100194721.html,荣盛花语城,https://cd.ke.com/xiaoqu/1611063648395/,中楼层(共20层),2014年建,1室1厅,44.45平米,北,7,2月前发布
2931,红墙国际，标准套一，装修保养好，精装修。,https://cd.ke.com/ershoufang/20010417710100190939.html,红墙国际,https://cd.ke.com/xiaoqu/1611059316236/,低楼层(共38层),2011年建,1室1厅,70.37平米,西南,5,2月前发布
2932,橙花风景精装套二，朝南中楼层对小区中庭不临街！,https://cd.ke.com/ershoufang/20010417710100190312.html,橙花风景,https://cd.ke.com/xiaoqu/1611041554256/,中楼层(共28层),2008年建,2室1厅,86.2平米,南,15,2月前发布
2933,香榭名苑套四双卫不临街中间楼层采光好,https://cd.ke.com/ershoufang/20010417710100178091.html,香榭名苑,https://cd.ke.com/xiaoqu/1611057458666/,中楼层(共7层),2002年建,4室2厅,159.3平米,东北,17,2月前发布
2934,东原时光道清水套三采光好满两年诚心出售,https://cd.ke.com/ershoufang/20010417710100173257.html,东原时光道,https://cd.ke.com/xiaoqu/1611063210428/,高楼层(共21层),2015年建,3室2厅,89.18平米,南东南西南,25,2月前发布
2935,置信玉园清水湾地下大车位,https://cd.ke.com/ershoufang/20010417710100172976.html,置信清水湾,https://cd.ke.com/xiaoqu/1611041605623/,地下室(共层)1室0厅,57.07平米,东,,,0,2月前发布
2936,光华碧邻精装套三，户型方正，视野开阔,https://cd.ke.com/ershoufang/20010417710100171171.html,光华碧邻,https://cd.ke.com/xiaoqu/1611047773909/,低楼层(共22层),2013年建,3室1厅,87.66平米,东南,26,2月前发布
2937,总价低，对小区，一点都不临街，很安静,https://cd.ke.com/ershoufang/20010417710100169314.html,金阳易诚国际,https://cd.ke.com/xiaoqu/1611043100741/,高楼层(共22层),2010年建,2室1厅,79.8平米,北,3,2月前发布
2938,大地新光华广场1室0厅南,https://cd.ke.com/ershoufang/20010417710100163978.html,大地新光华广场,https://cd.ke.com/xiaoqu/1611043937297/,中楼层(共15层),2000年建,1室0厅,42平米,南,0,2月前发布
2939,地铁口，精装修，家具家电配齐，70年住宅，好品质,https://cd.ke.com/ershoufang/20010417710100159842.html,壹号公馆,https://cd.ke.com/xiaoqu/1611059498854/,低楼层(共29层),2008年建,1室0厅,43.58平米,南,3,2月前发布
2940,鸿禧花园3室2厅东北,https://cd.ke.com/ershoufang/20031217710100147773.html,鸿禧花园,https://cd.ke.com/xiaoqu/1611041497112/,低楼层(共16层),2002年建,3室2厅,141.39平米,东北,0,今天发布
2941,置信丽都花园城D区3室1厅南,https://cd.ke.com/ershoufang/20031217710100130119.html,置信丽都花园城D区,https://cd.ke.com/xiaoqu/3011056147653/,中楼层(共13层),2009年建,3室1厅,98平米,南,0,今天发布
2942,地铁口顶楼带花园，业主急售，随时可看房。,https://cd.ke.com/ershoufang/20031217710100111431.html,红运花园佳苑,https://cd.ke.com/xiaoqu/1611058507205/,高楼层(共7层),1999年建,1室2厅,77.71平米,南,1,今天发布
2943,蓝色加勒比广场1室0厅东南,https://cd.ke.com/ershoufang/20031217710100121168.html,蓝色加勒比广场,https://cd.ke.com/xiaoqu/1611057946980/,中楼层(共7层),2003年建,1室0厅,33.45平米,东南,0,今天发布
2944,标准套二户型方正中间楼层采光好,https://cd.ke.com/ershoufang/20031217710100122649.html,顺江新苑B区,https://cd.ke.com/xiaoqu/3011053811331/,中楼层(共6层),2003年建,2室1厅,68.04平米,东南,0,今天发布
2945,棕北棕南西街4号商品房采光好随时看房安静不临街,https://cd.ke.com/ershoufang/20031217710100108875.html,棕南西街4号,https://cd.ke.com/xiaoqu/3011052085374/,低楼层(共7层),1998年建,2室1厅,76.52平米,西北,0,今天发布
2946,金楠国际1室0厅东,https://cd.ke.com/ershoufang/20031217710100106021.html,金楠国际,https://cd.ke.com/xiaoqu/1611041509061/,地下室(共1层),2008年建,1室0厅,38.03平米,东,0,今天发布
2947,3.5环地铁口标准套三不临街户型方正有装修,https://cd.ke.com/ershoufang/20031217710100105795.html,星语双城二期,https://cd.ke.com/xiaoqu/3011053741146/,低楼层(共11层),2007年建,3室2厅,102.43平米,东,0,今天发布
2948,地铁口高楼层，采光好，视野开阔，,https://cd.ke.com/ershoufang/20031217710100102573.html,丽景华庭二期,https://cd.ke.com/xiaoqu/1611041621243/,高楼层(共16层),2006年建,1室0厅,40.92平米,东南,0,今天发布
2949,天竺丽苑1室1厅西南,https://cd.ke.com/ershoufang/20031117710100229993.html,天竺丽苑,https://cd.ke.com/xiaoqu/1611041487989/,中楼层(共11层),2003年建,1室1厅,51.24平米,西南,0,今天发布
2950,保利花园二期2室1厅南,https://cd.ke.com/ershoufang/20031117710100227078.html,保利花园二期,https://cd.ke.com/xiaoqu/3011056073467/,低楼层(共15层),2012年建,2室1厅,76.66平米,南,0,今天发布
2951,交大万通格外2室1厅东南,https://cd.ke.com/ershoufang/20031117710100223995.html,交大万通格外,https://cd.ke.com/xiaoqu/1611041550529/,高楼层(共18层),2011年建,2室1厅,77.76平米,东南,0,今天发布
2952,西南朝向视野好，安静不临街，交通方便,https://cd.ke.com/ershoufang/20031117710100219587.html,金楠国际,https://cd.ke.com/xiaoqu/1611041509061/,中楼层(共11层),2008年建,3室2厅,90.37平米,西南,0,今天发布
2953,蓝光金双楠二期3室2厅东南,https://cd.ke.com/ershoufang/20031117710100220676.html,蓝光金双楠二期,https://cd.ke.com/xiaoqu/1620031547538329/,中楼层(共24层)3室2厅,76平米,东南,,,0,今天发布
2954,丽都世家B区2室2厅南,https://cd.ke.com/ershoufang/20031117710100217680.html,丽都世家B区,https://cd.ke.com/xiaoqu/1611061021769/,中楼层(共17层),2014年建,2室2厅,83.52平米,南,0,今天发布
2955,会所花园2室1厅东,https://cd.ke.com/ershoufang/20031117710100195355.html,会所花园,https://cd.ke.com/xiaoqu/1611041504254/,低楼层(共15层),2002年建,2室1厅,98.78平米,东,0,今天发布
2956,花样年华梦想家2室1厅南,https://cd.ke.com/ershoufang/20031117710100219126.html,花样年华梦想家,https://cd.ke.com/xiaoqu/1611041502758/,高楼层(共15层),2005年建,2室1厅,64.47平米,南,0,今天发布
2957,保利中心1室0厅东,https://cd.ke.com/ershoufang/20031117710100189780.html,保利中心,https://cd.ke.com/xiaoqu/1611057984138/,高楼层(共21层),2012年建,1室0厅,64.23平米,东,0,今天发布
2958,兴元丽园A区2室2厅东南西北,https://cd.ke.com/ershoufang/20031117710100186271.html,兴元丽园A区,https://cd.ke.com/xiaoqu/3011053820750/,中楼层(共11层),2005年建,2室2厅,65.59平米,东南西北,0,今天发布
2959,置信丽都花园A区1室0厅南,https://cd.ke.com/ershoufang/20031117710100180263.html,置信丽都花园A区,https://cd.ke.com/xiaoqu/1611043511786/,地下室(共层)1室0厅,28.13平米,南,,,0,今天发布
2960,保利花园一期3室2厅西南,https://cd.ke.com/ershoufang/20031117710100176990.html,保利花园一期,https://cd.ke.com/xiaoqu/3011056076924/,高楼层(共15层),2011年建,3室2厅,111.15平米,西南,0,今天发布
2961,省农业厅过厅套三中间楼层对中庭安静不临街,https://cd.ke.com/ershoufang/20031117710100177760.html,武侯祠大街4号,https://cd.ke.com/xiaoqu/3011053912507/,中楼层(共5层),1990年建,3室1厅,67.75平米,东南,0,今天发布
2962,武侯祠大街28号2室1厅南,https://cd.ke.com/ershoufang/20031117710100169271.html,武侯祠大街28号,https://cd.ke.com/xiaoqu/3011053914133/,中楼层(共7层),1993年建,2室1厅,63.33平米,南,0,今天发布
2963,锦里武侯祠标准套三一环内配套完善,https://cd.ke.com/ershoufang/20031117710100167538.html,建国巷1号,https://cd.ke.com/xiaoqu/3011053900387/,高楼层(共7层),1994年建,3室1厅,81.85平米,东南,1,今天发布
2964,7栋负一楼车位，有7栋业主可以考虑,https://cd.ke.com/ershoufang/20031117710100167256.html,丽都花园丽府,https://cd.ke.com/xiaoqu/1611044722209/,地下室(共层)1室0厅,37.34平米,东南,,,0,今天发布
2965,省农业厅套三双卫电梯入户中间楼层,https://cd.ke.com/ershoufang/20031117710100166815.html,武侯祠大街4号,https://cd.ke.com/xiaoqu/3011053912507/,中楼层(共7层),1999年建,3室2厅,116.9平米,东,1,今天发布
2966,7栋负一楼车位，有7栋业主可以考虑,https://cd.ke.com/ershoufang/20031117710100165628.html,丽都花园丽府,https://cd.ke.com/xiaoqu/1611044722209/,地下室(共层)1室0厅,37.34平米,南,,,0,今天发布
2967,"7栋8栋业主考虑的可以联系,随时可以看",https://cd.ke.com/ershoufang/20031117710100163697.html,丽都花园丽府,https://cd.ke.com/xiaoqu/1611044722209/,地下室(共层),2011年建,1室0厅,42.36平米,东南,0,今天发布
2968,"7栋8栋业主考虑的可以联系,随时可以看",https://cd.ke.com/ershoufang/20031117710100163718.html,丽都花园丽府,https://cd.ke.com/xiaoqu/1611044722209/,地下室(共层),2011年建,1室0厅,42平米,东南,0,今天发布
2969,浣花溪公园旁电梯装修套二保养好不临街,https://cd.ke.com/ershoufang/20031117710100161370.html,新空间花园,https://cd.ke.com/xiaoqu/1611041500070/,中楼层(共12层),2002年建,2室1厅,89.14平米,东,0,今天发布
2970,世豪嘉柏3室2厅南,https://cd.ke.com/ershoufang/20031117710100155693.html,世豪嘉柏,https://cd.ke.com/xiaoqu/1611061265761/,高楼层(共22层),2014年建,3室2厅,90.49平米,南,0,今天发布
2971,绿地圣路易名邸一期2室1厅东南,https://cd.ke.com/ershoufang/20031117710100159339.html,绿地圣路易名邸一期,https://cd.ke.com/xiaoqu/3011056102188/,低楼层(共12层),2012年建,2室1厅,88.89平米,东南,0,今天发布
2972,时代锦绣套三，户型方正，采光好。,https://cd.ke.com/ershoufang/20031117710100161713.html,时代锦绣,https://cd.ke.com/xiaoqu/1611064009997/,高楼层(共14层),2017年建,3室2厅,84平米,东,0,今天发布
2973,合力达新锐1室1厅东南,https://cd.ke.com/ershoufang/20031117710100159688.html,合力达新锐,https://cd.ke.com/xiaoqu/1620030047367224/,高楼层(共6层)1室1厅,35.13平米,东南,,,0,今天发布
2974,合力达新锐1室1厅东南,https://cd.ke.com/ershoufang/20031117710100154824.html,合力达新锐,https://cd.ke.com/xiaoqu/1620030047367224/,高楼层(共6层)1室1厅,35.13平米,东南,,,0,今天发布
2975,合力达新锐1室1厅东南,https://cd.ke.com/ershoufang/20031117710100154655.html,合力达新锐,https://cd.ke.com/xiaoqu/1620030047367224/,高楼层(共6层)1室1厅,35.13平米,东南,,,0,今天发布
2976,合力达新锐1室1厅东南,https://cd.ke.com/ershoufang/20031117710100154368.html,合力达新锐,https://cd.ke.com/xiaoqu/1620030047367224/,高楼层(共6层)1室1厅,35.13平米,东南,,,0,今天发布
2977,合力达新锐1室1厅东南,https://cd.ke.com/ershoufang/20031117710100154037.html,合力达新锐,https://cd.ke.com/xiaoqu/1620030047367224/,高楼层(共6层)1室1厅,35.13平米,东南,,,0,今天发布
2978,合力达新锐1室1厅东南,https://cd.ke.com/ershoufang/20031117710100153856.html,合力达新锐,https://cd.ke.com/xiaoqu/1620030047367224/,高楼层(共6层)1室1厅,34.59平米,东南,,,0,今天发布
2979,合力达新锐1室1厅东南,https://cd.ke.com/ershoufang/20031117710100153443.html,合力达新锐,https://cd.ke.com/xiaoqu/1620030047367224/,高楼层(共6层)1室1厅,34.59平米,东南,,,0,今天发布
2980,合力达新锐1室1厅东南,https://cd.ke.com/ershoufang/20031117710100153060.html,合力达新锐,https://cd.ke.com/xiaoqu/1620030047367224/,高楼层(共6层)1室1厅,35.96平米,东南,,,0,今天发布
2981,优客联邦三期3室2厅西北,https://cd.ke.com/ershoufang/20031117710100152461.html,优客联邦三期,https://cd.ke.com/xiaoqu/1611044060273/,高楼层(共18层),2012年建,3室2厅,115.09平米,西北,1,今天发布
2982,成科路5号3室2厅东南,https://cd.ke.com/ershoufang/20031117710100151813.html,成科路5号,https://cd.ke.com/xiaoqu/1620024631444089/,高楼层(共7层)3室2厅,65.83平米,东南,,,0,今天发布
2983,和信派都标准套一在售朝南带阳台不临街,https://cd.ke.com/ershoufang/20031117710100142910.html,和信派都,https://cd.ke.com/xiaoqu/1611041491284/,中楼层(共32层),2010年建,1室1厅,56.39平米,南,0,今天发布
2984,广福桥街14号2室1厅南,https://cd.ke.com/ershoufang/20031117710100142759.html,广福桥街14号,https://cd.ke.com/xiaoqu/1611042019922/,中楼层(共7层),2000年建,2室1厅,88平米,南,0,今天发布
2985,紫檀清水套三双重精装入户大堂Artdeco经典建筑,https://cd.ke.com/ershoufang/20031117710100140653.html,紫檀,https://cd.ke.com/xiaoqu/1611041556800/,中楼层(共27层),2017年建,3室2厅,155.41平米,东,1,今天发布
2986,优客联邦一期2室1厅东南,https://cd.ke.com/ershoufang/20031117710100138510.html,优客联邦一期,https://cd.ke.com/xiaoqu/1611041554183/,低楼层(共16层),2008年建,2室1厅,81.88平米,东南,0,今天发布
2987,采光充足，配套实施齐全，交通便利,https://cd.ke.com/ershoufang/20031117710100138478.html,首信汇,https://cd.ke.com/xiaoqu/3011056108443/,中楼层(共14层),2014年建,3室2厅,83.03平米,东,0,今天发布
2988,置信丽都花园城B区3室2厅东北,https://cd.ke.com/ershoufang/20031117710100131696.html,置信丽都花园城B区,https://cd.ke.com/xiaoqu/1611057979869/,中楼层(共13层),2006年建,3室2厅,135.09平米,东北,2,今天发布
2989,标准套二，中庭不临街，临河。,https://cd.ke.com/ershoufang/20031117710100129335.html,少陵横街34号,https://cd.ke.com/xiaoqu/1611041882821/,中楼层(共7层),2001年建,2室1厅,52.58平米,南,0,今天发布
2990,绿地圣路易名邸一期2室1厅东,https://cd.ke.com/ershoufang/20031117710100123582.html,绿地圣路易名邸一期,https://cd.ke.com/xiaoqu/3011056102188/,高楼层(共12层),2012年建,2室1厅,88.89平米,东,0,今天发布
2991,套一带阳台，东南朝向，采光好，视野开阔,https://cd.ke.com/ershoufang/20031117710100116943.html,维港,https://cd.ke.com/xiaoqu/1611045511840/,中楼层(共18层),2011年建,2室1厅,59.88平米,东南,0,今天发布
2992,丽景华庭二期2室1厅东南,https://cd.ke.com/ershoufang/20031117710100115299.html,丽景华庭二期,https://cd.ke.com/xiaoqu/1611041621243/,高楼层(共16层),2006年建,2室1厅,89平米,东南,0,今天发布
2993,武海中华锦绣1室0厅东南,https://cd.ke.com/ershoufang/20031117710100114739.html,武海中华锦绣,https://cd.ke.com/xiaoqu/3011053806870/,地下室(共层),2011年建,1室0厅,27.71平米,东南,0,今天发布
2994,武侯立交地铁三号线标准套二拎包入住,https://cd.ke.com/ershoufang/20031117710100114146.html,保利花园四期,https://cd.ke.com/xiaoqu/3011052246928/,低楼层(共16层),2014年建,2室2厅,74.99平米,南,0,今天发布
2995,首航欣程优质标间,https://cd.ke.com/ershoufang/20031117710100111138.html,首航欣程,https://cd.ke.com/xiaoqu/1611048245025/,高楼层(共29层),2014年建,1室0厅,48.58平米,南,2,今天发布
2996,罗浮世家二期3室2厅西南,https://cd.ke.com/ershoufang/20031117710100109867.html,罗浮世家二期,https://cd.ke.com/xiaoqu/1611041434437/,高楼层(共17层),2004年建,3室2厅,109.55平米,西南,2,今天发布
2997,红牌楼北街19号2室2厅东南,https://cd.ke.com/ershoufang/20031117710100108888.html,红牌楼北街19号,https://cd.ke.com/xiaoqu/1611042674663/,低楼层(共7层),2000年建,2室2厅,75.31平米,东南,0,今天发布
2998,保利花园套三双卫有装修拎包入住,https://cd.ke.com/ershoufang/20031117710100101647.html,保利花园一期,https://cd.ke.com/xiaoqu/3011056076924/,中楼层(共16层),2011年建,3室1厅,98.48平米,东南,0,今天发布
2999,玲珑郡2室1厅东,https://cd.ke.com/ershoufang/20031017710100217260.html,玲珑郡,https://cd.ke.com/xiaoqu/3011056120282/,中楼层(共11层),2012年建,2室1厅,63.28平米,东,0,2天前发布
3000,长寿苑2室1厅南,https://cd.ke.com/ershoufang/20031017710100213557.html,长寿苑,https://cd.ke.com/xiaoqu/1611041448646/,低楼层(共7层),2003年建,2室1厅,73.92平米,南,0,2天前发布
3001,中间楼层+精装标准套二+不临街+采光充足,https://cd.ke.com/ershoufang/20031017710100208267.html,园中园北苑,https://cd.ke.com/xiaoqu/3011053922682/,中楼层(共7层),2000年建,2室1厅,78平米,东南南,1,2天前发布
3002,花样年花好园标准套一户型方正采光好,https://cd.ke.com/ershoufang/20031017710100204094.html,花样年花好园,https://cd.ke.com/xiaoqu/1611041608619/,低楼层(共20层),2007年建,1室1厅,51.6平米,东南,0,2天前发布
3003,簇锦南街82号1室1厅南,https://cd.ke.com/ershoufang/20031017710100201989.html,簇锦南街82号,https://cd.ke.com/xiaoqu/3011056083961/,高楼层(共6层)1室1厅,56.59平米,南,,,0,2天前发布
3004,金辉枫尚1室0厅东,https://cd.ke.com/ershoufang/20031017710100199740.html,金辉枫尚,https://cd.ke.com/xiaoqu/3011053769898/,地下室(共层),2012年建,1室0厅,35.12平米,东,0,2天前发布
3005,红城3室2厅西北,https://cd.ke.com/ershoufang/20031017710100193349.html,红城,https://cd.ke.com/xiaoqu/1611043133022/,中楼层(共18层),2011年建,3室2厅,79.31平米,西北,0,2天前发布
3006,金辉枫尚2室2厅东南,https://cd.ke.com/ershoufang/20031017710100184539.html,金辉枫尚,https://cd.ke.com/xiaoqu/3011053769898/,低楼层(共17层),2011年建,2室2厅,72.03平米,东南,0,2天前发布
3007,长城宜苑两居室带装修东南朝向,https://cd.ke.com/ershoufang/20031017710100184233.html,长城宜苑,https://cd.ke.com/xiaoqu/3011053654852/,中楼层(共11层),2000年建,2室2厅,77.83平米,东南,0,2天前发布
3008,西派城3室2厅南,https://cd.ke.com/ershoufang/20031017710100181858.html,西派城,https://cd.ke.com/xiaoqu/1613850559942542/,高楼层(共7层)3室2厅,120.29平米,南,,,0,2天前发布
3009,玉林低楼层套一朝南简单装修,https://cd.ke.com/ershoufang/20031017710100179469.html,玉林一巷16号,https://cd.ke.com/xiaoqu/1611043038569/,低楼层(共5层)1室1厅,45.47平米,南北,,,1,2天前发布
3010,正成金楠尚府1室0厅东南,https://cd.ke.com/ershoufang/20031017710100173239.html,正成金楠尚府,https://cd.ke.com/xiaoqu/1613622385586068/,地下室(共层)1室0厅,30平米,东南,,,0,2天前发布
3011,鹭岛国际四期2室1厅南,https://cd.ke.com/ershoufang/20031017710100175234.html,鹭岛国际四期,https://cd.ke.com/xiaoqu/1611043477314/,高楼层(共18层),2012年建,2室1厅,66.28平米,南,3,2天前发布
3012,紫藤花园3室2厅南,https://cd.ke.com/ershoufang/20031017710100172430.html,紫藤花园,https://cd.ke.com/xiaoqu/1611041517751/,中楼层(共7层),2002年建,3室2厅,129平米,南,1,2天前发布
3013,武侯区武侯祠大街252号标准套三,https://cd.ke.com/ershoufang/20031017710100174489.html,武侯祠大街252号,https://cd.ke.com/xiaoqu/1611041922494/,高楼层(共6层),1993年建,3室1厅,83.3平米,东南,0,2天前发布
3014,小区环境简单，适合居住，交通方便,https://cd.ke.com/ershoufang/20031017710100167146.html,梓桐苑,https://cd.ke.com/xiaoqu/1611041830655/,低楼层(共7层),2002年建,3室2厅,122.54平米,东南,0,2天前发布
3015,牡丹名邸3室2厅南北,https://cd.ke.com/ershoufang/20031017710100165679.html,牡丹名邸,https://cd.ke.com/xiaoqu/1611043003216/,低楼层(共9层),2001年建,3室2厅,154平米,南北,0,2天前发布
3016,标准套二，低楼层，户型通透，格局合理无浪费,https://cd.ke.com/ershoufang/20031017710100164583.html,双楠三区,https://cd.ke.com/xiaoqu/1611041544534/,低楼层(共7层),1999年建,2室1厅,79.39平米,北,0,2天前发布
3017,中华名园二期3室1厅东,https://cd.ke.com/ershoufang/20031017710100159028.html,中华名园二期,https://cd.ke.com/xiaoqu/1611058387863/,高楼层(共16层)3室1厅,89平米,东,,,1,2天前发布
3018,交大归谷166平套四户型，一梯2户,https://cd.ke.com/ershoufang/20031017710100160617.html,交大归谷国际社区,https://cd.ke.com/xiaoqu/1611043135126/,中楼层(共13层),2013年建,3室1厅,166.16平米,东南,1,2天前发布
3019,中海锦城一期4室2厅西,https://cd.ke.com/ershoufang/20031017710100159232.html,中海锦城一期,https://cd.ke.com/xiaoqu/3011056147802/,中楼层(共14层),2011年建,4室2厅,139.82平米,西,1,2天前发布
3020,龙井桂苑3室2厅南,https://cd.ke.com/ershoufang/20031017710100146893.html,龙井桂苑,https://cd.ke.com/xiaoqu/3011052250439/,高楼层(共6层)3室2厅,142.27平米,南,,,1,2天前发布
3021,中海锦城二期0室0厅东,https://cd.ke.com/ershoufang/20031017710100145690.html,中海锦城二期,https://cd.ke.com/xiaoqu/1611062166607/,地下室(共层)厅室未知,32平米,东,,,0,2天前发布
3022,鹭岛国际三期跃层带空中露台有装修,https://cd.ke.com/ershoufang/20031017710100145045.html,鹭岛国际三期,https://cd.ke.com/xiaoqu/1611043476911/,中楼层(共16层),2010年建,2室2厅,188.1平米,东,0,2天前发布
3023,红牌楼九峰国际标准套二有装修,https://cd.ke.com/ershoufang/20031017710100144582.html,九峰国际,https://cd.ke.com/xiaoqu/1611041515644/,高楼层(共18层),2010年建,3室1厅,85.03平米,南,2,2天前发布
3024,武侯区武青北路上道西城，居家套二,https://cd.ke.com/ershoufang/20031017710100143130.html,上道西城,https://cd.ke.com/xiaoqu/1611057885306/,中楼层(共11层),2008年建,2室1厅,76.16平米,西,2,2天前发布
3025,泰基南棠3室2厅东南,https://cd.ke.com/ershoufang/20031017710100142648.html,泰基南棠,https://cd.ke.com/xiaoqu/1611041482788/,低楼层(共16层),2011年建,3室2厅,82平米,东南,0,2天前发布
3026,地铁口精装套二带花园,https://cd.ke.com/ershoufang/20031017710100140320.html,龙安街2号,https://cd.ke.com/xiaoqu/1611042043716/,高楼层(共6层),2000年建,2室1厅,74.04平米,南,0,2天前发布
3027,高品质，精装三房双卫，享中庭景观，您值得拥有。,https://cd.ke.com/ershoufang/20031017710100138923.html,正成城市乐章,https://cd.ke.com/xiaoqu/3011053747317/,中楼层(共22层),2014年建,3室1厅,88.69平米,西北,2,2天前发布
3028,红牌楼2室2卫业主自住东南朝向光线明亮通风,https://cd.ke.com/ershoufang/20031017710100138472.html,九峰国际,https://cd.ke.com/xiaoqu/1611041515644/,高楼层(共18层),2010年建,2室2厅,86.22平米,东南,1,2天前发布
3029,正基城市主场2室1厅东南,https://cd.ke.com/ershoufang/20031017710100137245.html,正基城市主场,https://cd.ke.com/xiaoqu/1611043140746/,高楼层(共20层),2012年建,2室1厅,60平米,东南,0,2天前发布
3030,首信红星国际广场精装修采光好交通便利楼层适中,https://cd.ke.com/ershoufang/20031017710100132812.html,首信红星国际广场,https://cd.ke.com/xiaoqu/1620028359630857/,中楼层(共10层)1室0厅,49.7平米,东南,,,0,2天前发布
3031,红楠港1室1厅西北,https://cd.ke.com/ershoufang/20031017710100132550.html,红楠港,https://cd.ke.com/xiaoqu/1611043002253/,低楼层(共15层),2009年建,1室1厅,53.71平米,西北,0,2天前发布
3032,燃灯寺东街14号3室1厅东南,https://cd.ke.com/ershoufang/20031017710100125616.html,燃灯寺东街14号,https://cd.ke.com/xiaoqu/1611043004782/,低楼层(共6层),2000年建,3室1厅,81.95平米,东南,1,2天前发布
3033,电梯龙湖天街中间楼层采光好,https://cd.ke.com/ershoufang/20031017710100114242.html,西郡香林,https://cd.ke.com/xiaoqu/3011053920651/,中楼层(共14层),2006年建,2室1厅,89平米,西南,0,2天前发布
3034,武海中华锦绣居家装修小套二出售,https://cd.ke.com/ershoufang/20031017710100110651.html,武海中华锦绣,https://cd.ke.com/xiaoqu/3011053806870/,高楼层(共15层),2011年建,2室1厅,68.88平米,南,11,2天前发布
3035,格外套二客厅带阳台对小区里面,https://cd.ke.com/ershoufang/20031017710100105449.html,交大万通格外,https://cd.ke.com/xiaoqu/1611041550529/,中楼层(共18层),2011年建,2室2厅,78平米,西北,0,2天前发布
3036,中华名园三期C区1室0厅东南,https://cd.ke.com/ershoufang/20031017710100103766.html,中华名园三期C区,https://cd.ke.com/xiaoqu/1611058396152/,地下室(共层),2010年建,1室0厅,38平米,东南,0,2天前发布
3037,曼哈顿自然派4室2厅南北,https://cd.ke.com/ershoufang/20030917710100180863.html,曼哈顿自然派,https://cd.ke.com/xiaoqu/1611043070754/,高楼层(共19层),2005年建,4室2厅,170.73平米,南北,3,3天前发布
3038,武海中华锦绣1室0厅东,https://cd.ke.com/ershoufang/20030917710100176988.html,武海中华锦绣,https://cd.ke.com/xiaoqu/3011053806870/,地下室(共层),2011年建,1室0厅,31.02平米,东,0,3天前发布
3039,长寿苑2室2厅东南,https://cd.ke.com/ershoufang/20030917710100175658.html,长寿苑,https://cd.ke.com/xiaoqu/1611041448646/,中楼层(共7层),2003年建,2室2厅,70.23平米,东南,0,3天前发布
3040,优客联邦一期1室1厅东南,https://cd.ke.com/ershoufang/20030917710100174256.html,优客联邦一期,https://cd.ke.com/xiaoqu/1611041554183/,低楼层(共16层),2008年建,1室1厅,51.16平米,东南,1,3天前发布
3041,正基自主装修套二，可直接拎包入住,https://cd.ke.com/ershoufang/20030917710100174626.html,正基城市主场,https://cd.ke.com/xiaoqu/1611043140746/,中楼层(共20层),2012年建,2室1厅,55.71平米,西南,0,3天前发布
3042,新小区金双楠二期小套三中间楼层！！！！,https://cd.ke.com/ershoufang/20030917710100173880.html,蓝光金双楠二期,https://cd.ke.com/xiaoqu/1620031547538329/,中楼层(共28层)3室1厅,63.7平米,西南,,,7,3天前发布
3043,川大南园3室2厅户型方正低楼层满5唯一,https://cd.ke.com/ershoufang/20030917710100167596.html,川大南园,https://cd.ke.com/xiaoqu/1611060182332/,低楼层(共7层),2000年建,3室2厅,85.27平米,南,0,3天前发布
3044,中筑西府兰庭3室2厅东南,https://cd.ke.com/ershoufang/20030917710100165162.html,中筑西府兰庭,https://cd.ke.com/xiaoqu/1611063489443/,低楼层(共16层),2016年建,3室2厅,73.9平米,东南,0,3天前发布
3045,鹭岛国际三期3室1厅东,https://cd.ke.com/ershoufang/20030917710100166636.html,鹭岛国际三期,https://cd.ke.com/xiaoqu/1611043476911/,中楼层(共16层),2010年建,3室1厅,139.5平米,东,4,3天前发布
3046,出门龙爪堰地铁口，业主自住装修，保养很好,https://cd.ke.com/ershoufang/20030917710100163847.html,红运花园佳苑,https://cd.ke.com/xiaoqu/1611058507205/,高楼层(共7层),1999年建,2室1厅,59.3平米,北,3,3天前发布
3047,鹭岛国际四期1室1厅西,https://cd.ke.com/ershoufang/20030917710100162545.html,鹭岛国际四期,https://cd.ke.com/xiaoqu/1611043477314/,中楼层(共17层),2012年建,1室1厅,51.57平米,西,0,3天前发布
3048,方正套二花园有产权且自住精装修拎包入住,https://cd.ke.com/ershoufang/20030917710100159680.html,交大花园北苑,https://cd.ke.com/xiaoqu/3011053781743/,高楼层(共7层),1997年建,2室2厅,75.3平米,南,4,3天前发布
3049,金林俊景精装修套二，可以直接入住,https://cd.ke.com/ershoufang/20030917710100154189.html,金林俊景,https://cd.ke.com/xiaoqu/1611041439378/,高楼层(共17层),2009年建,2室1厅,78.21平米,东,0,3天前发布
3050,牡丹名邸1室0厅南,https://cd.ke.com/ershoufang/20030917710100149541.html,牡丹名邸,https://cd.ke.com/xiaoqu/1611043003216/,地下室(共层)1室0厅,31.01平米,南,,,0,3天前发布
3051,棕榈花园标准套一朝南采光好高楼层明厨明卫,https://cd.ke.com/ershoufang/20030917710100140735.html,棕榈花园,https://cd.ke.com/xiaoqu/1611041520716/,高楼层(共18层),2003年建,1室1厅,48.71平米,东南,0,3天前发布
3052,置信巴厘岛A区3室2厅东西,https://cd.ke.com/ershoufang/20030917710100136710.html,置信巴厘岛A区,https://cd.ke.com/xiaoqu/3011056147259/,高楼层(共13层),2008年建,3室2厅,88.38平米,东西,2,3天前发布
3053,棕南正街8号1室1厅北,https://cd.ke.com/ershoufang/20030917710100135020.html,棕南正街8号,https://cd.ke.com/xiaoqu/3011052089424/,中楼层(共7层),1998年建,1室1厅,54.42平米,北,0,3天前发布
3054,丽景华庭二期3室1厅南,https://cd.ke.com/ershoufang/20030917710100134792.html,丽景华庭二期,https://cd.ke.com/xiaoqu/1611041621243/,高楼层(共16层),2006年建,3室1厅,103.7平米,南,5,3天前发布
3055,珑熙郡3室2厅东南,https://cd.ke.com/ershoufang/20030917710100131749.html,珑熙郡,https://cd.ke.com/xiaoqu/1611064002823/,中楼层(共17层)3室2厅,84.66平米,东南,,,0,3天前发布
3056,红牌楼地铁口居家小户型标间出售。,https://cd.ke.com/ershoufang/20030917710100127134.html,楠丽湾,https://cd.ke.com/xiaoqu/1611041461315/,中楼层(共13层),2005年建,1室0厅,31.95平米,东南,0,3天前发布
3057,标准套二，电梯房，中间楼层，视野采光好，精装修。,https://cd.ke.com/ershoufang/20030917710100119859.html,中华名园二期,https://cd.ke.com/xiaoqu/1611058387863/,中楼层(共16层),2009年建,2室1厅,87.75平米,东南,4,3天前发布
3058,跃层公寓总价低投资自住首选,https://cd.ke.com/ershoufang/20030917710100117372.html,合力达新锐,https://cd.ke.com/xiaoqu/1620030047367224/,低楼层(共6层)2室1厅,40.73平米,西北,,,1,3天前发布
3059,大石南路36号2室1厅东南,https://cd.ke.com/ershoufang/20030917710100119381.html,大石南路36号,https://cd.ke.com/xiaoqu/1611041867911/,中楼层(共7层),2000年建,2室1厅,75.06平米,东南,2,3天前发布
3060,跃层公寓总价低实用性小区,https://cd.ke.com/ershoufang/20030917710100115813.html,合力达新锐,https://cd.ke.com/xiaoqu/1620030047367224/,低楼层(共6层)4室2厅,70.56平米,西北,,,0,3天前发布
3061,文化公寓精装套二，实得面积大，可拎包入住。,https://cd.ke.com/ershoufang/20030917710100115622.html,文化公寓(武侯),https://cd.ke.com/xiaoqu/1611041921132/,高楼层(共7层),2001年建,2室2厅,84.96平米,西,5,3天前发布
3062,标准套二，安静不临街，公园式小区。,https://cd.ke.com/ershoufang/20030917710100111471.html,武侯祠大街89号,https://cd.ke.com/xiaoqu/3011055151538/,中楼层(共6层),1983年建,2室2厅,79.7平米,南,1,3天前发布
3063,五大花园龙爪堰会所花园标准小套二,https://cd.ke.com/ershoufang/20030917710100108355.html,会所花园,https://cd.ke.com/xiaoqu/1611041504254/,低楼层(共16层),2002年建,2室1厅,79.37平米,东南,0,3天前发布
3064,高升桥东路28号3室1厅东南,https://cd.ke.com/ershoufang/20030817710100214539.html,高升桥东路28号,https://cd.ke.com/xiaoqu/1611041486710/,高楼层(共7层),2000年建,3室1厅,115.07平米,东南,1,4天前发布
3065,华都星公馆户型套二有装修,https://cd.ke.com/ershoufang/20030817710100210582.html,华都星公馆二期,https://cd.ke.com/xiaoqu/3011053727078/,低楼层(共6层),2004年建,2室2厅,87.47平米,南,0,4天前发布
3066,锦宏骏苑南区4室2厅东,https://cd.ke.com/ershoufang/20030817710100209781.html,锦宏骏苑南区,https://cd.ke.com/xiaoqu/1611042041416/,低楼层(共11层),2004年建,4室2厅,144.07平米,东,0,4天前发布
3067,万科金色海蓉三期精装套二出售,https://cd.ke.com/ershoufang/20030817710100302621.html,万科金色海蓉三期,https://cd.ke.com/xiaoqu/1611885359149704/,低楼层(共28层)2室1厅,88平米,南,,,3,4天前发布
3068,交大格外满两年房子有装修带阳台不临街,https://cd.ke.com/ershoufang/20030817710100301391.html,交大万通格外,https://cd.ke.com/xiaoqu/1611041550529/,中楼层(共18层),2011年建,2室1厅,78.51平米,南北,0,4天前发布
3069,金辉枫尚1室0厅东,https://cd.ke.com/ershoufang/20030817710100300495.html,金辉枫尚,https://cd.ke.com/xiaoqu/3011053769898/,地下室(共层),2012年建,1室0厅,35.12平米,东,0,4天前发布
3070,武侯区武青北路上道西城标准套二,https://cd.ke.com/ershoufang/20030817710100204835.html,上道西城,https://cd.ke.com/xiaoqu/1611057885306/,低楼层(共11层),2008年建,2室1厅,87.38平米,东,2,4天前发布
3071,曼哈顿一期下跃带私家花园套三双卫,https://cd.ke.com/ershoufang/20030817710100204748.html,曼哈顿一期,https://cd.ke.com/xiaoqu/1611041440797/,高楼层(共14层),2003年建,3室1厅,129.84平米,南,0,4天前发布
3072,楠丽湾1室1厅东南,https://cd.ke.com/ershoufang/20030817710100203481.html,楠丽湾,https://cd.ke.com/xiaoqu/1611041461315/,高楼层(共13层),2005年建,1室1厅,38.44平米,东南,1,4天前发布
3073,红牌楼北街10号1室1厅东北,https://cd.ke.com/ershoufang/20030817710100197488.html,红牌楼北街10号,https://cd.ke.com/xiaoqu/1611042672692/,高楼层(共7层),2000年建,1室1厅,42平米,东北,0,4天前发布
3074,棕北国际户型方正客厅朝南对中庭,https://cd.ke.com/ershoufang/20030817710100196029.html,棕北国际,https://cd.ke.com/xiaoqu/3011052623189/,低楼层(共27层),2005年建,3室1厅,96.38平米,东,0,4天前发布
3075,蓝光金双楠二期3室2厅东,https://cd.ke.com/ershoufang/20030817710100196891.html,蓝光金双楠二期,https://cd.ke.com/xiaoqu/1620031547538329/,中楼层(共27层)3室2厅,72平米,东,,,3,4天前发布
3076,皇家花园2室2厅东南,https://cd.ke.com/ershoufang/20030817710100197250.html,皇家花园,https://cd.ke.com/xiaoqu/1611041549306/,高楼层(共7层),1999年建,2室2厅,65.7平米,东南,1,4天前发布
3077,双地铁双公园一梯两户通透户型诚心出售,https://cd.ke.com/ershoufang/20030817710100195419.html,双楠融域,https://cd.ke.com/xiaoqu/1611041472243/,中楼层(共6层),2008年建,3室1厅,125.69平米,东南,2,4天前发布
3078,丽景天成1室1厅南,https://cd.ke.com/ershoufang/20030817710100194991.html,丽景天成,https://cd.ke.com/xiaoqu/1611041519281/,中楼层(共22层),2004年建,1室1厅,57.62平米,南,3,4天前发布
3079,产权证满两年无增值税小户型楼层适中。,https://cd.ke.com/ershoufang/20030817710100194372.html,保利花园二期,https://cd.ke.com/xiaoqu/3011056073467/,中楼层(共17层),2012年建,2室1厅,77平米,南,7,4天前发布
3080,时代锦绣，套三单卫，户型方正，采光很好,https://cd.ke.com/ershoufang/20030817710100185764.html,时代锦绣,https://cd.ke.com/xiaoqu/1611064009997/,中楼层(共14层),2016年建,3室2厅,80平米,东南,0,4天前发布
3081,双发金英汇3室1厅南,https://cd.ke.com/ershoufang/20030817710100188329.html,双发金英汇,https://cd.ke.com/xiaoqu/1611048244633/,低楼层(共24层),2011年建,3室1厅,67.42平米,南,6,4天前发布
3082,兰苑雅居3室1厅南,https://cd.ke.com/ershoufang/20030817710100181445.html,兰苑雅居,https://cd.ke.com/xiaoqu/1611041518352/,中楼层(共6层),2003年建,3室1厅,89.49平米,南,0,4天前发布
3083,纯真年代中间楼层采光好，安静不临街。,https://cd.ke.com/ershoufang/20030817710100178029.html,纯真年代,https://cd.ke.com/xiaoqu/1611041475840/,中楼层(共9层),2002年建,1室1厅,42.63平米,西南,0,4天前发布
3084,红牌楼标准小套二，楼层视野采光好。朝东北，拎包入住,https://cd.ke.com/ershoufang/20030817710100176488.html,优客联邦三期,https://cd.ke.com/xiaoqu/1611044060273/,中楼层(共18层),2012年建,2室2厅,68.26平米,东北,4,4天前发布
3085,中华名园二期2室1厅南,https://cd.ke.com/ershoufang/20030817710100169234.html,中华名园二期,https://cd.ke.com/xiaoqu/1611058387863/,中楼层(共16层),2009年建,2室1厅,88.06平米,南,2,4天前发布
3086,双楠路235号2室1厅东南,https://cd.ke.com/ershoufang/20030817710100166441.html,双楠路235号,https://cd.ke.com/xiaoqu/1611041544331/,高楼层(共7层),1998年建,2室1厅,71.51平米,东南,0,4天前发布
3087,中海龙湾半岛4室1厅西,https://cd.ke.com/ershoufang/20030817710100163186.html,中海龙湾半岛,https://cd.ke.com/xiaoqu/1611041535394/,低楼层(共18层),2009年建,4室1厅,164.69平米,西,13,4天前发布
3088,西部智谷旁标准套一，采光不错，可拎包入住。,https://cd.ke.com/ershoufang/20030817710100161924.html,武新花园,https://cd.ke.com/xiaoqu/1620029939374928/,高楼层(共11层)1室1厅,49.21平米,南,,,1,4天前发布
3089,西部智谷旁标准套一，采光不错，可拎包入住。,https://cd.ke.com/ershoufang/20030817710100159570.html,武新花园,https://cd.ke.com/xiaoqu/1620029939374928/,中楼层(共11层)1室1厅,48.33平米,西南,,,2,4天前发布
3090,会所金澜苑3室1厅东南,https://cd.ke.com/ershoufang/20030817710100157772.html,会所金澜苑,https://cd.ke.com/xiaoqu/1614963330789870/,低楼层(共18层)3室1厅,89.36平米,东南,,,4,4天前发布
3091,武侯区武青北路76号上道西城套二,https://cd.ke.com/ershoufang/20030817710100163395.html,上道西城,https://cd.ke.com/xiaoqu/1611057885306/,中楼层(共11层),2008年建,2室1厅,84.54平米,南,2,4天前发布
3092,橙堡2008建成电梯房，框架结构，旁边公园超市地铁,https://cd.ke.com/ershoufang/20030817710100163997.html,橙堡,https://cd.ke.com/xiaoqu/1611041464070/,高楼层(共16层),2008年建,1室1厅,60.34平米,东南,0,4天前发布
3093,沙竹苑2室1厅西南,https://cd.ke.com/ershoufang/20030817710100156090.html,沙竹苑,https://cd.ke.com/xiaoqu/3011053990595/,低楼层(共12层)2室1厅,47.64平米,西南,,,0,4天前发布
3094,卫欣苑3室2厅南北,https://cd.ke.com/ershoufang/20030817710100147473.html,卫欣苑,https://cd.ke.com/xiaoqu/1611041495385/,中楼层(共6层),2002年建,3室2厅,123.83平米,南北,0,4天前发布
3095,中铁瑞城三号线2室1厅南,https://cd.ke.com/ershoufang/20030817710100143050.html,中铁瑞城三号线,https://cd.ke.com/xiaoqu/1611058001441/,低楼层(共12层),2012年建,2室1厅,55平米,南,0,4天前发布
3096,武侯新城西派城精装修户型方正采光好,https://cd.ke.com/ershoufang/20030817710100141442.html,西派城,https://cd.ke.com/xiaoqu/1613850559942542/,中楼层(共13层)4室2厅,135平米,南,,,0,4天前发布
3097,红楠港，标准套一，带大阳台采光好,https://cd.ke.com/ershoufang/20030817710100135582.html,红楠港,https://cd.ke.com/xiaoqu/1611043002253/,高楼层(共15层),2009年建,1室1厅,55.55平米,南,0,4天前发布
3098,锦翠花园南苑3室2厅西北,https://cd.ke.com/ershoufang/20030817710100134931.html,锦翠花园南苑,https://cd.ke.com/xiaoqu/3011056107220/,中楼层(共6层),2000年建,3室2厅,92.41平米,西北,0,4天前发布
3099,棕竹园，标准套三双卫，户型方正，低楼层,https://cd.ke.com/ershoufang/20030817710100131161.html,棕竹园,https://cd.ke.com/xiaoqu/3011052217031/,低楼层(共7层),2000年建,3室2厅,110.11平米,南,2,4天前发布
3100,锦翠花园南苑2室1厅东南,https://cd.ke.com/ershoufang/20030817710100133598.html,锦翠花园南苑,https://cd.ke.com/xiaoqu/3011056107220/,中楼层(共6层),2000年建,2室1厅,72平米,东南,0,4天前发布
3101,优客联邦一期1室1厅东南,https://cd.ke.com/ershoufang/20030817710100130486.html,优客联邦一期,https://cd.ke.com/xiaoqu/1611041554183/,中楼层(共16层),2008年建,1室1厅,51.16平米,东南,0,4天前发布
3102,内双楠平层四居室，电梯中间层朝南。,https://cd.ke.com/ershoufang/20030817710100124893.html,双楠府邸,https://cd.ke.com/xiaoqu/1611041545030/,中楼层(共11层),2002年建,4室2厅,162.33平米,南,2,4天前发布
3103,71.71m²，户型方正，通风透气性好。,https://cd.ke.com/ershoufang/20030817710100123820.html,世豪嘉柏,https://cd.ke.com/xiaoqu/1611061265761/,低楼层(共20层),2014年建,2室1厅,71.71平米,南,11,4天前发布
3104,会所金澜苑1室1厅南,https://cd.ke.com/ershoufang/20030817710100123689.html,会所金澜苑,https://cd.ke.com/xiaoqu/1614963330789870/,低楼层(共17层)1室1厅,54.88平米,南,,,0,4天前发布
3105,会所金澜苑3室1厅东南,https://cd.ke.com/ershoufang/20030817710100121948.html,会所金澜苑,https://cd.ke.com/xiaoqu/1614963330789870/,高楼层(共17层)3室1厅,124平米,东南,,,0,4天前发布
3106,曼哈顿一期下跃套二双卫朝南,https://cd.ke.com/ershoufang/20030817710100117468.html,曼哈顿一期,https://cd.ke.com/xiaoqu/1611041440797/,中楼层(共14层),2003年建,2室1厅,99.37平米,南,0,4天前发布
3107,美丽星2室1厅西南,https://cd.ke.com/ershoufang/20030817710100117034.html,美丽星,https://cd.ke.com/xiaoqu/1611041455286/,低楼层(共11层),2004年建,2室1厅,73.99平米,西南,0,4天前发布
3108,金楠国际标准套一装修保养好,https://cd.ke.com/ershoufang/20030817710100114358.html,金楠国际,https://cd.ke.com/xiaoqu/1611041509061/,中楼层(共8层),2008年建,1室1厅,60.87平米,东北,12,4天前发布
3109,一环内、地铁口、府南河边上的三梯六户电梯套三,https://cd.ke.com/ershoufang/20030817710100112018.html,锦江花园城,https://cd.ke.com/xiaoqu/1611043002499/,低楼层(共29层),2000年建,3室1厅,129.04平米,东北,0,4天前发布
3110,正成城市乐章3室1厅南,https://cd.ke.com/ershoufang/20030817710100106994.html,正成城市乐章,https://cd.ke.com/xiaoqu/3011053747317/,高楼层(共22层),2014年建,3室1厅,88.69平米,南,3,4天前发布
3111,对中庭两居室客厅带阳台有装修看房预约,https://cd.ke.com/ershoufang/20030817710100104722.html,龙华阳光,https://cd.ke.com/xiaoqu/1611042820881/,中楼层(共11层),2005年建,2室1厅,93.41平米,南,1,4天前发布
3112,13年新小区，伊藤旁，精装修，明厨明卫，拎包入住,https://cd.ke.com/ershoufang/20030817710100102727.html,华府双楠,https://cd.ke.com/xiaoqu/1611046533179/,中楼层(共16层),2013年建,2室1厅,78.86平米,西南,0,4天前发布
3113,新巢小区二期2室1厅东南,https://cd.ke.com/ershoufang/20030817710100102194.html,新巢小区二期,https://cd.ke.com/xiaoqu/1611043047960/,中楼层(共7层),2005年建,2室1厅,65.63平米,东南,0,4天前发布
3114,双楠名城一期3室2厅南,https://cd.ke.com/ershoufang/20030817710100101863.html,双楠名城一期,https://cd.ke.com/xiaoqu/1611041547755/,低楼层(共6层),2003年建,3室2厅,155.77平米,南,0,4天前发布
3115,户型方正，标准套二，客厅带阳台视野开阔,https://cd.ke.com/ershoufang/20030817710100101646.html,中央花园二期,https://cd.ke.com/xiaoqu/1611041477479/,中楼层(共7层),1998年建,2室1厅,64.8平米,南,9,4天前发布
3116,标准套二，明厨明卫采光好，中间楼层,https://cd.ke.com/ershoufang/20030817710100101411.html,金辉枫尚,https://cd.ke.com/xiaoqu/3011053769898/,中楼层(共18层),2011年建,2室1厅,70.43平米,东南,8,4天前发布
3117,外双楠清水河畔，精装小户型，适合年轻人。,https://cd.ke.com/ershoufang/20030717710100224637.html,丽景华庭一期,https://cd.ke.com/xiaoqu/1611043474821/,中楼层(共12层),2003年建,1室1厅,49.4平米,北,0,5天前发布
3118,标准套三双卫婚房装修楼层视野好,https://cd.ke.com/ershoufang/20030717710100222651.html,中海锦城一期,https://cd.ke.com/xiaoqu/3011056147802/,高楼层(共14层),2011年建,3室1厅,117.96平米,西,1,5天前发布
3119,园林式电梯套三双卫精装修配套完善,https://cd.ke.com/ershoufang/20030717710100221851.html,颐和雅居,https://cd.ke.com/xiaoqu/1611041506337/,低楼层(共13层),2006年建,3室2厅,117.5平米,南,0,5天前发布
3120,盐市口川音新南门川大锦宏错层套三,https://cd.ke.com/ershoufang/20030717710100221361.html,锦宏骏苑北区,https://cd.ke.com/xiaoqu/1611042040069/,中楼层(共11层),2004年建,3室2厅,129.92平米,西南,3,5天前发布
3121,世豪嘉柏优质套二，精装修，带家具家电，看房提前预约,https://cd.ke.com/ershoufang/20030717710100219778.html,世豪嘉柏,https://cd.ke.com/xiaoqu/1611061265761/,低楼层(共20层),2014年建,2室2厅,71.47平米,东南,3,5天前发布
3122,武侯区武青北路上道西城套二带阳台.,https://cd.ke.com/ershoufang/20030717710100216175.html,上道西城,https://cd.ke.com/xiaoqu/1611057885306/,低楼层(共11层),2008年建,2室1厅,77.72平米,西,17,5天前发布
3123,红楠港2室1厅东南西南,https://cd.ke.com/ershoufang/20030717710100213261.html,红楠港,https://cd.ke.com/xiaoqu/1611043002253/,高楼层(共15层),2009年建,2室1厅,73.36平米,东南西南,0,5天前发布
3124,双楠尊邸2室1厅西南,https://cd.ke.com/ershoufang/20030717710100212618.html,双楠尊邸,https://cd.ke.com/xiaoqu/1611041481079/,高楼层(共18层),2006年建,2室1厅,104.13平米,西南,0,5天前发布
3125,此房满两年免增值税，采光充足，配套实施齐全,https://cd.ke.com/ershoufang/20030717710100211423.html,首信汇,https://cd.ke.com/xiaoqu/3011056108443/,高楼层(共14层),2014年建,3室2厅,81.6平米,南,1,5天前发布
3126,新界三期3室2厅南,https://cd.ke.com/ershoufang/20030717710100211232.html,新界三期,https://cd.ke.com/xiaoqu/1611043117683/,中楼层(共8层),2011年建,3室2厅,119.15平米,南,2,5天前发布
3127,永丰街12号2室1厅西北,https://cd.ke.com/ershoufang/20030717710100210971.html,永丰街12号,https://cd.ke.com/xiaoqu/3011053136063/,高楼层(共6层)2室1厅,80.88平米,西北,,,0,5天前发布
3128,维港3室1厅东南,https://cd.ke.com/ershoufang/20030717710100209767.html,维港,https://cd.ke.com/xiaoqu/1611045511840/,低楼层(共18层),2011年建,3室1厅,89.88平米,东南,1,5天前发布
3129,绿地圣路易名邸二期2室1厅南,https://cd.ke.com/ershoufang/20030717710100204595.html,绿地圣路易名邸二期,https://cd.ke.com/xiaoqu/3011056099924/,中楼层(共12层),2013年建,2室1厅,89.42平米,南,1,5天前发布
3130,维港2室1厅东南,https://cd.ke.com/ershoufang/20030717710100200284.html,维港,https://cd.ke.com/xiaoqu/1611045511840/,低楼层(共18层),2011年建,2室1厅,89.97平米,东南,0,5天前发布
3131,锦官秀城南区2室1厅南,https://cd.ke.com/ershoufang/20030717710100200938.html,锦官秀城南区,https://cd.ke.com/xiaoqu/1611044712181/,低楼层(共18层),2006年建,2室1厅,97.19平米,南,3,5天前发布
3132,维港3室1厅东北,https://cd.ke.com/ershoufang/20030717710100201550.html,维港,https://cd.ke.com/xiaoqu/1611045511840/,低楼层(共18层),2011年建,3室1厅,89.97平米,东北,0,5天前发布
3133,维港4室1厅东南东北,https://cd.ke.com/ershoufang/20030717710100207044.html,维港,https://cd.ke.com/xiaoqu/1611045511840/,低楼层(共18层),2011年建,4室1厅,89.97平米,东南东北,0,5天前发布
3134,一环边地铁口电梯小高层，居家装修，交通便利,https://cd.ke.com/ershoufang/20030717710100217560.html,时尚星座,https://cd.ke.com/xiaoqu/1611041467064/,高楼层(共10层),2003年建,1室1厅,65.76平米,北,10,5天前发布
3135,维港3室1厅西北,https://cd.ke.com/ershoufang/20030717710100199817.html,维港,https://cd.ke.com/xiaoqu/1611045511840/,低楼层(共18层),2011年建,3室1厅,90.76平米,西北,0,5天前发布
3136,楠庭理想1室1厅东,https://cd.ke.com/ershoufang/20030717710100199914.html,楠庭理想,https://cd.ke.com/xiaoqu/1611041551658/,高楼层(共14层),2010年建,1室1厅,63.48平米,东,3,5天前发布
3137,西派城4室2厅西南,https://cd.ke.com/ershoufang/20030717710100199385.html,西派城,https://cd.ke.com/xiaoqu/1613850559942542/,中楼层(共12层)4室2厅,165.65平米,西南,,,1,5天前发布
3138,潮音小区2室1厅南,https://cd.ke.com/ershoufang/20030717710100192459.html,潮音小区,https://cd.ke.com/xiaoqu/1611062708730/,高楼层(共6层),2001年建,2室1厅,70.6平米,南,0,5天前发布
3139,河边位置，稀有1楼带花园，错层大套四,https://cd.ke.com/ershoufang/20030717710100193390.html,中央花园二期,https://cd.ke.com/xiaoqu/1611041477479/,低楼层(共7层),1998年建,4室2厅,134平米,东南,1,5天前发布
3140,航空花园大户型出售业主诚心出售,https://cd.ke.com/ershoufang/20030717710100197712.html,航空花园,https://cd.ke.com/xiaoqu/1611041490936/,中楼层(共25层),2003年建,4室2厅,165.05平米,南,3,5天前发布
3141,武侯名园标准套二户型方正,https://cd.ke.com/ershoufang/20030717710100193869.html,武侯名园,https://cd.ke.com/xiaoqu/1611041528554/,中楼层(共14层),2001年建,2室1厅,95.86平米,东南,12,5天前发布
3142,电梯直接入户，朝南的大平层全款房出售,https://cd.ke.com/ershoufang/20030717710100189421.html,中粮祥云一期,https://cd.ke.com/xiaoqu/3011056148701/,中楼层(共18层),2013年建,4室2厅,213.57平米,南,1,5天前发布
3143,金楠国际中庭套三双卫采光好中间楼层,https://cd.ke.com/ershoufang/20030717710100182929.html,金楠国际,https://cd.ke.com/xiaoqu/1611041509061/,中楼层(共7层),2008年建,3室1厅,106平米,西南,1,5天前发布
3144,南二环绿地GIC（2017年）清水住宅套三带车位,https://cd.ke.com/ershoufang/20030717710100185360.html,绿地GIC,https://cd.ke.com/xiaoqu/1611063486997/,中楼层(共45层),2017年建,3室1厅,105平米,北,2,5天前发布
3145,四季家园3室1厅南,https://cd.ke.com/ershoufang/20030717710100186622.html,四季家园,https://cd.ke.com/xiaoqu/1611041615109/,中楼层(共7层),2000年建,3室1厅,104.77平米,南,3,5天前发布
3146,康河郦景二期3室2厅北,https://cd.ke.com/ershoufang/20030717710100184343.html,康河郦景二期,https://cd.ke.com/xiaoqu/1611041517046/,中楼层(共18层),2006年建,3室2厅,145.45平米,北,1,5天前发布
3147,房子是小套三户型，户型方正，采光好。,https://cd.ke.com/ershoufang/20030717710100186357.html,丽都世家B区,https://cd.ke.com/xiaoqu/1611061021769/,中楼层(共17层),2014年建,3室1厅,87.81平米,东北,0,5天前发布
3148,武侯区新双楠地铁口，精装套二出售,https://cd.ke.com/ershoufang/20030717710100175774.html,华宇静苑一期,https://cd.ke.com/xiaoqu/3011056103025/,高楼层(共11层),2014年建,2室1厅,73.99平米,南,3,5天前发布
3149,客厅带大阳台户型方正，通风采光好，明厨明卫，有装修,https://cd.ke.com/ershoufang/20030717710100173173.html,王府花园,https://cd.ke.com/xiaoqu/1611041616011/,低楼层(共18层),2004年建,2室1厅,92.17平米,南,2,5天前发布
3150,鹭岛国际四期精装一居室高楼层采光好,https://cd.ke.com/ershoufang/20030717710100166523.html,鹭岛国际四期,https://cd.ke.com/xiaoqu/1611043477314/,高楼层(共18层),2012年建,1室1厅,51平米,东,0,5天前发布
3151,火车南站君悦领地套三双卫对中庭,https://cd.ke.com/ershoufang/20030717710100167881.html,君悦领地,https://cd.ke.com/xiaoqu/1611041516495/,高楼层(共18层),2006年建,3室2厅,119.85平米,东西,0,5天前发布
3152,时代阳光花园1室1厅东,https://cd.ke.com/ershoufang/20030717710100162052.html,时代阳光花园,https://cd.ke.com/xiaoqu/1611042029438/,高楼层(共8层)1室1厅,34平米,东,,,0,5天前发布
3153,武侯区外双楠高层电梯公寓房东自住装修看房方便,https://cd.ke.com/ershoufang/20030717710100158175.html,双楠偶寓,https://cd.ke.com/xiaoqu/1614640563892629/,高楼层(共16层)2室2厅,78.32平米,东北西北,,,0,5天前发布
3154,宏景园3室1厅东东南南,https://cd.ke.com/ershoufang/20030717710100159639.html,宏景园,https://cd.ke.com/xiaoqu/1611041869821/,高楼层(共7层),2004年建,3室1厅,99平米,东东南南,0,5天前发布
3155,武侯区标准套一采光好生活便利,https://cd.ke.com/ershoufang/20030717710100153976.html,棕南正街8号,https://cd.ke.com/xiaoqu/3011052089424/,高楼层(共7层),1998年建,1室1厅,53平米,西北,0,5天前发布
3156,成都A区1室0厅东南,https://cd.ke.com/ershoufang/20030717710100155247.html,成都A区,https://cd.ke.com/xiaoqu/1611046551661/,地下室(共2层),2011年建,1室0厅,38.33平米,东南,0,5天前发布
3157,正基城市主场2室1厅西南,https://cd.ke.com/ershoufang/20030717710100154097.html,正基城市主场,https://cd.ke.com/xiaoqu/1611043140746/,高楼层(共20层),2012年建,2室1厅,64.8平米,西南,2,5天前发布
3158,地铁口，精装三房，一梯两户，通透三房,https://cd.ke.com/ershoufang/20030717710100153147.html,华宇楠苑,https://cd.ke.com/xiaoqu/1611043134166/,中楼层(共11层),2012年建,3室1厅,82平米,西南,9,5天前发布
3159,二环BRT100米，3号线地铁600米，一梯两户、04年商品房,https://cd.ke.com/ershoufang/20030717710100152898.html,花样年华四期,https://cd.ke.com/xiaoqu/1611041548370/,高楼层(共6层),2005年建,1室1厅,42.54平米,东北,7,5天前发布
3160,中间楼层标准套二水电气三通民用,https://cd.ke.com/ershoufang/20030717710100150816.html,晋阳银座,https://cd.ke.com/xiaoqu/1611041515465/,中楼层(共6层),2006年建,2室1厅,88.13平米,东,5,5天前发布
3161,高新区大平层公园边大套三改套二带30平米花园,https://cd.ke.com/ershoufang/20030717710100150371.html,檀香山公园里,https://cd.ke.com/xiaoqu/1620020798564729/,低楼层(共17层),2016年建,3室2厅,121.98平米,南西南,6,5天前发布
3162,高攀路18号标准套三，中间楼层，简单装修,https://cd.ke.com/ershoufang/20030717710100148699.html,高攀路18号,https://cd.ke.com/xiaoqu/3011055088051/,中楼层(共7层)3室1厅,74.66平米,南,,,1,5天前发布
3163,通透户型自住精装修有车位产权证满两年,https://cd.ke.com/ershoufang/20030717710100144614.html,保利花园二期,https://cd.ke.com/xiaoqu/3011056073467/,低楼层(共15层),2012年建,3室2厅,99.31平米,东,2,5天前发布
3164,都市金岸1室1厅东南,https://cd.ke.com/ershoufang/20030717710100147536.html,都市金岸,https://cd.ke.com/xiaoqu/1611043065547/,中楼层(共18层),2005年建,1室1厅,55.2平米,东南,0,5天前发布
3165,一环内、地铁口、府南河边上的三梯六户电梯房,https://cd.ke.com/ershoufang/20030717710100141660.html,锦江花园城,https://cd.ke.com/xiaoqu/1611043002499/,低楼层(共29层),2000年建,3室1厅,129平米,南,0,5天前发布
3166,太平南新街6号标准套二业主换房出售,https://cd.ke.com/ershoufang/20030717710100138146.html,太平南新街6号,https://cd.ke.com/xiaoqu/1611063483610/,高楼层(共10层),2006年建,2室0厅,56.96平米,西南,0,5天前发布
3167,中华名园二期3室1厅北,https://cd.ke.com/ershoufang/20030717710100135340.html,中华名园二期,https://cd.ke.com/xiaoqu/1611058387863/,中楼层(共16层),2008年建,3室1厅,117.4平米,北,7,5天前发布
3168,红牌楼电梯标准套一客厅带阳台诚心出售,https://cd.ke.com/ershoufang/20030717710100132132.html,左邻右舍,https://cd.ke.com/xiaoqu/1611041522515/,低楼层(共18层),2008年建,1室1厅,53.06平米,西南,0,5天前发布
3169,精装小套二，满两年，西南朝向，拎包入住,https://cd.ke.com/ershoufang/20030717710100129811.html,金楠缤纷,https://cd.ke.com/xiaoqu/1611062687392/,低楼层(共16层),2015年建,2室2厅,59.96平米,西南,5,5天前发布
3170,成科路12号套三棕南棕北一号线倪家桥地铁川大保利,https://cd.ke.com/ershoufang/20030717710100125210.html,弘福苑,https://cd.ke.com/xiaoqu/1611058092597/,高楼层(共7层),1999年建,3室1厅,84.3平米,东南,0,5天前发布
3171,天际首府5室2厅西南,https://cd.ke.com/ershoufang/20030717710100124812.html,天际首府,https://cd.ke.com/xiaoqu/3011053798922/,高楼层(共11层),2012年建,5室2厅,172.5平米,西南,2,5天前发布
3172,一楼带大花园的房子，花园五十平米。,https://cd.ke.com/ershoufang/20030717710100123158.html,蓝光诺丁山,https://cd.ke.com/xiaoqu/3011053790092/,低楼层(共11层),2005年建,2室1厅,78.16平米,西北,18,5天前发布
3173,绿地一期套三单卫诚心出售提前预约,https://cd.ke.com/ershoufang/20030717710100116062.html,绿地圣路易名邸一期,https://cd.ke.com/xiaoqu/3011056102188/,高楼层(共12层),2012年建,3室2厅,88.36平米,东,0,5天前发布
3174,丽都丽府精装套三客厅主卧对中庭带部分家电出售,https://cd.ke.com/ershoufang/20030717710100120743.html,丽都花园丽府,https://cd.ke.com/xiaoqu/1611044722209/,低楼层(共16层),2011年建,3室1厅,122.99平米,东南,5,5天前发布
3175,蜀汉公寓标准套四中间楼层户型通透采光好,https://cd.ke.com/ershoufang/20030717710100120157.html,蜀汉公寓,https://cd.ke.com/xiaoqu/1611042664597/,中楼层(共7层),1994年建,4室2厅,148.42平米,东,0,5天前发布
3176,红帆蓝调1室1厅东南,https://cd.ke.com/ershoufang/20030717710100113391.html,红帆蓝调,https://cd.ke.com/xiaoqu/1611041492675/,高楼层(共16层),2010年建,1室1厅,50.6平米,东南,1,5天前发布
3177,优客联邦三期1室1厅东北,https://cd.ke.com/ershoufang/20030717710100109273.html,优客联邦三期,https://cd.ke.com/xiaoqu/1611044060273/,高楼层(共18层),2012年建,1室1厅,52.51平米,东北,3,5天前发布
3178,高楼层视野好，东南朝向，采光好，带阳台,https://cd.ke.com/ershoufang/20030717710100105025.html,维港,https://cd.ke.com/xiaoqu/1611045511840/,中楼层(共18层),2011年建,2室1厅,82.87平米,东南,4,5天前发布
3179,经典跃层户型，对小区中庭，安静不临街,https://cd.ke.com/ershoufang/20030717710100103589.html,锦宏骏苑南区,https://cd.ke.com/xiaoqu/1611042041416/,高楼层(共11层),2004年建,3室2厅,111.64平米,北,0,5天前发布
3180,二环内双楠低楼层套二有外墙砖商品房,https://cd.ke.com/ershoufang/20030717710100100754.html,龙门公寓,https://cd.ke.com/xiaoqu/1611041522514/,中楼层(共5层),2003年建,2室1厅,106.14平米,西南,0,5天前发布
3181,青云阁3室1厅东,https://cd.ke.com/ershoufang/20030717710100100353.html,青云阁,https://cd.ke.com/xiaoqu/1611041580348/,中楼层(共11层),2004年建,3室1厅,141平米,东,0,5天前发布
3182,电梯套三，客厅带阳台，采光好，楼层好,https://cd.ke.com/ershoufang/20030617710100206287.html,金楠缤纷,https://cd.ke.com/xiaoqu/1611062687392/,高楼层(共16层),2015年建,3室1厅,70.62平米,东南,2,6天前发布
3183,双楠谊苑一期1室1厅南,https://cd.ke.com/ershoufang/20030617710100201569.html,双楠谊苑一期,https://cd.ke.com/xiaoqu/1611043448749/,中楼层(共7层),1998年建,1室1厅,51.81平米,南,2,6天前发布
3184,三楼大户型房子，户型方正，适合自住。,https://cd.ke.com/ershoufang/20030617710100196092.html,红运街3号,https://cd.ke.com/xiaoqu/3011053914339/,中楼层(共7层),2000年建,4室2厅,169.3平米,南,3,6天前发布
3185,曼哈顿自然派1室1厅东南,https://cd.ke.com/ershoufang/20030617710100195743.html,曼哈顿自然派,https://cd.ke.com/xiaoqu/1611043070754/,低楼层(共19层),2005年建,1室1厅,68平米,东南,2,6天前发布
3186,金楠缤纷2室1厅南,https://cd.ke.com/ershoufang/20030617710100195112.html,金楠缤纷,https://cd.ke.com/xiaoqu/1611062687392/,高楼层(共16层),2015年建,2室1厅,60平米,南,4,6天前发布
3187,祥福苑(武侯)3室2厅南,https://cd.ke.com/ershoufang/20030617710100194363.html,祥福苑(武侯),https://cd.ke.com/xiaoqu/1611041497577/,高楼层(共22层),2000年建,3室2厅,158.7平米,南,1,6天前发布
3188,鹭岛国际四期1室0厅南,https://cd.ke.com/ershoufang/20030617710100190656.html,鹭岛国际四期,https://cd.ke.com/xiaoqu/1611043477314/,低楼层(共17层),2012年建,1室0厅,51.51平米,南,2,6天前发布
3189,中间楼层一居室丽都世家A区旁边,https://cd.ke.com/ershoufang/20030617710100189354.html,长城祥苑,https://cd.ke.com/xiaoqu/1612647442689804/,中楼层(共7层)1室1厅,46.43平米,东南,,,3,6天前发布
3190,七里晓月大套二简单装修小区管理好,https://cd.ke.com/ershoufang/20030617710100187695.html,七里晓月,https://cd.ke.com/xiaoqu/3011056106075/,高楼层(共13层),2014年建,2室2厅,88.57平米,南,1,6天前发布
3191,房子户型方正，，精致三室设计，,https://cd.ke.com/ershoufang/20030617710100186821.html,龙湖金楠天街,https://cd.ke.com/xiaoqu/1611059976050/,高楼层(共24层),2015年建,3室1厅,89平米,南,1,6天前发布
3192,西南三环丶武侯新城丶12年13层电梯小高层,https://cd.ke.com/ershoufang/20030617710100185923.html,天际首府,https://cd.ke.com/xiaoqu/3011053798922/,高楼层(共13层),2012年建,3室2厅,94.71平米,南,16,6天前发布
3193,标准套三，户型方正，中间楼层，小面积总价低,https://cd.ke.com/ershoufang/20030617710100177746.html,翠堤春晓,https://cd.ke.com/xiaoqu/1611041524496/,中楼层(共6层),2002年建,3室2厅,90.91平米,南,4,6天前发布
3194,燃灯寺北街29号2室1厅东南,https://cd.ke.com/ershoufang/20030617710100176237.html,燃灯寺北街29号,https://cd.ke.com/xiaoqu/1611041882024/,高楼层(共7层),2000年建,2室1厅,67.22平米,东南,1,6天前发布
3195,锦江花园城顶跃，视野开阔，交通方便,https://cd.ke.com/ershoufang/20030617710100172434.html,锦江花园城,https://cd.ke.com/xiaoqu/1611043002499/,高楼层(共29层),2000年建,5室2厅,295.35平米,南,1,6天前发布
3196,泊景湾3室2厅西北,https://cd.ke.com/ershoufang/20030617710100166656.html,泊景湾,https://cd.ke.com/xiaoqu/1611041486084/,低楼层(共18层),2008年建,3室2厅,118.81平米,西北,2,6天前发布
3197,中铁金花国际城1室0厅西南,https://cd.ke.com/ershoufang/20030617710100166278.html,中铁金花国际城,https://cd.ke.com/xiaoqu/1611063630494/,高楼层(共6层),2014年建,1室0厅,54.41平米,西南,0,6天前发布
3198,武海中华锦绣1室0厅东南,https://cd.ke.com/ershoufang/20030617710100165030.html,武海中华锦绣,https://cd.ke.com/xiaoqu/3011053806870/,地下室(共层),2011年建,1室0厅,29平米,东南,0,6天前发布
3199,二话内侧18年新小区，近地铁，交通便利，配套齐全,https://cd.ke.com/ershoufang/20030617710100162910.html,营盛大厦,https://cd.ke.com/xiaoqu/1611726056075393/,中楼层(共12层),2017年建,1室0厅,42.64平米,东南,0,6天前发布
3200,中海套二+户型方正+采光好+安静,https://cd.ke.com/ershoufang/20030617710100162097.html,中海格林威治城,https://cd.ke.com/xiaoqu/1611041475489/,中楼层(共31层),2006年建,2室1厅,88.55平米,西北,3,6天前发布
3201,棕北国际旁，锦绣街7号精装套二，户型方正，看房方便,https://cd.ke.com/ershoufang/20030617710100161137.html,锦绣街7号,https://cd.ke.com/xiaoqu/3011052590752/,中楼层(共5层),1998年建,2室1厅,68.5平米,南,9,6天前发布
3202,棕竹街3号2室1厅南,https://cd.ke.com/ershoufang/20030617710100159176.html,棕竹街3号,https://cd.ke.com/xiaoqu/3011052632883/,中楼层(共6层),1995年建,2室1厅,62平米,南,2,6天前发布
3203,一环内近华西交通方便的大标间,https://cd.ke.com/ershoufang/20030617710100156535.html,艺墅花乡,https://cd.ke.com/xiaoqu/1611041587545/,高楼层(共16层),2004年建,1室0厅,37.51平米,南,1,6天前发布
3204,金茂礼都朝东南不临街精装套二,https://cd.ke.com/ershoufang/20030617710100155617.html,金茂礼都,https://cd.ke.com/xiaoqu/1611041508809/,低楼层(共28层),2005年建,2室1厅,63.38平米,东南,15,6天前发布
3205,驿鑫乡卿城1室1厅西南,https://cd.ke.com/ershoufang/20030617710100150938.html,驿鑫乡卿城,https://cd.ke.com/xiaoqu/3011053826913/,低楼层(共13层),2007年建,1室1厅,74.32平米,西南,1,6天前发布
3206,武侯大道地铁口标准两居室，视野无遮挡，业主诚心卖,https://cd.ke.com/ershoufang/20030617710100142843.html,双楠回归线,https://cd.ke.com/xiaoqu/1611041468465/,低楼层(共11层),2003年建,2室1厅,76.44平米,东南,0,6天前发布
3207,此房满了2年，没有增值税。精装修套三好房,https://cd.ke.com/ershoufang/20030617710100142641.html,银泰香樟林,https://cd.ke.com/xiaoqu/3011053554034/,中楼层(共14层),2014年建,3室2厅,95.51平米,西北,6,6天前发布
3208,标准两居室户型方正采光好客厅带阳台,https://cd.ke.com/ershoufang/20030617710100142488.html,远鸿方程式,https://cd.ke.com/xiaoqu/1611041514951/,中楼层(共12层),2003年建,2室1厅,77.71平米,南,2,6天前发布
3209,城置汇点1室0厅东南,https://cd.ke.com/ershoufang/20030617710100141264.html,城置汇点,https://cd.ke.com/xiaoqu/1611063965637/,高楼层(共15层),2015年建,1室0厅,74.42平米,东南,1,6天前发布
3210,川大校内套一中间楼层精装非川大教职工可购买,https://cd.ke.com/ershoufang/20030617710100141429.html,川大华西新村十四宿舍,https://cd.ke.com/xiaoqu/1611062709435/,中楼层(共7层),1985年建,1室1厅,44.51平米,南,4,6天前发布
3211,标准套三户型客厅卧室带大阳台,https://cd.ke.com/ershoufang/20030617710100140964.html,中华名园三期C区,https://cd.ke.com/xiaoqu/1611058396152/,高楼层(共16层),2010年建,3室1厅,90.33平米,东南,2,6天前发布
3212,阳光春天套三双卫户型方正,https://cd.ke.com/ershoufang/20030617710100136663.html,阳光春天,https://cd.ke.com/xiaoqu/1611041504253/,中楼层(共18层),2008年建,3室2厅,150.71平米,南北,1,6天前发布
3213,泛悦国际标准车位1栋楼下,https://cd.ke.com/ershoufang/20030617710100137176.html,中国水电泛悦国际,https://cd.ke.com/xiaoqu/1611063134911/,地下室(共层)1室0厅,33.81平米,东,,,0,6天前发布
3214,人民南路四段25号4室1厅南,https://cd.ke.com/ershoufang/20030617710100135739.html,人民南路四段25号,https://cd.ke.com/xiaoqu/1611042538795/,中楼层(共7层),1998年建,4室1厅,130.39平米,南,3,6天前发布
3215,泰基南棠套二，有采光，高楼层，对中庭,https://cd.ke.com/ershoufang/20030617710100127446.html,泰基南棠,https://cd.ke.com/xiaoqu/1611041482788/,高楼层(共16层),2011年建,2室1厅,84.86平米,东南,3,6天前发布
3216,名士公馆3室1厅北,https://cd.ke.com/ershoufang/20030617710100126418.html,名士公馆,https://cd.ke.com/xiaoqu/1611041553398/,高楼层(共11层),2003年建,3室1厅,102.66平米,北,1,6天前发布
3217,首信红星国际广场1室0厅东,https://cd.ke.com/ershoufang/20030617710100123214.html,首信红星国际广场,https://cd.ke.com/xiaoqu/1620028359630857/,高楼层(共10层),2012年建,1室0厅,56.99平米,东,1,6天前发布
3218,泛悦国际标准套二采光好,https://cd.ke.com/ershoufang/20030617710100119061.html,中国水电泛悦国际,https://cd.ke.com/xiaoqu/1611063134911/,低楼层(共31层),2015年建,2室1厅,67.11平米,南,5,6天前发布
3219,精装一居15年楼盘卧室带大阳台拎包入住,https://cd.ke.com/ershoufang/20030617710100120274.html,天朗锦邸,https://cd.ke.com/xiaoqu/1611063563260/,高楼层(共39层),2015年建,1室1厅,52.19平米,西北,3,6天前发布
3220,都市金岸1室0厅南,https://cd.ke.com/ershoufang/20030617710100115588.html,都市金岸,https://cd.ke.com/xiaoqu/1611043065547/,低楼层(共18层),2005年建,1室0厅,25.68平米,南,0,6天前发布
3221,中华名园三期C区3室1厅东南,https://cd.ke.com/ershoufang/20030617710100108437.html,中华名园三期C区,https://cd.ke.com/xiaoqu/1611058396152/,高楼层(共16层),2010年建,3室1厅,89.77平米,东南,2,6天前发布
3222,龙安街10号3室1厅西北,https://cd.ke.com/ershoufang/20030617710100108390.html,龙安街10号,https://cd.ke.com/xiaoqu/1611042043804/,低楼层(共7层),2000年建,3室1厅,79.03平米,西北,0,6天前发布
3223,双楠水岸2室1厅东南,https://cd.ke.com/ershoufang/20030617710100108776.html,双楠水岸,https://cd.ke.com/xiaoqu/1611041472654/,高楼层(共9层),2003年建,2室1厅,82.63平米,东南,1,6天前发布
3224,商鼎国际小区标准套一无按揭无抵押交易方便,https://cd.ke.com/ershoufang/20030517710100202528.html,商鼎国际,https://cd.ke.com/xiaoqu/1611041464969/,高楼层(共28层),2008年建,1室1厅,52平米,东,0,7天前发布
3225,双楠美邻2室1厅西南,https://cd.ke.com/ershoufang/20030517710100199468.html,双楠美邻,https://cd.ke.com/xiaoqu/1611041468978/,高楼层(共12层),2003年建,2室1厅,72.48平米,西南,1,7天前发布
3226,西武家园标准套二居家装修,https://cd.ke.com/ershoufang/20030517710100186114.html,西武家园,https://cd.ke.com/xiaoqu/1615440900272919/,低楼层(共6层),2006年建,2室1厅,77.26平米,东南,0,7天前发布
3227,兰苑雅居2室1厅南,https://cd.ke.com/ershoufang/20030517710100184015.html,兰苑雅居,https://cd.ke.com/xiaoqu/1611041518352/,低楼层(共6层),2003年建,2室1厅,91.81平米,南,0,7天前发布
3228,3号线地铁、二环边、中庭不临街、框架、地下停车,https://cd.ke.com/ershoufang/20030517710100183287.html,宏景园,https://cd.ke.com/xiaoqu/1611041869821/,中楼层(共7层),2004年建,3室2厅,104.04平米,西南,2,7天前发布
3229,曼哈顿自然派1室0厅西,https://cd.ke.com/ershoufang/20030517710100180997.html,曼哈顿自然派,https://cd.ke.com/xiaoqu/1611043070754/,中楼层(共19层),2005年建,1室0厅,47.32平米,西,1,7天前发布
3230,套二带阳台，对中庭，高楼层，采光好,https://cd.ke.com/ershoufang/20030517710100179714.html,维港,https://cd.ke.com/xiaoqu/1611045511840/,高楼层(共18层),2011年建,2室1厅,78.48平米,西北,2,7天前发布
3231,巷上生活馆套二精装修看房预约,https://cd.ke.com/ershoufang/20030517710100179087.html,巷上生活馆,https://cd.ke.com/xiaoqu/1611043046728/,中楼层(共15层),2008年建,2室1厅,77.79平米,东南,4,7天前发布
3232,神仙树大院三期5室1厅东北,https://cd.ke.com/ershoufang/20030517710100172760.html,神仙树大院三期,https://cd.ke.com/xiaoqu/1611041582121/,低楼层(共17层),2011年建,5室1厅,225.19平米,东北,0,7天前发布
3233,套三+大面积+单价低+河景房+安静+精装,https://cd.ke.com/ershoufang/20030517710100174294.html,锦江花园城,https://cd.ke.com/xiaoqu/1611043002499/,高楼层(共29层),2000年建,3室1厅,129.04平米,东北,2,7天前发布
3234,科华之星2室1厅东,https://cd.ke.com/ershoufang/20030517710100174397.html,科华之星,https://cd.ke.com/xiaoqu/1611041518323/,中楼层(共18层),2002年建,2室1厅,84.21平米,东,1,7天前发布
3235,华都星公馆套三带花园户型方正交通便利带车位,https://cd.ke.com/ershoufang/20030517710100171492.html,华都星公馆一期,https://cd.ke.com/xiaoqu/3011053721661/,低楼层(共6层),2004年建,3室2厅,122.39平米,东南,1,7天前发布
3236,武海中华锦绣1室1厅东,https://cd.ke.com/ershoufang/20030517710100167459.html,武海中华锦绣,https://cd.ke.com/xiaoqu/3011053806870/,地下室(共层),2011年建,1室1厅,37.78平米,东,0,7天前发布
3237,龙湖金楠天街3室1厅东南,https://cd.ke.com/ershoufang/20030517710100166242.html,龙湖金楠天街,https://cd.ke.com/xiaoqu/1611059976050/,低楼层(共24层),2015年建,3室1厅,88.27平米,东南,3,7天前发布
3238,双楠尚品广场1室0厅东,https://cd.ke.com/ershoufang/20030517710100159528.html,双楠尚品广场,https://cd.ke.com/xiaoqu/1611060374265/,地下室(共层)1室0厅,30.79平米,东,,,0,7天前发布
3239,时代阳光花园安静不临街套一户型正,https://cd.ke.com/ershoufang/20030517710100158668.html,时代阳光花园,https://cd.ke.com/xiaoqu/1611042029438/,低楼层(共12层),2003年建,1室1厅,44.11平米,南,0,7天前发布
3240,龙湖旁标准套三中间楼层视野采光无遮挡,https://cd.ke.com/ershoufang/20030517710100155336.html,园中园北苑,https://cd.ke.com/xiaoqu/3011053922682/,中楼层(共7层),2000年建,3室2厅,101.77平米,东南,4,7天前发布
3241,武青带装修套二房，...........,https://cd.ke.com/ershoufang/20030517710100154667.html,武青嘉苑,https://cd.ke.com/xiaoqu/3011053820248/,高楼层(共5层),2005年建,2室1厅,75.53平米,南北,0,7天前发布
3242,川大竹林村三室两厅，大阳台，户型方正采光好视野佳。,https://cd.ke.com/ershoufang/20030517710100151154.html,川大竹林村,https://cd.ke.com/xiaoqu/1611057986784/,高楼层(共7层),2000年建,3室1厅,90.77平米,东南,1,7天前发布
3243,美丽南庭朝南大套二，面积大，正南朝向,https://cd.ke.com/ershoufang/20030517710100152191.html,美丽南庭,https://cd.ke.com/xiaoqu/1611041752155/,高楼层(共11层),2009年建,2室1厅,92.84平米,东南,1,7天前发布
3244,桐梓林欧城1室0厅东南,https://cd.ke.com/ershoufang/20030517710100150980.html,桐梓林欧城,https://cd.ke.com/xiaoqu/1611043137543/,地下室(共层)1室0厅,30.03平米,东南,,,0,7天前发布
3245,巷上生活馆1室1厅东,https://cd.ke.com/ershoufang/20030517710100147874.html,巷上生活馆,https://cd.ke.com/xiaoqu/1611043046728/,中楼层(共15层),2008年建,1室1厅,54.02平米,东,1,7天前发布
3246,上道西城标准套三，户型方正对中庭,https://cd.ke.com/ershoufang/20030517710100144897.html,上道西城,https://cd.ke.com/xiaoqu/1611057885306/,中楼层(共11层),2008年建,3室1厅,92.33平米,南,6,7天前发布
3247,2.5环独栋别墅，有花园，独门独户。,https://cd.ke.com/ershoufang/20030517710100141691.html,领秀别墅,https://cd.ke.com/xiaoqu/1611043067970/,低楼层(共3层),2000年建,5室3厅,538平米,南,4,7天前发布
3248,双楠风景一期2室2厅南,https://cd.ke.com/ershoufang/20030517710100144779.html,双楠风景一期,https://cd.ke.com/xiaoqu/1611041545029/,中楼层(共6层),2005年建,2室2厅,75.46平米,南,0,7天前发布
3249,锦官秀城南区3室1厅南,https://cd.ke.com/ershoufang/20030517710100142643.html,锦官秀城南区,https://cd.ke.com/xiaoqu/1611044712181/,中楼层(共18层),2006年建,3室1厅,128.06平米,南,2,7天前发布
3250,泰逸家园2室2厅南,https://cd.ke.com/ershoufang/20030517710100138459.html,泰逸家园,https://cd.ke.com/xiaoqu/1611041551332/,中楼层(共11层),2008年建,2室2厅,104.74平米,南,0,7天前发布
3251,棕苑标准套二中间楼层安静配套成熟,https://cd.ke.com/ershoufang/20030517710100135231.html,棕竹街3号,https://cd.ke.com/xiaoqu/3011052632883/,中楼层(共6层),1995年建,2室1厅,62平米,南,17,7天前发布
3252,中海锦城一期3室2厅南北,https://cd.ke.com/ershoufang/20030517710100132948.html,中海锦城一期,https://cd.ke.com/xiaoqu/3011056147802/,中楼层(共13层),2011年建,3室2厅,96.64平米,南北,5,7天前发布
3253,标准套二居家装修户型方正,https://cd.ke.com/ershoufang/20030517710100131022.html,玲珑郡,https://cd.ke.com/xiaoqu/3011056120282/,低楼层(共13层),2012年建,2室1厅,70.04平米,南,1,7天前发布
3254,套二精装修有阳台,https://cd.ke.com/ershoufang/20030517710100129980.html,双楠三区,https://cd.ke.com/xiaoqu/1611041544534/,中楼层(共7层),1999年建,2室1厅,58.42平米,东南,5,7天前发布
3255,中央花园四期4室3厅东南,https://cd.ke.com/ershoufang/20030517710100123512.html,中央花园四期,https://cd.ke.com/xiaoqu/1611058159086/,低楼层(共6层),1999年建,4室3厅,164.8平米,东南,0,7天前发布
3256,魏玛国际标准套一，居家装修，欢迎大家来带看。,https://cd.ke.com/ershoufang/20030517710100125967.html,魏玛国际,https://cd.ke.com/xiaoqu/3011052201014/,低楼层(共32层),2013年建,1室1厅,48.76平米,南,2,7天前发布
3257,武侯区七道堰街33号交通局宿舍优质套三,https://cd.ke.com/ershoufang/20030517710100121559.html,交通局宿舍,https://cd.ke.com/xiaoqu/1611042022542/,中楼层(共7层),2000年建,3室1厅,79平米,南,6,7天前发布
3258,丽都世家套二西南向有装修方正,https://cd.ke.com/ershoufang/20030517710100118088.html,丽都世家B区,https://cd.ke.com/xiaoqu/1611061021769/,高楼层(共17层),2014年建,2室1厅,81.6平米,西南,14,7天前发布
3259,商鼎国际1室1厅南,https://cd.ke.com/ershoufang/20030517710100114371.html,商鼎国际,https://cd.ke.com/xiaoqu/1611041464969/,低楼层(共28层),2008年建,1室1厅,56.48平米,南,0,7天前发布
3260,融城后街2室1厅南,https://cd.ke.com/ershoufang/20030517710100112689.html,融城后街,https://cd.ke.com/xiaoqu/1611041581734/,高楼层(共17层),2009年建,2室1厅,80.96平米,南,0,7天前发布
3261,标准套三，改了三个房间，业主诚心出售，随时可看房,https://cd.ke.com/ershoufang/20030517710100111751.html,交大广厦小区,https://cd.ke.com/xiaoqu/3011055122146/,高楼层(共7层),2000年建,3室2厅,94平米,南,0,7天前发布
3262,红牌楼低楼层小套二前后不临街,https://cd.ke.com/ershoufang/20030517710100106231.html,红牌楼北街15号,https://cd.ke.com/xiaoqu/1611042673101/,低楼层(共7层),2000年建,2室1厅,60.48平米,西,1,7天前发布
3263,红馆小区2006年电梯套三，有装修。,https://cd.ke.com/ershoufang/20030517710100101673.html,红馆,https://cd.ke.com/xiaoqu/1611041495359/,高楼层(共11层),2006年建,3室2厅,116.94平米,东,1,7天前发布
3264,临江东路30号，楼顶带花园，户型方正。,https://cd.ke.com/ershoufang/20030417710100208870.html,临江东路30号,https://cd.ke.com/xiaoqu/3011052080613/,高楼层(共7层),2001年建,3室1厅,130.27平米,东,1,8天前发布
3265,中间楼层精装套二户型方正朝南采光好,https://cd.ke.com/ershoufang/20030417710100208750.html,花香庭院,https://cd.ke.com/xiaoqu/1611042022348/,中楼层(共6层),2005年建,2室1厅,76.14平米,南,6,8天前发布
3266,龙爪小区东1号院2室1厅北,https://cd.ke.com/ershoufang/20030417710100206188.html,龙爪小区东1号院,https://cd.ke.com/xiaoqu/1611062342804/,低楼层(共7层),1999年建,2室1厅,73.43平米,北,1,8天前发布
3267,武侯新双楠中铁骑士公馆业主诚售,https://cd.ke.com/ershoufang/20030417710100204415.html,中铁骑士公馆,https://cd.ke.com/xiaoqu/3011056149451/,低楼层(共18层),2013年建,2室1厅,69.86平米,南,6,8天前发布
3268,此房楼层好，业主自住装修，诚心出售，,https://cd.ke.com/ershoufang/20030417710100202153.html,红运花园馨苑,https://cd.ke.com/xiaoqu/1611058162958/,中楼层(共7层),1998年建,4室2厅,123.8平米,南,18,8天前发布
3269,泰基南棠，套二简单装修，干净整洁,https://cd.ke.com/ershoufang/20030417710100201251.html,泰基南棠,https://cd.ke.com/xiaoqu/1611041482788/,中楼层(共16层),2011年建,2室1厅,85.13平米,西北,1,8天前发布
3270,红运花园标准套三，采光好不临街。,https://cd.ke.com/ershoufang/20030417710100197075.html,红运花园佳苑,https://cd.ke.com/xiaoqu/1611058507205/,高楼层(共7层),1999年建,3室1厅,107.2平米,东东南,0,8天前发布
3271,珑熙郡精装套三双卫，采光好，户型方正。,https://cd.ke.com/ershoufang/20030417710100198934.html,珑熙郡,https://cd.ke.com/xiaoqu/1611064002823/,中楼层(共17层),2017年建,3室1厅,85.87平米,南北,0,8天前发布
3272,自住装修带屋顶花园诚心出售方便看房,https://cd.ke.com/ershoufang/20030417710100189926.html,双楠谊苑一期,https://cd.ke.com/xiaoqu/1611043448749/,高楼层(共7层),1998年建,2室1厅,89平米,南北,1,8天前发布
3273,桐梓林欧城2室1厅南,https://cd.ke.com/ershoufang/20030417710100191377.html,桐梓林欧城,https://cd.ke.com/xiaoqu/1611043137543/,高楼层(共21层),2009年建,2室1厅,86.46平米,南,0,8天前发布
3274,正成城市乐章套三双卫简单装修,https://cd.ke.com/ershoufang/20030417710100189228.html,正成城市乐章,https://cd.ke.com/xiaoqu/3011053747317/,低楼层(共22层),2014年建,3室2厅,107.42平米,西南,26,8天前发布
3275,中央花园二期经典错层套四双卫户型,https://cd.ke.com/ershoufang/20030417710100191570.html,中央花园二期,https://cd.ke.com/xiaoqu/1611041477479/,高楼层(共7层),1998年建,4室1厅,134.4平米,南北,1,8天前发布
3276,洗面桥东一街3号，高层套三，采光好,https://cd.ke.com/ershoufang/20030417710100184839.html,洗面桥东一街3号,https://cd.ke.com/xiaoqu/168145915360235/,高楼层(共7层)3室2厅,83.49平米,南,,,0,8天前发布
3277,位置好，交通方便，配套设施齐全,https://cd.ke.com/ershoufang/20030417710100183014.html,龙湖金楠时光,https://cd.ke.com/xiaoqu/1612535180832924/,地下室(共层)1室0厅,33.64平米,东南,,,0,8天前发布
3278,高升桥，左邻右舍，标准套二出售,https://cd.ke.com/ershoufang/20030417710100182582.html,左邻右舍,https://cd.ke.com/xiaoqu/1611041522515/,中楼层(共18层),2008年建,2室1厅,69.7平米,西南,1,8天前发布
3279,带40平米花园，东南向，置信品质,https://cd.ke.com/ershoufang/20030417710100180033.html,丽都花园丽府,https://cd.ke.com/xiaoqu/1611044722209/,低楼层(共18层),2011年建,4室2厅,153.46平米,东南,0,8天前发布
3280,磨子桥新南门电梯套三明厨明卫,https://cd.ke.com/ershoufang/20030417710100178085.html,龙江电信公寓,https://cd.ke.com/xiaoqu/1611061587507/,高楼层(共23层),2002年建,3室1厅,150.1平米,西,0,8天前发布
3281,首座3室2厅东,https://cd.ke.com/ershoufang/20030417710100181758.html,首座,https://cd.ke.com/xiaoqu/1611041467704/,高楼层(共29层),2010年建,3室2厅,172.72平米,东,1,8天前发布
3282,一环内标准套一户型，东南朝向，交通便利，生活方便,https://cd.ke.com/ershoufang/20030417710100178653.html,金茂礼都,https://cd.ke.com/xiaoqu/1611041508809/,低楼层(共28层),2005年建,1室1厅,44.14平米,东,4,8天前发布
3283,二环内，中间楼层，户型方正，装修保养好,https://cd.ke.com/ershoufang/20030417710100168389.html,红牌楼北街15号,https://cd.ke.com/xiaoqu/1611042673101/,中楼层(共7层),2000年建,3室1厅,66.73平米,东南,1,8天前发布
3284,芳草地1室1厅东南,https://cd.ke.com/ershoufang/20030417710100167972.html,芳草地,https://cd.ke.com/xiaoqu/1611041555164/,中楼层(共7层),1998年建,1室1厅,46.19平米,东南,9,8天前发布
3285,电梯高层朝南全中庭套三带拉通式大阳台带储物间,https://cd.ke.com/ershoufang/20030417710100161091.html,康河郦景三期,https://cd.ke.com/xiaoqu/1611041517151/,高楼层(共18层),2008年建,3室1厅,137.72平米,南,6,8天前发布
3286,棕北标准套三户型方正配套齐全,https://cd.ke.com/ershoufang/20030417710100160885.html,锦绣街7号,https://cd.ke.com/xiaoqu/3011052590752/,中楼层(共6层),1998年建,3室1厅,85平米,南,9,8天前发布
3287,西苑，单价低平层大套三双卫120万,https://cd.ke.com/ershoufang/20030417710100160319.html,园中园西苑,https://cd.ke.com/xiaoqu/3011053924774/,中楼层(共7层),2000年建,3室2厅,125.48平米,南北,3,8天前发布
3288,中央花园二期标准套一，采光好。,https://cd.ke.com/ershoufang/20030417710100159485.html,中央花园二期,https://cd.ke.com/xiaoqu/1611041477479/,中楼层(共9层),1998年建,1室1厅,41.8平米,东南,2,8天前发布
3289,美丽星4室2厅北,https://cd.ke.com/ershoufang/20030417710100157832.html,美丽星,https://cd.ke.com/xiaoqu/1611041455286/,高楼层(共5层),2004年建,4室2厅,136平米,北,1,8天前发布
3290,红帆蓝调1室0厅西南,https://cd.ke.com/ershoufang/20030417710100152879.html,红帆蓝调,https://cd.ke.com/xiaoqu/1611041492675/,低楼层(共16层),2010年建,1室0厅,34.68平米,西南,0,8天前发布
3291,保利中心1室1厅南,https://cd.ke.com/ershoufang/20030417710100150934.html,保利中心,https://cd.ke.com/xiaoqu/1611057984138/,高楼层(共21层),2012年建,1室1厅,71.77平米,南,1,8天前发布
3292,保利中心1室1厅南,https://cd.ke.com/ershoufang/20030417710100153490.html,保利中心,https://cd.ke.com/xiaoqu/1611057984138/,高楼层(共21层),2012年建,1室1厅,71.77平米,南,0,8天前发布
3293,华宇楠苑2室1厅东南,https://cd.ke.com/ershoufang/20030417710100149526.html,华宇楠苑,https://cd.ke.com/xiaoqu/1611043134166/,中楼层(共11层),2012年建,2室1厅,66.07平米,东南,5,8天前发布
3294,蓝光金双楠一期3室2厅东南,https://cd.ke.com/ershoufang/20030417710100153314.html,蓝光金双楠一期,https://cd.ke.com/xiaoqu/1620031574802512/,高楼层(共21层),2015年建,3室2厅,64.24平米,东南,3,8天前发布
3295,中铁瑞城三号线套一改套二。,https://cd.ke.com/ershoufang/20030417710100146941.html,中铁瑞城三号线,https://cd.ke.com/xiaoqu/1611058001441/,高楼层(共10层),2012年建,2室1厅,54.81平米,西北,1,8天前发布
3296,高新神仙树片区，带私家花园，精装修,https://cd.ke.com/ershoufang/20030417710100145235.html,630宿舍,https://cd.ke.com/xiaoqu/1611043273370/,高楼层(共7层),1996年建,1室1厅,44平米,南,2,8天前发布
3297,君悦尚都1室1厅南,https://cd.ke.com/ershoufang/20030417710100144970.html,君悦尚都,https://cd.ke.com/xiaoqu/1611041516461/,中楼层(共11层),2005年建,1室1厅,55.5平米,南,1,8天前发布
3298,怡安花园2室1厅南,https://cd.ke.com/ershoufang/20030417710100144672.html,怡安花园,https://cd.ke.com/xiaoqu/1611044143991/,中楼层(共8层),2012年建,2室1厅,49.41平米,南,27,8天前发布
3299,航空花园精装套二户型方正,https://cd.ke.com/ershoufang/20030417710100138837.html,航空花园,https://cd.ke.com/xiaoqu/1611041490936/,高楼层(共25层)2室1厅,84.5平米,西南,,,2,8天前发布
3300,中粮祥云二期2室2厅西南,https://cd.ke.com/ershoufang/20030417710100137522.html,中粮祥云二期,https://cd.ke.com/xiaoqu/3011056148267/,中楼层(共17层),2014年建,2室2厅,87.19平米,西南,1,8天前发布
3301,双楠港汇广场，中间楼层，采光巴适,https://cd.ke.com/ershoufang/20030417710100137477.html,双楠港汇广场,https://cd.ke.com/xiaoqu/1611100719752/,中楼层(共6层),2015年建,1室1厅,60.87平米,东南,0,8天前发布
3302,精装修套三单卫，户型通透，业主诚心，目前出租,https://cd.ke.com/ershoufang/20030417710100134462.html,世豪嘉柏,https://cd.ke.com/xiaoqu/1611061265761/,高楼层(共20层),2014年建,3室2厅,89.45平米,东南西北,4,8天前发布
3303,电子商务大厦，标准套一，户型方正,https://cd.ke.com/ershoufang/20030417710100135434.html,电子商务大厦,https://cd.ke.com/xiaoqu/1620020444105367/,中楼层(共18层)1室1厅,52.78平米,南,,,1,8天前发布
3304,中海名城顶楼带花园套二改套四，装修好,https://cd.ke.com/ershoufang/20030417710100132357.html,中海名城一期,https://cd.ke.com/xiaoqu/1611043158503/,高楼层(共6层),2002年建,2室1厅,94.45平米,东南,8,8天前发布
3305,玉林小套二，采光好，交通便利，生活方便,https://cd.ke.com/ershoufang/20030417710100131196.html,玉林南街6号,https://cd.ke.com/xiaoqu/1611043052215/,高楼层(共6层),1999年建,2室1厅,52平米,南,3,8天前发布
3306,双楠忆景套二带衣帽间精装修客厅有大阳台,https://cd.ke.com/ershoufang/20030417710100125116.html,双楠忆景,https://cd.ke.com/xiaoqu/1611041549096/,低楼层(共9层),2010年建,2室2厅,123平米,南,4,8天前发布
3307,2.5环新上会所金澜苑大套三，清水，随你心意装修,https://cd.ke.com/ershoufang/20030417710100123445.html,会所金澜苑,https://cd.ke.com/xiaoqu/1614963330789870/,高楼层(共17层)3室1厅,124.11平米,东南,,,5,8天前发布
3308,幸福时光精装跃层套一采光视野好,https://cd.ke.com/ershoufang/20030417710100127869.html,幸福时光,https://cd.ke.com/xiaoqu/1611041503861/,高楼层(共12层),2003年建,1室1厅,36.45平米,东南,1,8天前发布
3309,南北通透、一梯两户、精装套二诚心出售,https://cd.ke.com/ershoufang/20030417710100119238.html,丽景华庭一期,https://cd.ke.com/xiaoqu/1611043474821/,中楼层(共10层),2003年建,2室1厅,88.78平米,南北,12,8天前发布
3310,华西武侯祠低楼层套二户型方正小区安静,https://cd.ke.com/ershoufang/20030417710100113131.html,建国巷1号,https://cd.ke.com/xiaoqu/3011053900387/,低楼层(共6层),1994年建,2室1厅,62.66平米,东,14,8天前发布
3311,精装小户型带家具家电小巧精致,https://cd.ke.com/ershoufang/20030417710100112167.html,亿通新天地,https://cd.ke.com/xiaoqu/1618197529768334/,中楼层(共13层),2016年建,1室1厅,35.87平米,西南,0,8天前发布
3312,此房是标准套二单卫户型，整体户型方正,https://cd.ke.com/ershoufang/20030417710100110651.html,顺江新苑A区,https://cd.ke.com/xiaoqu/3011053805285/,中楼层(共6层),2003年建,2室1厅,64.9平米,西南,3,8天前发布
3313,：此房为电梯跃层LOFT户型,https://cd.ke.com/ershoufang/20030417710100110576.html,锦宏宝润苑,https://cd.ke.com/xiaoqu/1611041512951/,低楼层(共12层),2001年建,2室1厅,44.84平米,东东南,0,8天前发布
3314,巴黎阳光地下标准车位出售,https://cd.ke.com/ershoufang/20030417710100114248.html,巴黎阳光,https://cd.ke.com/xiaoqu/1611041436695/,地下室(共1层)1室0厅,21.31平米,南,,,0,8天前发布
3315,鹭岛国际四期1室0厅东,https://cd.ke.com/ershoufang/20030417710100112334.html,鹭岛国际四期,https://cd.ke.com/xiaoqu/1611043477314/,中楼层(共18层),2012年建,1室0厅,51.46平米,东,3,8天前发布
3316,中间楼层标准套一，户型方正，一梯两户很通透，有照片,https://cd.ke.com/ershoufang/20030417710100113878.html,中央花园一期,https://cd.ke.com/xiaoqu/1611041478602/,中楼层(共7层),2000年建,1室1厅,41.5平米,东,10,8天前发布
3317,太平园地铁口电梯精装两房户型方正不临街诚售,https://cd.ke.com/ershoufang/20030417710100112259.html,交大万通格外,https://cd.ke.com/xiaoqu/1611041550529/,高楼层(共18层),2011年建,2室1厅,69平米,东南,0,8天前发布
3318,跃层简单装修使用面积大,https://cd.ke.com/ershoufang/20030417710100111251.html,玲珑郡,https://cd.ke.com/xiaoqu/3011056120282/,低楼层(共13层)4室1厅,201.91平米,东南,,,4,8天前发布
3319,近地铁，不临街标准套二，看房方便，,https://cd.ke.com/ershoufang/20030417710100108460.html,红运花园佳苑,https://cd.ke.com/xiaoqu/1611058507205/,高楼层(共7层),1999年建,2室1厅,68.15平米,东南,3,8天前发布
3320,武侯大道地铁口精装跃层套三，带一个大花园,https://cd.ke.com/ershoufang/20030417710100104843.html,清风晓筑,https://cd.ke.com/xiaoqu/3011055214783/,高楼层(共6层),2003年建,3室2厅,139.99平米,东,1,8天前发布
3321,山南家园标准套四，带书房，客厅有阳台,https://cd.ke.com/ershoufang/20030417710100103587.html,山南家园,https://cd.ke.com/xiaoqu/3011053794038/,中楼层(共11层),2007年建,4室1厅,158.7平米,南,12,8天前发布
3322,紫檀大平层，有装修，南北朝向，视野开阔,https://cd.ke.com/ershoufang/20030417710100103031.html,紫檀,https://cd.ke.com/xiaoqu/1611041556800/,中楼层(共28层),2017年建,3室1厅,293.34平米,南北,0,8天前发布
3323,新界一期3室2厅西北,https://cd.ke.com/ershoufang/20030417710100102979.html,新界一期,https://cd.ke.com/xiaoqu/1611043118358/,高楼层(共8层),2008年建,3室2厅,118.12平米,西北,48,8天前发布
3324,一环内电梯套三，户型方正采光好,https://cd.ke.com/ershoufang/20030417710100101348.html,丽景天成,https://cd.ke.com/xiaoqu/1611041519281/,高楼层(共11层),2004年建,3室1厅,118.5平米,南,0,8天前发布
3325,首航欣程清水套三安静不临街,https://cd.ke.com/ershoufang/20030317710100200799.html,首航欣程,https://cd.ke.com/xiaoqu/1611048245025/,高楼层(共32层),2014年建,3室1厅,114.93平米,东南南,3,9天前发布
3326,神仙树大院五期1室1厅南,https://cd.ke.com/ershoufang/20030317710100200573.html,神仙树大院五期,https://cd.ke.com/xiaoqu/1611043480007/,低楼层(共18层),2011年建,1室1厅,49.76平米,南,0,9天前发布
3327,精装修，带阳台，龙湖品质，次新小区，配套成熟,https://cd.ke.com/ershoufang/20030317710100200036.html,龙湖金楠时光,https://cd.ke.com/xiaoqu/1612535180832924/,低楼层(共24层),2015年建,3室1厅,85.79平米,西北,31,9天前发布
3328,魏玛国际标准大车位，总价低，正常出售,https://cd.ke.com/ershoufang/20030317710100199616.html,魏玛国际,https://cd.ke.com/xiaoqu/3011052201014/,地下室(共层),2013年建,1室0厅,33.28平米,南,0,9天前发布
3329,2.5环地铁口+大套二改套三+有装修+采光好,https://cd.ke.com/ershoufang/20030317710100198343.html,红运花园馨苑,https://cd.ke.com/xiaoqu/1611058162958/,中楼层(共7层),1998年建,3室1厅,100.5平米,西,0,9天前发布
3330,郭家桥北街13号标准套三，自主的话清水要装修,https://cd.ke.com/ershoufang/20030317710100197521.html,郭家桥北街13号,https://cd.ke.com/xiaoqu/3011055092202/,高楼层(共7层),2000年建,3室1厅,83平米,南,3,9天前发布
3331,武侯大道地铁站旁交大花园武侯小区中装套二出售,https://cd.ke.com/ershoufang/20030317710100196549.html,交大花园武侯小区,https://cd.ke.com/xiaoqu/1611041525718/,低楼层(共7层),2000年建,2室1厅,67.3平米,东,0,9天前发布
3332,此房是一期电梯洋房，方正大套三，精装，业主诚心卖,https://cd.ke.com/ershoufang/20030317710100196151.html,棕南公寓,https://cd.ke.com/xiaoqu/3011053761737/,中楼层(共8层),2000年建,3室1厅,145.42平米,南,3,9天前发布
3333,教育学院教师公寓明厨明卫标准套二,https://cd.ke.com/ershoufang/20030317710100190965.html,教育学院教师公寓,https://cd.ke.com/xiaoqu/1611042765983/,中楼层(共31层),2010年建,2室2厅,94.2平米,东,3,9天前发布
3334,单位房套二户型有阳台有装修,https://cd.ke.com/ershoufang/20030317710100187230.html,高升桥南街7号,https://cd.ke.com/xiaoqu/1611041838908/,高楼层(共7层),2000年建,2室1厅,72.04平米,东南,7,9天前发布
3335,川大旁SOHO沸城精装修配套齐全可直接拎包入住,https://cd.ke.com/ershoufang/20030317710100187135.html,SOHO沸城,https://cd.ke.com/xiaoqu/1611041434554/,中楼层(共12层),2006年建,1室1厅,53.47平米,东,1,9天前发布
3336,川大旁面积大单价低电梯房,https://cd.ke.com/ershoufang/20030317710100185423.html,亚太广场,https://cd.ke.com/xiaoqu/1611060681900/,高楼层(共21层),1999年建,4室2厅,190平米,北,0,9天前发布
3337,丽景华庭二期2室2厅西,https://cd.ke.com/ershoufang/20030317710100183795.html,丽景华庭二期,https://cd.ke.com/xiaoqu/1611041621243/,中楼层(共16层),2006年建,2室2厅,70.8平米,西,3,9天前发布
3338,电信路1号，套三，居家装修，采光好,https://cd.ke.com/ershoufang/20030317710100181778.html,电信路1号,https://cd.ke.com/xiaoqu/3011053822346/,高楼层(共6层),1987年建,3室1厅,67.17平米,南,0,9天前发布
3339,首座2室1厅南,https://cd.ke.com/ershoufang/20030317710100181676.html,首座,https://cd.ke.com/xiaoqu/1611041467704/,高楼层(共29层),2010年建,2室1厅,126平米,南,1,9天前发布
3340,四季花城3室2厅东南,https://cd.ke.com/ershoufang/20030317710100179626.html,四季花城,https://cd.ke.com/xiaoqu/1611041482135/,低楼层(共21层),2003年建,3室2厅,148.45平米,东南,2,9天前发布
3341,此房满2年，房东置换房屋，诚心出售！！！,https://cd.ke.com/ershoufang/20030317710100177431.html,和信派都,https://cd.ke.com/xiaoqu/1611041491284/,高楼层(共32层),2010年建,1室1厅,61.9平米,西南西,5,9天前发布
3342,电信路1号，高层套三，采光好，,https://cd.ke.com/ershoufang/20030317710100172442.html,电信路1号,https://cd.ke.com/xiaoqu/3011053822346/,高楼层(共7层),2000年建,3室2厅,121.5平米,南,0,9天前发布
3343,房子户型方正，标准套三，双面采光，,https://cd.ke.com/ershoufang/20030317710100169917.html,南桥花苑,https://cd.ke.com/xiaoqu/1611041460242/,高楼层(共15层),2000年建,2室1厅,92.5平米,东,4,9天前发布
3344,一环内电梯朝东套三，交通便利，配套成熟，采光充足,https://cd.ke.com/ershoufang/20030317710100169789.html,南桥花苑,https://cd.ke.com/xiaoqu/1611041460242/,高楼层(共15层),2000年建,3室1厅,103.9平米,东,2,9天前发布
3345,星悦领地2室2厅东南,https://cd.ke.com/ershoufang/20030317710100165290.html,星悦领地,https://cd.ke.com/xiaoqu/3011053746512/,低楼层(共17层),2007年建,2室2厅,60.25平米,东南,0,9天前发布
3346,负一楼车位，车位，业主诚心卖，可以看,https://cd.ke.com/ershoufang/20030317710100164389.html,世豪嘉柏,https://cd.ke.com/xiaoqu/1611061265761/,地下室(共层),2014年建,1室0厅,32平米,东,1,9天前发布
3347,三环边，精装修套一，交通方便，配套齐全,https://cd.ke.com/ershoufang/20030317710100161613.html,花样年花好园,https://cd.ke.com/xiaoqu/1611041608619/,低楼层(共20层),2007年建,1室1厅,48.93平米,东南,1,9天前发布
3348,丽景华庭二期1室0厅南,https://cd.ke.com/ershoufang/20030317710100154787.html,丽景华庭二期,https://cd.ke.com/xiaoqu/1611041621243/,中楼层(共16层),2006年建,1室0厅,44.56平米,南,0,9天前发布
3349,武侯南一环内华西地铁两居室,https://cd.ke.com/ershoufang/20030317710100154450.html,小天北街4号,https://cd.ke.com/xiaoqu/1616007094874523/,高楼层(共7层),1998年建,2室1厅,80.07平米,南,1,9天前发布
3350,丽景华庭二期1室0厅南,https://cd.ke.com/ershoufang/20030317710100153949.html,丽景华庭二期,https://cd.ke.com/xiaoqu/1611041621243/,中楼层(共16层),2006年建,1室0厅,42.3平米,南,0,9天前发布
3351,武侯区倪家桥一号线电梯套三,https://cd.ke.com/ershoufang/20030317710100148037.html,万兴苑(武侯),https://cd.ke.com/xiaoqu/1611041493644/,高楼层(共21层),2000年建,3室1厅,106.71平米,南,1,9天前发布
3352,肖家河沿街小区标准套三双卫采光充足,https://cd.ke.com/ershoufang/20030317710100144167.html,肖家河沿街45号,https://cd.ke.com/xiaoqu/1611044903874/,高楼层(共7层),2000年建,3室2厅,132.81平米,东南,2,9天前发布
3353,套三双卫居家装修采光好,https://cd.ke.com/ershoufang/20030317710100143649.html,七里晓月,https://cd.ke.com/xiaoqu/3011056106075/,中楼层(共13层),2014年建,3室2厅,113.54平米,北,0,9天前发布
3354,保利花园五期悦榕郡3室2厅南,https://cd.ke.com/ershoufang/20030317710100141763.html,保利花园五期悦榕郡,https://cd.ke.com/xiaoqu/1611062665324/,中楼层(共17层),2017年建,3室2厅,118.31平米,南,1,9天前发布
3355,金楠国际标准大车位进出容易停靠方便,https://cd.ke.com/ershoufang/20030317710100138765.html,金楠国际,https://cd.ke.com/xiaoqu/1611041509061/,地下室(共1层),2008年建,1室0厅,38.03平米,东南,0,9天前发布
3356,户型方正套三双卫有阳台不临街近地铁,https://cd.ke.com/ershoufang/20030317710100141391.html,双楠风景一期,https://cd.ke.com/xiaoqu/1611041545029/,高楼层(共6层),2005年建,3室2厅,109.13平米,东南,1,9天前发布
3357,双地铁保利花园四期清水通透套二,https://cd.ke.com/ershoufang/20030317710100138839.html,保利花园四期,https://cd.ke.com/xiaoqu/3011052246928/,中楼层(共14层),2014年建,2室2厅,75.01平米,东南,5,9天前发布
3358,泰基南棠标准套二，客厅带大阳台不临街，看房有钥匙,https://cd.ke.com/ershoufang/20030317710100141265.html,泰基南棠,https://cd.ke.com/xiaoqu/1611041482788/,高楼层(共16层),2011年建,2室1厅,91.24平米,东南,1,9天前发布
3359,人民南路是三段，自住装修有家具家电套二出售,https://cd.ke.com/ershoufang/20030317710100135951.html,教育学院教师公寓,https://cd.ke.com/xiaoqu/1611042765983/,中楼层(共31层),2010年建,2室2厅,94.18平米,西西北,2,9天前发布
3360,倪家桥路8号2室1厅南,https://cd.ke.com/ershoufang/20030317710100134795.html,倪家桥路8号,https://cd.ke.com/xiaoqu/1611043043911/,高楼层(共7层),2000年建,2室1厅,63平米,南,2,9天前发布
3361,幸福时光1室0厅西北,https://cd.ke.com/ershoufang/20030317710100131997.html,幸福时光,https://cd.ke.com/xiaoqu/1611041503861/,中楼层(共12层),2003年建,1室0厅,36.45平米,西北,0,9天前发布
3362,龙锦花园中楼层精装套二，可拎包入住,https://cd.ke.com/ershoufang/20030317710100130292.html,龙锦花园,https://cd.ke.com/xiaoqu/1611041527354/,中楼层(共6层),2005年建,2室1厅,82.25平米,南北,2,9天前发布
3363,精装修采光视野好客厅带阳台,https://cd.ke.com/ershoufang/20030317710100129375.html,杰座,https://cd.ke.com/xiaoqu/1611041508203/,高楼层(共16层),2009年建,1室1厅,54.09平米,东南,5,9天前发布
3364,此房对中庭，不临街，房子装修保养很好,https://cd.ke.com/ershoufang/20030317710100128363.html,龙湖金楠天街,https://cd.ke.com/xiaoqu/1611059976050/,高楼层(共24层),2015年建,3室2厅,110.3平米,南北,0,9天前发布
3365,标准套二，客厅带阳台，低楼层，户型方正,https://cd.ke.com/ershoufang/20030317710100127193.html,宏景园,https://cd.ke.com/xiaoqu/1611041869821/,低楼层(共7层),2004年建,2室1厅,73.31平米,南北,2,9天前发布
3366,南二环标准套二安静不临街有装修,https://cd.ke.com/ershoufang/20030317710100123230.html,祥福苑(武侯),https://cd.ke.com/xiaoqu/1611041497577/,低楼层(共7层),2000年建,2室2厅,59.35平米,南,5,9天前发布
3367,双楠港汇广场，中间楼层，采光好,https://cd.ke.com/ershoufang/20030317710100122855.html,双楠港汇广场,https://cd.ke.com/xiaoqu/1611100719752/,中楼层(共6层),2015年建,1室1厅,67.14平米,南,1,9天前发布
3368,新南村，不临街，南北通透，需职工资格,https://cd.ke.com/ershoufang/20030317710100121948.html,川大新南村,https://cd.ke.com/xiaoqu/1611044454087/,高楼层(共7层)2室1厅,54.01平米,南北,,,6,9天前发布
3369,中华名园三期D区，精装套二，朝向好,https://cd.ke.com/ershoufang/20030317710100120772.html,中华名园三期D区,https://cd.ke.com/xiaoqu/1611058392494/,低楼层(共16层),2012年建,2室2厅,87.58平米,东南,1,9天前发布
3370,优客联邦三期1室1厅东北,https://cd.ke.com/ershoufang/20030317710100120637.html,优客联邦三期,https://cd.ke.com/xiaoqu/1611044060273/,高楼层(共18层),2012年建,1室1厅,52.69平米,东北,3,9天前发布
3371,紫檀3室2厅南,https://cd.ke.com/ershoufang/20030317710100118248.html,紫檀,https://cd.ke.com/xiaoqu/1611041556800/,高楼层(共26层),2017年建,3室2厅,125平米,南,3,9天前发布
3372,南辰景秀2室1厅南,https://cd.ke.com/ershoufang/20030317710100113684.html,南辰景秀,https://cd.ke.com/xiaoqu/1611041458900/,中楼层(共18层),2006年建,2室1厅,76.99平米,南,7,9天前发布
3373,金双楠精装套二保养好中间楼层位置安静,https://cd.ke.com/ershoufang/20030317710100120032.html,蓝光金双楠二期,https://cd.ke.com/xiaoqu/1620031547538329/,中楼层(共28层)2室1厅,51平米,东,,,55,9天前发布
3374,武侯新城，经典两房，配套实施齐全，交通也便利,https://cd.ke.com/ershoufang/20030317710100118688.html,双楠尚品广场,https://cd.ke.com/xiaoqu/1611060374265/,高楼层(共16层),2014年建,2室2厅,69.38平米,东北,1,9天前发布
3375,华宇蓉国府套一，采光好楼层好，安静不临街,https://cd.ke.com/ershoufang/20030317710100115443.html,华宇蓉国府,https://cd.ke.com/xiaoqu/1611043868157/,中楼层(共27层),2012年建,1室1厅,45.53平米,东,9,9天前发布
3376,此户型为过厅套二户型，格局方正,https://cd.ke.com/ershoufang/20030317710100110325.html,倒桑树街142号,https://cd.ke.com/xiaoqu/3011053902533/,中楼层(共5层),2001年建,2室1厅,57.54平米,南北,10,9天前发布
3377,芳草地5室2厅南,https://cd.ke.com/ershoufang/20030317710100105137.html,芳草地,https://cd.ke.com/xiaoqu/1611041555164/,高楼层(共9层),2002年建,5室2厅,241平米,南,1,9天前发布
3378,中海锦城一期精装修带车位带花园,https://cd.ke.com/ershoufang/20030317710100108635.html,中海锦城一期,https://cd.ke.com/xiaoqu/3011056147802/,低楼层(共14层),2011年建,3室1厅,120.05平米,西南西,8,9天前发布
3379,红牌楼套二，电梯房，交通方便！,https://cd.ke.com/ershoufang/20030317710100104852.html,长城宜苑,https://cd.ke.com/xiaoqu/3011053654852/,中楼层(共11层),2000年建,2室1厅,48.05平米,东南,6,9天前发布
3380,双楠尚品广场满园春简单装修二居室价格带车位,https://cd.ke.com/ershoufang/20030217710100177721.html,双楠尚品广场,https://cd.ke.com/xiaoqu/1611060374265/,高楼层(共16层),2014年建,2室2厅,84.7平米,东南,0,10天前发布
3381,商鼎国际小区标准套一居家装修,https://cd.ke.com/ershoufang/20030217710100177452.html,商鼎国际,https://cd.ke.com/xiaoqu/1611041464969/,低楼层(共28层),2008年建,1室1厅,56.48平米,东,0,10天前发布
3382,老马路12号标准套三户型方正装修保养好,https://cd.ke.com/ershoufang/20030217710100177036.html,老马路12号,https://cd.ke.com/xiaoqu/3011052078510/,高楼层(共7层),2000年建,3室2厅,99.71平米,南,3,10天前发布
3383,太平南新街68号教师宿舍自住装修,https://cd.ke.com/ershoufang/20030217710100170718.html,太平南新街68号,https://cd.ke.com/xiaoqu/1611045910634/,中楼层(共6层),1985年建,1室1厅,53.55平米,东南,9,10天前发布
3384,保利精装套三带车位朝南一号线倪家桥地铁川大美领馆,https://cd.ke.com/ershoufang/20030217710100169420.html,保利中心,https://cd.ke.com/xiaoqu/1611057984138/,中楼层(共38层),2013年建,3室1厅,90.3平米,南,4,10天前发布
3385,武侯区上道西城套三双卫客厅带阳台,https://cd.ke.com/ershoufang/20030217710100165289.html,上道西城,https://cd.ke.com/xiaoqu/1611057885306/,低楼层(共11层),2008年建,3室1厅,99.8平米,东南,4,10天前发布
3386,南北朝向不临街精装修采光明亮,https://cd.ke.com/ershoufang/20030217710100163877.html,煤气总公司宿舍,https://cd.ke.com/xiaoqu/1611043449001/,中楼层(共7层),2000年建,2室2厅,67.5平米,南,5,10天前发布
3387,丽景华庭二期3室1厅南,https://cd.ke.com/ershoufang/20030217710100157496.html,丽景华庭二期,https://cd.ke.com/xiaoqu/1611041621243/,低楼层(共16层),2006年建,3室1厅,103.7平米,南,0,10天前发布
3388,上锦雅筑1室1厅南,https://cd.ke.com/ershoufang/20030217710100156564.html,上锦雅筑,https://cd.ke.com/xiaoqu/1611041465350/,中楼层(共18层),2006年建,1室1厅,55平米,南,1,10天前发布
3389,中海锦城二期3室2厅南,https://cd.ke.com/ershoufang/20030217710100151598.html,中海锦城二期,https://cd.ke.com/xiaoqu/1611062166607/,高楼层(共14层),2012年建,3室2厅,98.76平米,南,2,10天前发布
3390,领秀别墅5室3厅东南,https://cd.ke.com/ershoufang/20030217710100144036.html,领秀别墅,https://cd.ke.com/xiaoqu/1611043067970/,低楼层(共3层)5室3厅,538平米,东南,,,0,10天前发布
3391,南二环锦顺苑川大附中旁欧式幽静小区户型通透,https://cd.ke.com/ershoufang/20030217710100142978.html,锦顺苑,https://cd.ke.com/xiaoqu/1611060395420/,中楼层(共6层),2005年建,3室2厅,113平米,东西,4,10天前发布
3392,电子商务大厦1室1厅南,https://cd.ke.com/ershoufang/20030217710100143032.html,电子商务大厦,https://cd.ke.com/xiaoqu/1620020444105367/,低楼层(共18层)1室1厅,52.77平米,南,,,0,10天前发布
3393,电梯小高层，大套二，视野开阔，采光好,https://cd.ke.com/ershoufang/20030217710100139688.html,双楠家园,https://cd.ke.com/xiaoqu/1611041468869/,高楼层(共12层),2001年建,2室2厅,100.7平米,西北东南,3,10天前发布
3394,首航欣程标准套一，安静不临街，带装修。,https://cd.ke.com/ershoufang/20030217710100139378.html,首航欣程,https://cd.ke.com/xiaoqu/1611048245025/,中楼层(共30层),2014年建,1室1厅,55.94平米,东南,0,10天前发布
3395,1、标准套二，双阳台2、客厅很大3、采光好,https://cd.ke.com/ershoufang/20030217710100130078.html,广福楼,https://cd.ke.com/xiaoqu/1611041487340/,高楼层(共7层),2000年建,2室1厅,95.8平米,南北,2,10天前发布
3396,锦上南庭3室2厅东南,https://cd.ke.com/ershoufang/20030217710100130462.html,锦上南庭,https://cd.ke.com/xiaoqu/3011056116531/,高楼层(共14层),2008年建,3室2厅,90.52平米,东南,4,10天前发布
3397,天街套三双卫出租装修朝南采光好,https://cd.ke.com/ershoufang/20030217710100119577.html,龙湖金楠天街,https://cd.ke.com/xiaoqu/1611059976050/,中楼层(共24层),2015年建,3室2厅,110.33平米,南,1,10天前发布
3398,置信巴厘岛D区精装套二带车位,https://cd.ke.com/ershoufang/20030217710100117814.html,置信巴厘岛D区,https://cd.ke.com/xiaoqu/167671137709211/,高楼层(共17层),2008年建,2室2厅,72.82平米,东南,4,10天前发布
3399,红城1室0厅北,https://cd.ke.com/ershoufang/20030217710100111036.html,红城,https://cd.ke.com/xiaoqu/1611043133022/,中楼层(共17层),2011年建,1室0厅,37.02平米,北,0,10天前发布
3400,嘉瑞苑一期套三双卫带阳台带储物间,https://cd.ke.com/ershoufang/20030117710100209362.html,嘉瑞苑一期,https://cd.ke.com/xiaoqu/1611042020066/,低楼层(共6层),2004年建,3室2厅,118平米,南,1,11天前发布
3401,南一环，华西，精装，地铁，套二，带家具家电,https://cd.ke.com/ershoufang/20030117710100209448.html,小天公寓,https://cd.ke.com/xiaoqu/1611041497828/,中楼层(共7层),1998年建,2室1厅,104.54平米,南,2,11天前发布
3402,武侯新城中铁大盘地铁口公园旁享受套二,https://cd.ke.com/ershoufang/20030117710100208861.html,中铁金花国际城,https://cd.ke.com/xiaoqu/1611063630494/,高楼层(共8层)2室2厅,78.06平米,东南,,,1,11天前发布
3403,套四双卫，楼层好，业主自住，配套齐全,https://cd.ke.com/ershoufang/20030117710100208710.html,红运花园馨苑,https://cd.ke.com/xiaoqu/1611058162958/,中楼层(共7层),1998年建,4室2厅,168.42平米,南,14,11天前发布
3404,优客联邦二期套二精装修不临街安静,https://cd.ke.com/ershoufang/20030117710100207643.html,优客联邦二期,https://cd.ke.com/xiaoqu/1611041584271/,高楼层(共18层),2012年建,2室1厅,78.93平米,东南,5,11天前发布
3405,棕南公寓二期中低楼层套三，开发商装修,https://cd.ke.com/ershoufang/20030117710100206880.html,棕南公寓,https://cd.ke.com/xiaoqu/3011053761737/,低楼层(共10层),2000年建,3室2厅,131.51平米,南,7,11天前发布
3406,玉林品上朝南有阳台不临街采光好,https://cd.ke.com/ershoufang/20030117710100201862.html,玉林品上,https://cd.ke.com/xiaoqu/1611041514572/,中楼层(共27层),2007年建,1室0厅,38.53平米,南,1,11天前发布
3407,玉林品上标准居家套二高楼层，采光好,https://cd.ke.com/ershoufang/20030117710100200063.html,玉林品上,https://cd.ke.com/xiaoqu/1611041514572/,高楼层(共26层),2007年建,2室1厅,77.28平米,南,0,11天前发布
3408,金科双楠天都1室0厅东南,https://cd.ke.com/ershoufang/20030117710100197868.html,金科双楠天都,https://cd.ke.com/xiaoqu/1612198884160146/,高楼层(共17层),2017年建,1室0厅,47.8平米,东南,0,11天前发布
3409,西南朝向，一环边，标准两居，安静,https://cd.ke.com/ershoufang/20030117710100191146.html,成都A区,https://cd.ke.com/xiaoqu/1611046551661/,中楼层(共18层),2011年建,2室1厅,65平米,东北,12,11天前发布
3410,红牌楼北街23号院2室1厅东南,https://cd.ke.com/ershoufang/20030117710100189392.html,红牌楼北街23号院,https://cd.ke.com/xiaoqu/1611041841997/,高楼层(共7层),1999年建,2室1厅,55.31平米,东南,35,11天前发布
3411,布鲁汀精装套三双卫业主诚心出售,https://cd.ke.com/ershoufang/20030117710100183621.html,布鲁汀,https://cd.ke.com/xiaoqu/1611061598191/,中楼层(共18层),2008年建,3室1厅,141.69平米,东北,1,11天前发布
3412,华西省体育馆有装修套二，全明格局，出售,https://cd.ke.com/ershoufang/20030117710100179122.html,教育学院教师公寓,https://cd.ke.com/xiaoqu/1611042765983/,低楼层(共31层),2010年建,2室2厅,94.18平米,南,4,11天前发布
3413,会所金澜苑3室1厅南北,https://cd.ke.com/ershoufang/20030117710100178290.html,会所金澜苑,https://cd.ke.com/xiaoqu/1614963330789870/,低楼层(共18层),2016年建,3室1厅,87平米,南北,1,11天前发布
3414,精装套二带书房有电梯装修保养好,https://cd.ke.com/ershoufang/20030117710100179586.html,橙堡,https://cd.ke.com/xiaoqu/1611041464070/,高楼层(共16层),2008年建,2室2厅,66.62平米,东南,21,11天前发布
3415,武侯玉林，不临街，套二，高楼层,https://cd.ke.com/ershoufang/20030117710100174228.html,玉寿巷3号,https://cd.ke.com/xiaoqu/1611043051827/,高楼层(共6层),2000年建,2室1厅,59.54平米,南,4,11天前发布
3416,磨子巷标准套三中间楼层出售优质好房源,https://cd.ke.com/ershoufang/20030117710100166838.html,磨子巷15号,https://cd.ke.com/xiaoqu/3011052626660/,中楼层(共7层),2000年建,3室1厅,79.66平米,南,5,11天前发布
3417,红运花园馨苑2室2厅东南,https://cd.ke.com/ershoufang/20030117710100164855.html,红运花园馨苑,https://cd.ke.com/xiaoqu/1611058162958/,高楼层(共7层),1998年建,2室2厅,98平米,东南,0,11天前发布
3418,龙湖金楠天街2室1厅东南,https://cd.ke.com/ershoufang/20030117710100162914.html,龙湖金楠天街,https://cd.ke.com/xiaoqu/1611059976050/,中楼层(共24层),2015年建,2室1厅,77.47平米,东南,0,11天前发布
3419,西南向，采光视野好，装修保养不错,https://cd.ke.com/ershoufang/20030117710100160217.html,华宇静苑一期,https://cd.ke.com/xiaoqu/3011056103025/,中楼层(共11层),2014年建,3室2厅,73.98平米,西南,42,11天前发布
3420,采光好居家装修拎包入住出门五十米即秀丽清水河,https://cd.ke.com/ershoufang/20030117710100159479.html,中央花园二期,https://cd.ke.com/xiaoqu/1611041477479/,高楼层(共7层),1998年建,4室2厅,159.3平米,南北,2,11天前发布
3421,幸福时光1室0厅南,https://cd.ke.com/ershoufang/20030117710100158619.html,幸福时光,https://cd.ke.com/xiaoqu/1611041503861/,低楼层(共12层),2003年建,1室0厅,43平米,南,0,11天前发布
3422,省体育馆旁电梯套一，采光好，视野无遮挡,https://cd.ke.com/ershoufang/20030117710100152520.html,华宇蓉国府,https://cd.ke.com/xiaoqu/1611043868157/,高楼层(共27层),2012年建,1室1厅,45.24平米,西,5,11天前发布
3423,优客联邦一期2室2厅东南,https://cd.ke.com/ershoufang/20030117710100154511.html,优客联邦一期,https://cd.ke.com/xiaoqu/1611041554183/,高楼层(共16层),2008年建,2室2厅,81.3平米,东南,0,11天前发布
3424,会所金澜苑3室2厅东南,https://cd.ke.com/ershoufang/20030117710100155332.html,会所金澜苑,https://cd.ke.com/xiaoqu/1614963330789870/,中楼层(共17层),2016年建,3室2厅,90.29平米,东南,11,11天前发布
3425,精装端头位置标准套一采光好,https://cd.ke.com/ershoufang/20030117710100152280.html,曼哈顿自然派,https://cd.ke.com/xiaoqu/1611043070754/,中楼层(共20层),2005年建,1室1厅,59.6平米,南,0,11天前发布
3426,户型方正，精装套三双卫可拎包入住。,https://cd.ke.com/ershoufang/20030117710100147464.html,首信汇,https://cd.ke.com/xiaoqu/3011056108443/,中楼层(共14层),2014年建,3室1厅,92.82平米,东,2,11天前发布
3427,一环路旁九眼桥好望角标间有装修,https://cd.ke.com/ershoufang/20030117710100130165.html,好望角,https://cd.ke.com/xiaoqu/1611041584292/,高楼层(共6层),2002年建,1室0厅,32.64平米,东北,0,11天前发布
3428,中铁瑞城三号线1室1厅东南,https://cd.ke.com/ershoufang/20030117710100130330.html,中铁瑞城三号线,https://cd.ke.com/xiaoqu/1611058001441/,高楼层(共12层),2012年建,1室1厅,54.76平米,东南,2,11天前发布
3429,榕苑标准套三，对中庭，楼层好，诚心卖,https://cd.ke.com/ershoufang/20030117710100129070.html,榕苑,https://cd.ke.com/xiaoqu/3011053789067/,低楼层(共6层),2004年建,3室2厅,82.94平米,南北,0,11天前发布
3430,别墅小区，带游泳池，停车方便，环境好,https://cd.ke.com/ershoufang/20030117710100128480.html,交大庭院,https://cd.ke.com/xiaoqu/1611058157277/,高楼层(共7层),1999年建,3室1厅,119平米,南,0,11天前发布
3431,临河小区安静有公园带家具家电出售,https://cd.ke.com/ershoufang/20030117710100126590.html,泊景湾,https://cd.ke.com/xiaoqu/1611041486084/,低楼层(共18层),2008年建,2室2厅,89.14平米,东,1,11天前发布
3432,平层挑高幽静通透明亮户型合理地铁50米居家养老,https://cd.ke.com/ershoufang/20030117710100126917.html,丽景华庭二期,https://cd.ke.com/xiaoqu/1611041621243/,低楼层(共12层),2006年建,3室2厅,121.83平米,南北,2,11天前发布
3433,科华中路标准套一，客厅带大阳台，对中庭安静,https://cd.ke.com/ershoufang/20030117710100124830.html,双发金英汇,https://cd.ke.com/xiaoqu/1611048244633/,中楼层(共24层),2011年建,1室1厅,50.62平米,北,0,11天前发布
3434,高碑瑞苑二期1室1厅西南,https://cd.ke.com/ershoufang/20030117710100120469.html,高碑瑞苑二期,https://cd.ke.com/xiaoqu/3011056092651/,低楼层(共14层),2007年建,1室1厅,46平米,西南,1,11天前发布
3435,泛悦国际精装套二明厨明卫产权清晰无抵押,https://cd.ke.com/ershoufang/20030117710100116842.html,中国水电泛悦国际,https://cd.ke.com/xiaoqu/1611063134911/,低楼层(共34层),2015年建,2室1厅,66.69平米,南,2,11天前发布
3436,高升桥地铁口电梯新小区套二不临街118万,https://cd.ke.com/ershoufang/20030117710100110323.html,成都A区,https://cd.ke.com/xiaoqu/1611046551661/,中楼层(共19层),2011年建,2室1厅,56.51平米,东南,9,11天前发布
3437,山南家园标准套三，户型方正，通风效果好。,https://cd.ke.com/ershoufang/20030117710100108945.html,山南家园,https://cd.ke.com/xiaoqu/3011053794038/,高楼层(共10层),2007年建,3室1厅,125.6平米,西南,1,11天前发布
3438,科院街6号2室1厅南,https://cd.ke.com/ershoufang/20030117710100106196.html,科院街6号,https://cd.ke.com/xiaoqu/3011052077067/,高楼层(共7层),1999年建,2室1厅,74平米,南,2,11天前发布
3439,红楠港标准套一，看房方便有钥匙,https://cd.ke.com/ershoufang/20030117710100108181.html,红楠港,https://cd.ke.com/xiaoqu/1611043002253/,中楼层(共15层),2009年建,1室1厅,55.55平米,东北,0,11天前发布
3440,标准套一有装修户型方正采光视野好,https://cd.ke.com/ershoufang/20030117710100107824.html,月光琉域,https://cd.ke.com/xiaoqu/1611041515045/,高楼层(共17层),2010年建,1室1厅,46.05平米,东北,1,11天前发布
3441,电梯一梯两户套三不临街南北朝向,https://cd.ke.com/ershoufang/20030117710100103984.html,森桦苑,https://cd.ke.com/xiaoqu/1611041464684/,高楼层(共17层),2003年建,3室1厅,123.51平米,南,9,11天前发布
3442,大学路10号2室1厅东西,https://cd.ke.com/ershoufang/20030117710100102281.html,大学路10号,https://cd.ke.com/xiaoqu/1612583471952661/,中楼层(共7层)2室1厅,64.28平米,东西,,,4,11天前发布
3443,中华锦绣二期套一，有生活阳台，拎包入住,https://cd.ke.com/ershoufang/20030117710100101029.html,武海中华锦绣,https://cd.ke.com/xiaoqu/3011053806870/,低楼层(共15层),2011年建,1室0厅,44.34平米,西北,2,11天前发布
3444,楠极地1室0厅南,https://cd.ke.com/ershoufang/20022917710100197143.html,楠极地,https://cd.ke.com/xiaoqu/1611041461159/,中楼层(共12层),2004年建,1室0厅,33.77平米,南,2,12天前发布
3445,檀香山1室0厅东南,https://cd.ke.com/ershoufang/20022917710100193239.html,檀香山,https://cd.ke.com/xiaoqu/1611041483284/,地下室(共层)1室0厅,33.4平米,东南,,,0,12天前发布
3446,华西旁，人民南路，省体育管，标准套二，视野好,https://cd.ke.com/ershoufang/20022917710100193031.html,教育学院教师公寓,https://cd.ke.com/xiaoqu/1611042765983/,高楼层(共31层),2010年建,2室2厅,91.98平米,东南,1,12天前发布
3447,檀香山带大阳台的明厨明卫的套三,https://cd.ke.com/ershoufang/20022917710100192226.html,檀香山,https://cd.ke.com/xiaoqu/1611041483284/,高楼层(共18层),2009年建,3室1厅,97.3平米,东南西南,13,12天前发布
3448,檀香山2室2厅南,https://cd.ke.com/ershoufang/20022917710100190835.html,檀香山,https://cd.ke.com/xiaoqu/1611041483284/,中楼层(共18层),2009年建,2室2厅,88.97平米,南,6,12天前发布
3449,2018年入住+两梯四户+装修好+采光好,https://cd.ke.com/ershoufang/20022917710100190557.html,丽都首府,https://cd.ke.com/xiaoqu/1611063229778/,中楼层(共18层),2016年建,3室1厅,95.43平米,东北,2,12天前发布
3450,置信丽都花园城C区4室2厅东南,https://cd.ke.com/ershoufang/20022917710100189469.html,置信丽都花园城C区,https://cd.ke.com/xiaoqu/1611057999395/,低楼层(共13层),2006年建,4室2厅,164平米,东南,0,12天前发布
3451,中庭小套三位置安静业主诚心卖拎包入住,https://cd.ke.com/ershoufang/20022917710100189318.html,华宇静苑二期,https://cd.ke.com/xiaoqu/3011056101837/,低楼层(共11层)3室2厅,73.08平米,东,,,3,12天前发布
3452,董家湾北街17号2室2厅西南,https://cd.ke.com/ershoufang/20022917710100188396.html,董家湾北街17号,https://cd.ke.com/xiaoqu/1618003537964463/,高楼层(共7层)2室2厅,70.9平米,西南,,,0,12天前发布
3453,高新南二环紫荆巷标准套三低楼层,https://cd.ke.com/ershoufang/20022917710100187474.html,紫荆巷56号院,https://cd.ke.com/xiaoqu/1611043049517/,低楼层(共6层),2000年建,3室2厅,91.39平米,南,2,12天前发布
3454,精心设计，用心打造，一个充满爱和梦想的小屋,https://cd.ke.com/ershoufang/20022917710100185695.html,正成城市乐章,https://cd.ke.com/xiaoqu/3011053747317/,中楼层(共22层),2014年建,2室2厅,69.14平米,南北,3,12天前发布
3455,蓝光诺丁山2室1厅东南,https://cd.ke.com/ershoufang/20022917710100180351.html,蓝光诺丁山,https://cd.ke.com/xiaoqu/3011053790092/,高楼层(共11层),2005年建,2室1厅,86.57平米,东南,0,12天前发布
3456,人民南路四段13号沼气研究所大套三通透,https://cd.ke.com/ershoufang/20022917710100176999.html,人民南路四段13号,https://cd.ke.com/xiaoqu/167437797568992/,高楼层(共6层)3室2厅,118.67平米,南,,,0,12天前发布
3457,园中园西苑3室2厅东北南,https://cd.ke.com/ershoufang/20022917710100171241.html,园中园西苑,https://cd.ke.com/xiaoqu/3011053924774/,高楼层(共7层),2000年建,3室2厅,89.76平米,东北南,0,12天前发布
3458,武侯新城套三出售.精装修拎包入住,https://cd.ke.com/ershoufang/20022917710100170317.html,天际首府,https://cd.ke.com/xiaoqu/3011053798922/,低楼层(共13层),2012年建,3室2厅,116.45平米,东西,6,12天前发布
3459,合力达新锐1室1厅西,https://cd.ke.com/ershoufang/20022917710100167711.html,合力达新锐,https://cd.ke.com/xiaoqu/1620030047367224/,低楼层(共6层)1室1厅,35.13平米,西,,,0,12天前发布
3460,外双楠优质套三中高楼层诚心出售,https://cd.ke.com/ershoufang/20022917710100167241.html,众合西景,https://cd.ke.com/xiaoqu/1611041517607/,高楼层(共6层),2003年建,3室1厅,93.2平米,东南,5,12天前发布
3461,高攀鲈18号院标准套二，清水装修方便,https://cd.ke.com/ershoufang/20022917710100162268.html,高攀路18号,https://cd.ke.com/xiaoqu/3011055088051/,高楼层(共6层),2000年建,2室1厅,64平米,北,0,12天前发布
3462,一环内标准套二，中间楼层，安静不临街,https://cd.ke.com/ershoufang/20022917710100162490.html,胜利新村,https://cd.ke.com/xiaoqu/3011052501364/,中楼层(共4层),1990年建,2室1厅,51平米,南,29,12天前发布
3463,二环边优质小户型，中间楼层。简单装修,https://cd.ke.com/ershoufang/20022917710100165089.html,爱丁堡,https://cd.ke.com/xiaoqu/1611041434913/,中楼层(共7层),2004年建,1室0厅,56.84平米,南,1,12天前发布
3464,优客联邦二期标准套二带三个阳台朝东对中庭,https://cd.ke.com/ershoufang/20022917710100165714.html,优客联邦二期,https://cd.ke.com/xiaoqu/1611041584271/,高楼层(共18层),2012年建,2室2厅,77.01平米,东,3,12天前发布
3465,一环内华西武侯祠电梯小高层安静不临街,https://cd.ke.com/ershoufang/20022917710100160658.html,一江城花,https://cd.ke.com/xiaoqu/1611061453614/,高楼层(共7层)1室0厅,42.94平米,东,,,14,12天前发布
3466,武侯玉林简单装修单位房安静不临街,https://cd.ke.com/ershoufang/20022917710100158062.html,玉洁东街1号,https://cd.ke.com/xiaoqu/1611043050738/,高楼层(共6层),1998年建,3室1厅,82.36平米,南,1,12天前发布
3467,南2.5环桐梓林大套一精装房,https://cd.ke.com/ershoufang/20022917710100150631.html,金地贝福里花园,https://cd.ke.com/xiaoqu/1611041818635/,中楼层(共18层),2007年建,1室1厅,77.14平米,北西,3,12天前发布
3468,潮音小区，户型方正，采光好，诚心出售,https://cd.ke.com/ershoufang/20022917710100149836.html,潮音小区,https://cd.ke.com/xiaoqu/1611062708730/,低楼层(共6层),2001年建,2室1厅,70.6平米,东,8,12天前发布
3469,武新花园2室1厅南,https://cd.ke.com/ershoufang/20022917710100140792.html,武新花园,https://cd.ke.com/xiaoqu/1620029939374928/,高楼层(共11层),2008年建,2室1厅,93平米,南,2,12天前发布
3470,科华巷9号户型方正中间楼层诚心出售,https://cd.ke.com/ershoufang/20022917710100142352.html,科华巷9号,https://cd.ke.com/xiaoqu/1611042513605/,中楼层(共6层),2001年建,2室1厅,89.16平米,东南,27,12天前发布
3471,标准套二，出租装修，客厅带大阳台,https://cd.ke.com/ershoufang/20022917710100143328.html,诚品上院,https://cd.ke.com/xiaoqu/3011053697593/,中楼层(共18层),2008年建,2室1厅,82.43平米,西北,2,12天前发布
3472,此房满两年，户型方正，采光充足，全新装修，拎包入住,https://cd.ke.com/ershoufang/20022917710100140674.html,南华苑,https://cd.ke.com/xiaoqu/1611041460038/,高楼层(共12层),2006年建,3室2厅,120.17平米,西南,0,12天前发布
3473,火车南站美丽南庭大套二朝南位置安静,https://cd.ke.com/ershoufang/20022917710100139269.html,美丽南庭,https://cd.ke.com/xiaoqu/1611041752155/,低楼层(共11层),2009年建,2室1厅,86.82平米,南,5,12天前发布
3474,首座3室2厅南,https://cd.ke.com/ershoufang/20022917710100138860.html,首座,https://cd.ke.com/xiaoqu/1611041467704/,中楼层(共29层),2010年建,3室2厅,172.5平米,南,3,12天前发布
3475,双南商品广场武侯万达广场旁车位出售,https://cd.ke.com/ershoufang/20022917710100138737.html,双楠尚品广场,https://cd.ke.com/xiaoqu/1611060374265/,地下室(共层)1室0厅,30.79平米,东南,,,0,12天前发布
3476,双楠尚品广场2室2厅东南,https://cd.ke.com/ershoufang/20022917710100137473.html,双楠尚品广场,https://cd.ke.com/xiaoqu/1611060374265/,中楼层(共16层),2014年建,2室2厅,87.4平米,东南,1,12天前发布
3477,五大花园低楼层，客厅带阳台中间楼层有装修,https://cd.ke.com/ershoufang/20022917710100134781.html,晋阳银座,https://cd.ke.com/xiaoqu/1611041515465/,低楼层(共6层),2006年建,2室1厅,65.84平米,东,0,12天前发布
3478,市区三环内纯别墅区，临地铁，小区环境好，带花园,https://cd.ke.com/ershoufang/20022917710100134394.html,武侯庭园,https://cd.ke.com/xiaoqu/168056117145744/,高楼层(共4层),2001年建,7室2厅,345平米,东南南,0,12天前发布
3479,优客联邦精装标准套二东北朝向,https://cd.ke.com/ershoufang/20022917710100132464.html,优客联邦一期,https://cd.ke.com/xiaoqu/1611041554183/,高楼层(共16层),2009年建,2室1厅,73.56平米,东北,2,12天前发布
3480,户型方正采光好使用空间大,https://cd.ke.com/ershoufang/20022917710100130342.html,翔宇花园,https://cd.ke.com/xiaoqu/1611041576542/,高楼层(共7层),2002年建,4室2厅,142平米,南北,3,12天前发布
3481,正基城市主场2室1厅南,https://cd.ke.com/ershoufang/20022917710100129130.html,正基城市主场,https://cd.ke.com/xiaoqu/1611043140746/,低楼层(共20层),2012年建,2室1厅,60.63平米,南,1,12天前发布
3482,中海锦城，标准套三，对中庭，此价格含车位,https://cd.ke.com/ershoufang/20022917710100125291.html,中海锦城一期,https://cd.ke.com/xiaoqu/3011056147802/,中楼层(共14层),2011年建,3室2厅,94.3平米,西,6,12天前发布
3483,艺雅苑2室1厅西南,https://cd.ke.com/ershoufang/20022917710100123764.html,艺雅苑,https://cd.ke.com/xiaoqu/3011053535309/,高楼层(共6层),1995年建,2室1厅,53.54平米,西南,1,12天前发布
3484,美丽南庭新上套一有钥匙看房随时可看,https://cd.ke.com/ershoufang/20022917710100123386.html,美丽南庭,https://cd.ke.com/xiaoqu/1611041752155/,中楼层(共11层),2009年建,1室1厅,54.79平米,东,0,12天前发布
3485,中华名园三期c区居家装修套二,https://cd.ke.com/ershoufang/20022917710100118781.html,中华名园三期C区,https://cd.ke.com/xiaoqu/1611058396152/,低楼层(共16层),2010年建,2室1厅,88.9平米,东南,4,12天前发布
3486,首航欣程精装两居室采光好户型方正,https://cd.ke.com/ershoufang/20022917710100118352.html,首航欣程,https://cd.ke.com/xiaoqu/1611048245025/,中楼层(共27层),2014年建,2室1厅,81.02平米,东南,4,12天前发布
3487,优客联邦三期，精装套一，对中庭，西南朝向采光好,https://cd.ke.com/ershoufang/20022917710100117091.html,优客联邦三期,https://cd.ke.com/xiaoqu/1611044060273/,中楼层(共18层),2012年建,1室1厅,47.9平米,西南,6,12天前发布
3488,人民南路装修套二安静不临街,https://cd.ke.com/ershoufang/20022917710100116128.html,华宇蓉国府,https://cd.ke.com/xiaoqu/1611043868157/,低楼层(共33层),2012年建,2室1厅,88.94平米,南,4,12天前发布
3489,华府双楠2室1厅西南,https://cd.ke.com/ershoufang/20022917710100113950.html,华府双楠,https://cd.ke.com/xiaoqu/1611046533179/,中楼层(共16层),2013年建,2室1厅,68.69平米,西南,4,12天前发布
3490,优客联邦二期3室2厅东南,https://cd.ke.com/ershoufang/20022917710100105261.html,优客联邦二期,https://cd.ke.com/xiaoqu/1611041584271/,中楼层(共17层),2012年建,3室2厅,86.77平米,东南,1,12天前发布
3491,精装标准套三+同面积花园+户型方正,https://cd.ke.com/ershoufang/20022917710100104084.html,园中园北苑,https://cd.ke.com/xiaoqu/3011053922682/,高楼层(共7层),2000年建,3室1厅,96.54平米,东,25,12天前发布
3492,上锦雅筑小区，在售三居室，中间楼层。,https://cd.ke.com/ershoufang/20022817710100171867.html,上锦雅筑,https://cd.ke.com/xiaoqu/1611041465350/,高楼层(共17层),2006年建,3室1厅,111.49平米,东西,11,13天前发布
3493,宏景园全中庭套二，基装好，看房有钥匙,https://cd.ke.com/ershoufang/20022817710100169718.html,宏景园,https://cd.ke.com/xiaoqu/1611041869821/,中楼层(共7层),2004年建,2室1厅,72平米,西南,7,13天前发布
3494,武侯新城，户型方正，总价低，中庭朝南,https://cd.ke.com/ershoufang/20022817710100169078.html,楠汇坊,https://cd.ke.com/xiaoqu/1611063052827/,中楼层(共16层),2016年建,2室2厅,60.76平米,南,2,13天前发布
3495,标准套二，户型方正全明格局中庭安静公摊小,https://cd.ke.com/ershoufang/20022817710100166292.html,太平盛世C区,https://cd.ke.com/xiaoqu/1611042024165/,中楼层(共6层),2004年建,2室1厅,77.25平米,西南,1,13天前发布
3496,格林楠2室1厅南北,https://cd.ke.com/ershoufang/20022817710100165970.html,格林楠,https://cd.ke.com/xiaoqu/3011053914040/,高楼层(共14层),2012年建,2室1厅,77.6平米,南北,0,13天前发布
3497,红楠港标准套一自住装修可以拎包入住,https://cd.ke.com/ershoufang/20022817710100160751.html,红楠港,https://cd.ke.com/xiaoqu/1611043002253/,低楼层(共15层),2009年建,1室1厅,59.35平米,东南,3,13天前发布
3498,房屋诚心出售精装套三双卫满两年,https://cd.ke.com/ershoufang/20022817710100155967.html,首信汇,https://cd.ke.com/xiaoqu/3011056108443/,中楼层(共14层),2014年建,3室2厅,92.62平米,东南,4,13天前发布
3499,地铁口万茂UIC，带租约出售。房东很诚心。,https://cd.ke.com/ershoufang/20022817710100154775.html,万茂UIC,https://cd.ke.com/xiaoqu/1614919917145069/,高楼层(共16层),2017年建,1室1厅,52.86平米,南,0,13天前发布
3500,地铁口房万茂UIC，带租约出售。出行方便，天天收租。,https://cd.ke.com/ershoufang/20022817710100155072.html,万茂UIC,https://cd.ke.com/xiaoqu/1614919917145069/,高楼层(共16层),2017年建,1室1厅,52.93平米,南,0,13天前发布
3501,地铁口房万茂UIC，买到即可收租。在家天天收租,https://cd.ke.com/ershoufang/20022817710100153725.html,万茂UIC,https://cd.ke.com/xiaoqu/1614919917145069/,高楼层(共16层),2017年建,1室1厅,105.62平米,南,0,13天前发布
3502,地铁口房万茂UIC，买到即可收租。在家天天收租,https://cd.ke.com/ershoufang/20022817710100153697.html,万茂UIC,https://cd.ke.com/xiaoqu/1614919917145069/,高楼层(共16层),2017年建,1室1厅,103.72平米,南,0,13天前发布
3503,长城宜苑2室2厅东北,https://cd.ke.com/ershoufang/20022817710100152795.html,长城宜苑,https://cd.ke.com/xiaoqu/3011053654852/,中楼层(共11层)2室2厅,77平米,东北,,,1,13天前发布
3504,中铁骑士公馆居家装修小套二，不临街，拎包入住,https://cd.ke.com/ershoufang/20022817710100152930.html,中铁骑士公馆,https://cd.ke.com/xiaoqu/3011056149451/,中楼层(共18层),2013年建,2室1厅,69.86平米,东北,4,13天前发布
3505,标准套二，环境好，全中庭位置业主诚心出售,https://cd.ke.com/ershoufang/20022817710100148860.html,园中园北苑,https://cd.ke.com/xiaoqu/3011053922682/,中楼层(共7层),2000年建,2室2厅,75.79平米,东南,0,13天前发布
3506,瑞泰锦城2007年电梯套三双卫,https://cd.ke.com/ershoufang/20022817710100147744.html,瑞泰锦城,https://cd.ke.com/xiaoqu/3011053918806/,中楼层(共16层),2007年建,3室1厅,87.5平米,东,13,13天前发布
3507,电梯套二，精装修，中间楼层，安静不临街,https://cd.ke.com/ershoufang/20022817710100146678.html,会所花园,https://cd.ke.com/xiaoqu/1611041504254/,中楼层(共16层),2002年建,2室1厅,79.37平米,东南,10,13天前发布
3508,南方花园，标准套二，对小区里面，居家装修，视野好！,https://cd.ke.com/ershoufang/20022817710100146298.html,南方花园,https://cd.ke.com/xiaoqu/1611041459342/,低楼层(共15层),2005年建,2室1厅,95.17平米,南,3,13天前发布
3509,新希望锦悦楠庭3室2厅南北,https://cd.ke.com/ershoufang/20022817710100141777.html,新希望锦悦楠庭,https://cd.ke.com/xiaoqu/1616229529062114/,中楼层(共8层),2018年建,3室2厅,115平米,南北,1,13天前发布
3510,兴元丽园电梯套一改套二不临街有装修,https://cd.ke.com/ershoufang/20022717710100150269.html,兴元丽园A区,https://cd.ke.com/xiaoqu/3011053820750/,中楼层(共11层),2004年建,2室1厅,53.3平米,东,8,14天前发布
3511,武侯立交西三环旁精装小套二地铁口的,https://cd.ke.com/ershoufang/20022717710100142819.html,榕苑,https://cd.ke.com/xiaoqu/3011053789067/,中楼层(共6层),2004年建,2室1厅,68.54平米,南,7,14天前发布
3512,中海锦城一期1室0厅东,https://cd.ke.com/ershoufang/20022717710100142010.html,中海锦城一期,https://cd.ke.com/xiaoqu/3011056147802/,地下室(共1层)1室0厅,29平米,东,,,0,14天前发布
3513,会所金澜苑3室2厅东南,https://cd.ke.com/ershoufang/20022717710100141663.html,会所金澜苑,https://cd.ke.com/xiaoqu/1614963330789870/,高楼层(共17层)3室2厅,88.32平米,东南,,,2,14天前发布
3514,红楠港精装套一采光好,https://cd.ke.com/ershoufang/20022717710100138973.html,红楠港,https://cd.ke.com/xiaoqu/1611043002253/,低楼层(共15层),2009年建,1室1厅,56.2平米,南,7,14天前发布
3515,套三不临街，采光好，视野好，有装修,https://cd.ke.com/ershoufang/20022717710100138485.html,中筑西府兰庭,https://cd.ke.com/xiaoqu/1611063489443/,中楼层(共17层),2016年建,3室2厅,85.54平米,南,1,14天前发布
3516,房子总价低，采光好，业主没有遮挡,https://cd.ke.com/ershoufang/20022717710100134093.html,长城寿苑3号,https://cd.ke.com/xiaoqu/3011053652157/,中楼层(共7层),1996年建,2室1厅,73.52平米,西南,4,14天前发布
3517,中华名园精装套二，户型方正，采光通透邻大悦城,https://cd.ke.com/ershoufang/20022717710100129924.html,中华名园三期D区,https://cd.ke.com/xiaoqu/1611058392494/,中楼层(共16层),2012年建,2室2厅,89.21平米,西南,1,14天前发布
3518,兴元嘉园3室2厅东,https://cd.ke.com/ershoufang/20022717710100129231.html,兴元嘉园,https://cd.ke.com/xiaoqu/3011053821974/,中楼层(共5层),2005年建,3室2厅,118平米,东,1,14天前发布
3519,兴元丽园标准套二带阳台，简单装修,https://cd.ke.com/ershoufang/20022717710100128351.html,兴元丽园B区,https://cd.ke.com/xiaoqu/3011053813640/,中楼层(共11层),2004年建,2室1厅,63.9平米,东南,11,14天前发布
3520,森桦苑大套三，3个卫生间，中间楼层,https://cd.ke.com/ershoufang/20022717710100127666.html,森桦苑,https://cd.ke.com/xiaoqu/1611041464684/,中楼层(共17层),2003年建,3室3厅,177.04平米,南北,2,14天前发布
3521,顺江新苑B区标准套二装修保养好,https://cd.ke.com/ershoufang/20022717710100127869.html,顺江新苑B区,https://cd.ke.com/xiaoqu/3011053811331/,高楼层(共6层),2003年建,2室1厅,65.8平米,东,8,14天前发布
3522,郭家桥正解7号院，海蓉新邨，高楼层套二,https://cd.ke.com/ershoufang/20022717710100126172.html,海蓉新邨,https://cd.ke.com/xiaoqu/3011052224485/,高楼层(共7层),1999年建,2室1厅,55.59平米,南,3,14天前发布
3523,高新紫荆标准套三户型方正采光好,https://cd.ke.com/ershoufang/20022717710100124271.html,四季家园,https://cd.ke.com/xiaoqu/1611041615109/,低楼层(共7层),2000年建,3室2厅,107.43平米,南北,1,14天前发布
3524,紫荆名园3室2厅南北,https://cd.ke.com/ershoufang/20022717710100123875.html,紫荆名园,https://cd.ke.com/xiaoqu/1611041831178/,中楼层(共6层),2001年建,3室2厅,121.91平米,南北,6,14天前发布
3525,怡泰花园1室1厅东南西南,https://cd.ke.com/ershoufang/20022717710100123545.html,怡泰花园,https://cd.ke.com/xiaoqu/3011053822280/,高楼层(共15层),2014年建,1室1厅,46.39平米,东南西南,1,14天前发布
3526,位于红城户数较少的一边位置安静不临街,https://cd.ke.com/ershoufang/20022717710100122431.html,红城,https://cd.ke.com/xiaoqu/1611043133022/,高楼层(共17层),2011年建,1室0厅,42.32平米,东,1,14天前发布
3527,中海锦城二期3室2厅西,https://cd.ke.com/ershoufang/20022717710100120376.html,中海锦城二期,https://cd.ke.com/xiaoqu/1611062166607/,低楼层(共15层),2012年建,3室2厅,98平米,西,4,14天前发布
3528,花香庭院标准套二采光好看房方便,https://cd.ke.com/ershoufang/20022717710100118316.html,花香庭院,https://cd.ke.com/xiaoqu/1611042022348/,高楼层(共6层),2005年建,2室1厅,76.14平米,东,4,14天前发布
3529,杰座2室1厅东南,https://cd.ke.com/ershoufang/20022717710100117160.html,杰座,https://cd.ke.com/xiaoqu/1611041508203/,中楼层(共16层),2009年建,2室1厅,84.98平米,东南,20,14天前发布
3530,鹭岛国际四期2室1厅北,https://cd.ke.com/ershoufang/20022717710100113597.html,鹭岛国际四期,https://cd.ke.com/xiaoqu/1611043477314/,中楼层(共17层),2012年建,2室1厅,87平米,北,0,14天前发布
3531,中铁三号线新上套一居家装修对中庭安静不吵,https://cd.ke.com/ershoufang/20022717710100112022.html,中铁瑞城三号线,https://cd.ke.com/xiaoqu/1611058001441/,高楼层(共12层),2012年建,1室1厅,54.52平米,北,1,14天前发布
3532,电信南街11号2室1厅南,https://cd.ke.com/ershoufang/20022717710100111856.html,电信南街11号,https://cd.ke.com/xiaoqu/1620030909824694/,中楼层(共5层),1989年建,2室1厅,61.43平米,南,9,14天前发布
3533,优客联邦二期标准套二满二不临街有钥匙,https://cd.ke.com/ershoufang/20022717710100111668.html,优客联邦二期,https://cd.ke.com/xiaoqu/1611041584271/,高楼层(共18层),2012年建,2室1厅,83.31平米,东南,11,14天前发布
3534,龙湾旁户型方正明厨明卫配套齐全交通便利,https://cd.ke.com/ershoufang/20022717710100105519.html,龙腾花园,https://cd.ke.com/xiaoqu/1611043068531/,低楼层(共11层),2007年建,3室1厅,75.16平米,南,9,14天前发布
3535,鹭岛国际一二期1室0厅西,https://cd.ke.com/ershoufang/20022717710100102691.html,鹭岛国际一二期,https://cd.ke.com/xiaoqu/1611043475800/,中楼层(共11层),2006年建,1室0厅,47.63平米,西,7,14天前发布
3536,玲珑郡大套二居家装修保养好小区环境优美,https://cd.ke.com/ershoufang/20022617710100163142.html,玲珑郡,https://cd.ke.com/xiaoqu/3011056120282/,中楼层(共13层),2012年建,2室1厅,81.26平米,南,4,15天前发布
3537,武侯区武青北路尚房国际,https://cd.ke.com/ershoufang/20022617710100161256.html,尚房国际公馆,https://cd.ke.com/xiaoqu/1611058280005/,中楼层(共18层),2012年建,3室2厅,96.68平米,南,4,15天前发布
3538,桐梓林欧城大套二双卫精装诚意出售,https://cd.ke.com/ershoufang/20022617710100160531.html,桐梓林欧城,https://cd.ke.com/xiaoqu/1611043137543/,低楼层(共22层),2009年建,2室1厅,88.87平米,东南,2,15天前发布
3539,世豪嘉柏1室0厅东,https://cd.ke.com/ershoufang/20022617710100156681.html,世豪嘉柏,https://cd.ke.com/xiaoqu/1611061265761/,地下室(共层),2014年建,1室0厅,34平米,东,0,15天前发布
3540,海德花苑2室1厅南,https://cd.ke.com/ershoufang/20022617710100156165.html,海德花苑,https://cd.ke.com/xiaoqu/1613832377610939/,低楼层(共12层)2室1厅,62.9平米,南,,,0,15天前发布
3541,地铁3号线、9号线旁，精装套三，满两年！不临街！,https://cd.ke.com/ershoufang/20022617710100153897.html,首信首御,https://cd.ke.com/xiaoqu/3011056111813/,中楼层(共17层),2013年建,3室1厅,81.88平米,东东南,2,15天前发布
3542,桐梓林南北通透双阳台大套二,https://cd.ke.com/ershoufang/20022617710100154258.html,首座,https://cd.ke.com/xiaoqu/1611041467704/,低楼层(共29层),2010年建,2室2厅,128.84平米,南北,1,15天前发布
3543,置信南北朝向三室两厅双卫,https://cd.ke.com/ershoufang/20022617710100154358.html,置信丽都花园城A区,https://cd.ke.com/xiaoqu/3011056147564/,高楼层(共13层),2006年建,4室2厅,142.91平米,东南,6,15天前发布
3544,紫荆巷56号，一居室，客厅朝南，安静不临街,https://cd.ke.com/ershoufang/20022617710100152137.html,紫荆巷56号院,https://cd.ke.com/xiaoqu/1611043049517/,高楼层(共6层),2000年建,1室1厅,43.39平米,南,0,15天前发布
3545,中粮香颂丽都1室0厅东南,https://cd.ke.com/ershoufang/20022617710100151771.html,中粮香颂丽都,https://cd.ke.com/xiaoqu/1611060926316/,地下室(共层)1室0厅,35.37平米,东南,,,1,15天前发布
3546,2014年首航欣程套三采光好视野好,https://cd.ke.com/ershoufang/20022617710100150929.html,首航欣程,https://cd.ke.com/xiaoqu/1611048245025/,中楼层(共32层),2014年建,3室1厅,88.88平米,西南,2,15天前发布
3547,满两年中粮品质精装舒适小套三直接拎包入住,https://cd.ke.com/ershoufang/20022617710100143812.html,中粮香颂丽都,https://cd.ke.com/xiaoqu/1611060926316/,低楼层(共19层),2015年建,3室2厅,77.77平米,西南,3,15天前发布
3548,百草苑4室2厅南东,https://cd.ke.com/ershoufang/20022617710100142728.html,百草苑,https://cd.ke.com/xiaoqu/1611042004780/,高楼层(共7层),2002年建,4室2厅,163平米,南东,0,15天前发布
3549,龙爪堰地铁口单价便宜的顶楼带花园，业主急售。,https://cd.ke.com/ershoufang/20022617710100141196.html,红运花园佳苑,https://cd.ke.com/xiaoqu/1611058507205/,高楼层(共7层),1999年建,4室1厅,163.64平米,东,0,15天前发布
3550,紫竹北街65号2室1厅南,https://cd.ke.com/ershoufang/20022617710100138558.html,紫竹北街65号,https://cd.ke.com/xiaoqu/1611043060099/,高楼层(共6层),2000年建,2室1厅,61.55平米,南,0,15天前发布
3551,单价便宜：业主诚心出售，随时可以看，交通便利。,https://cd.ke.com/ershoufang/20022617710100138323.html,红运花园佳苑,https://cd.ke.com/xiaoqu/1611058507205/,高楼层(共7层),1999年建,3室2厅,159.04平米,东,4,15天前发布
3552,玲珑郡2室1厅南,https://cd.ke.com/ershoufang/20022617710100137897.html,玲珑郡,https://cd.ke.com/xiaoqu/3011056120282/,中楼层(共11层),2012年建,2室1厅,63平米,南,0,15天前发布
3553,丽景天成标准套三双卫，朝东对中庭，安静不临街,https://cd.ke.com/ershoufang/20022617710100127511.html,丽景天成,https://cd.ke.com/xiaoqu/1611041519281/,高楼层(共18层),2004年建,3室1厅,129.74平米,东,3,15天前发布
3554,邻里中央1室1厅东南,https://cd.ke.com/ershoufang/20022617710100123661.html,邻里中央,https://cd.ke.com/xiaoqu/168121551432773/,中楼层(共8层),2012年建,1室1厅,54.03平米,东南,0,15天前发布
3555,花样年花好园1室1厅东南,https://cd.ke.com/ershoufang/20022617710100121241.html,花样年花好园,https://cd.ke.com/xiaoqu/1611041608619/,高楼层(共20层),2007年建,1室1厅,49平米,东南,0,15天前发布
3556,格林楠2室1厅南,https://cd.ke.com/ershoufang/20022617710100120713.html,格林楠,https://cd.ke.com/xiaoqu/3011053914040/,中楼层(共14层),2012年建,2室1厅,76.29平米,南,0,15天前发布
3557,紫檀二期高楼层全新装修对中庭采光好次新房,https://cd.ke.com/ershoufang/20022617710100120861.html,紫檀,https://cd.ke.com/xiaoqu/1611041556800/,高楼层(共26层),2017年建,2室1厅,100.01平米,南,1,15天前发布
3558,交大格外原样板间出售,https://cd.ke.com/ershoufang/20022617710100116074.html,交大万通格外,https://cd.ke.com/xiaoqu/1611041550529/,高楼层(共18层),2011年建,2室1厅,78.51平米,东南西南,4,15天前发布
3559,廊桥乐章大套一，装修保养好，交通生活配套成熟,https://cd.ke.com/ershoufang/20022617710100114571.html,廊桥乐章,https://cd.ke.com/xiaoqu/3011052067938/,低楼层(共20层),2009年建,1室1厅,51.68平米,东南,0,15天前发布
3560,采光充足，视野宽阔，配套设施齐全，交通便利。。,https://cd.ke.com/ershoufang/20022617710100112658.html,中央花园二期,https://cd.ke.com/xiaoqu/1611041477479/,高楼层(共8层),1998年建,5室2厅,227.9平米,东,2,15天前发布
3561,新双楠蓝光金双楠精致套三朝南对中庭,https://cd.ke.com/ershoufang/20022617710100105662.html,蓝光金双楠二期,https://cd.ke.com/xiaoqu/1620031547538329/,低楼层(共28层)3室2厅,68平米,南,,,2,15天前发布
3562,五大花园多层小区，标准套一，房东诚心出售,https://cd.ke.com/ershoufang/20022617710100102728.html,晋阳银座,https://cd.ke.com/xiaoqu/1611041515465/,中楼层(共6层),2006年建,1室0厅,40.04平米,西,0,15天前发布
3563,会所花园1室2厅东南,https://cd.ke.com/ershoufang/20022617710100101737.html,会所花园,https://cd.ke.com/xiaoqu/1611041504254/,中楼层(共12层),2002年建,1室2厅,61.2平米,东南,0,15天前发布
3564,玲珑郡新上对中庭套二直接入住。,https://cd.ke.com/ershoufang/20022617710100101531.html,玲珑郡,https://cd.ke.com/xiaoqu/3011056120282/,中楼层(共11层),2012年建,2室1厅,63.36平米,东,5,15天前发布
3565,套三带平台舒适宜居喝坝坝茶也安逸,https://cd.ke.com/ershoufang/20022517710100157822.html,华宇静苑二期,https://cd.ke.com/xiaoqu/3011056101837/,低楼层(共11层),2014年建,3室2厅,74.51平米,南西南,2,16天前发布
3566,金辉枫尚3室1厅东南,https://cd.ke.com/ershoufang/20022517710100157737.html,金辉枫尚,https://cd.ke.com/xiaoqu/3011053769898/,高楼层(共18层),2011年建,3室1厅,94.16平米,东南,5,16天前发布
3567,新里维多利亚公寓2室1厅南,https://cd.ke.com/ershoufang/20022517710100157297.html,新里维多利亚公寓,https://cd.ke.com/xiaoqu/1611043078432/,高楼层(共13层),2005年建,2室1厅,92.44平米,南,0,16天前发布
3568,户型方正，采光好，楼层也好，满两年,https://cd.ke.com/ershoufang/20022517710100156896.html,沙竹苑,https://cd.ke.com/xiaoqu/3011053990595/,高楼层(共12层)1室1厅,48平米,东南,,,0,16天前发布
3569,正成城市乐章套三双卫有装修,https://cd.ke.com/ershoufang/20022517710100154496.html,正成城市乐章,https://cd.ke.com/xiaoqu/3011053747317/,高楼层(共22层),2014年建,3室1厅,91平米,东南,2,16天前发布
3570,园林小区采光好跃层套三双卫，新装修，拎包入住。,https://cd.ke.com/ershoufang/20022517710100153175.html,锦宏骏苑北区,https://cd.ke.com/xiaoqu/1611042040069/,高楼层(共11层),2004年建,3室2厅,120平米,东南,3,16天前发布
3571,蓝光金双楠一期标准套三，满两年,https://cd.ke.com/ershoufang/20022517710100150436.html,蓝光金双楠一期,https://cd.ke.com/xiaoqu/1620031574802512/,中楼层(共25层),2015年建,3室2厅,64.15平米,南,1,16天前发布
3572,正基城市主场新出低总价套二，房东诚心出售,https://cd.ke.com/ershoufang/20022517710100145858.html,正基城市主场,https://cd.ke.com/xiaoqu/1611043140746/,低楼层(共20层),2012年建,2室1厅,56.76平米,东南南,55,16天前发布
3573,玉林品上1室1厅东南南,https://cd.ke.com/ershoufang/20022517710100143966.html,玉林品上,https://cd.ke.com/xiaoqu/1611041514572/,低楼层(共27层),2007年建,1室1厅,64.14平米,东南南,0,16天前发布
3574,精装修套二，业主诚心卖，看房方便,https://cd.ke.com/ershoufang/20022517710100144251.html,世豪嘉柏,https://cd.ke.com/xiaoqu/1611061265761/,高楼层(共22层),2014年建,2室1厅,83.14平米,西北,16,16天前发布
3575,套四双卫，前后不临街对中庭，居家装修,https://cd.ke.com/ershoufang/20022517710100138614.html,双楠谊苑一期,https://cd.ke.com/xiaoqu/1611043448749/,低楼层(共7层),1998年建,4室1厅,151.49平米,南,1,16天前发布
3576,紫荆蜜城1室0厅南,https://cd.ke.com/ershoufang/20022517710100136443.html,紫荆蜜城,https://cd.ke.com/xiaoqu/1611043999127/,地下室(共层)1室0厅,30平米,南,,,0,16天前发布
3577,川音大道超南殷实装潢温馨私密时尚小窝拎包入住,https://cd.ke.com/ershoufang/20022517710100135913.html,时代100,https://cd.ke.com/xiaoqu/1611041466116/,中楼层(共16层),2002年建,1室0厅,42.12平米,南,5,16天前发布
3578,竹园一期3室1厅西南,https://cd.ke.com/ershoufang/20022517710100135249.html,竹园一期,https://cd.ke.com/xiaoqu/1611041605843/,中楼层(共7层),2000年建,3室1厅,74.74平米,西南,3,16天前发布
3579,燃灯寺北街63号单位房提前预约顶楼带花园,https://cd.ke.com/ershoufang/20022517710100132549.html,燃灯寺北街63号,https://cd.ke.com/xiaoqu/1611041918800/,高楼层(共7层),2000年建,2室2厅,103.22平米,南,0,16天前发布
3580,双楠映象套二双卫不临街东南朝向有装修,https://cd.ke.com/ershoufang/20022517710100129443.html,双楠映象,https://cd.ke.com/xiaoqu/3011056117821/,中楼层(共9层),2009年建,2室2厅,95.9平米,东南,30,16天前发布
3581,保利花园一期，标准套三双卫，央企大盘,https://cd.ke.com/ershoufang/20022517710100127322.html,保利花园一期,https://cd.ke.com/xiaoqu/3011056076924/,高楼层(共16层),2011年建,3室2厅,98.33平米,西,2,16天前发布
3582,中粮香颂丽都负一楼临电梯大车位。,https://cd.ke.com/ershoufang/20022517710100126390.html,中粮香颂丽都,https://cd.ke.com/xiaoqu/1611060926316/,地下室(共层)1室0厅,35.37平米,东南,,,1,16天前发布
3583,优客联邦三期，精装套一，全明格局采光好，户型方正,https://cd.ke.com/ershoufang/20022517710100115990.html,优客联邦三期,https://cd.ke.com/xiaoqu/1611044060273/,低楼层(共18层),2012年建,1室1厅,56.85平米,西北,0,16天前发布
3584,新双楠蓝光金双楠套二出售户型方正视野开阔,https://cd.ke.com/ershoufang/20022517710100114840.html,蓝光金双楠二期,https://cd.ke.com/xiaoqu/1620031547538329/,低楼层(共27层)2室2厅,50.83平米,北,,,1,16天前发布
3585,鹭岛国际一二期4室1厅南,https://cd.ke.com/ershoufang/20022517710100113090.html,鹭岛国际一二期,https://cd.ke.com/xiaoqu/1611043475800/,中楼层(共6层),2006年建,4室1厅,151.85平米,南,11,16天前发布
3586,诚品上院居家装修对中庭朝南房东诚意出售,https://cd.ke.com/ershoufang/20022517710100112677.html,诚品上院,https://cd.ke.com/xiaoqu/3011053697593/,低楼层(共18层),2008年建,2室2厅,89.8平米,南,12,16天前发布
3587,中海锦城，高楼层标准套二，户型方正。,https://cd.ke.com/ershoufang/20022517710100112068.html,中海锦城二期,https://cd.ke.com/xiaoqu/1611062166607/,高楼层(共15层),2012年建,2室1厅,78.01平米,东,4,16天前发布
3588,桐梓林地铁口，带花园，通透户型！,https://cd.ke.com/ershoufang/20022517710100108021.html,锦绣花园东区,https://cd.ke.com/xiaoqu/1611043042530/,低楼层(共5层),2000年建,3室2厅,148平米,南北,5,16天前发布
3589,大华情融苑3室2厅东南,https://cd.ke.com/ershoufang/20022517710100108627.html,大华情融苑,https://cd.ke.com/xiaoqu/1611042021167/,中楼层(共8层),2002年建,3室2厅,179.2平米,东南,0,16天前发布
3590,榕苑中装套二,https://cd.ke.com/ershoufang/20022517710100108326.html,榕苑,https://cd.ke.com/xiaoqu/3011053789067/,中楼层(共6层),2004年建,2室1厅,68.67平米,东南,2,16天前发布
3591,西三环边精装修套三次新小区低楼层,https://cd.ke.com/ershoufang/20022517710100106744.html,蓝光金双楠一期,https://cd.ke.com/xiaoqu/1620031574802512/,低楼层(共21层),2015年建,3室2厅,66.31平米,南北,3,16天前发布
3592,精装套一+中间楼层+对小区中庭,https://cd.ke.com/ershoufang/20022517710100105484.html,优地A区,https://cd.ke.com/xiaoqu/1611041508662/,中楼层(共16层),2007年建,1室1厅,55.7平米,东南,45,16天前发布
3593,中海常春藤花园精装修套二带露台,https://cd.ke.com/ershoufang/20022517710100103875.html,中海常春藤花园,https://cd.ke.com/xiaoqu/1611043403924/,低楼层(共15层),2006年建,2室1厅,84.93平米,西,16,16天前发布
3594,鹭岛国际原石滩套一精装修带家具家电,https://cd.ke.com/ershoufang/20022517710100103235.html,鹭岛国际三期,https://cd.ke.com/xiaoqu/1611043476911/,中楼层(共15层),2010年建,1室1厅,98.32平米,东,0,16天前发布
3595,海珀香庭，品质小区，物业管理好，标准套一,https://cd.ke.com/ershoufang/20022517710100102216.html,海珀香庭,https://cd.ke.com/xiaoqu/1611041547681/,高楼层(共11层),2010年建,1室1厅,46.77平米,西南,22,16天前发布
3596,标准套一明厨明卫安静不临街,https://cd.ke.com/ershoufang/20022517710100101518.html,王府花园,https://cd.ke.com/xiaoqu/1611041616011/,高楼层(共11层),2003年建,1室1厅,56.58平米,西南,10,16天前发布
3597,融城后街中高楼层标准套一出售采光好,https://cd.ke.com/ershoufang/20022417710100141214.html,融城后街,https://cd.ke.com/xiaoqu/1611041581734/,中楼层(共17层),2009年建,1室1厅,54.14平米,东,3,17天前发布
3598,置信巴厘岛A区1室0厅东,https://cd.ke.com/ershoufang/20022417710100141077.html,置信巴厘岛A区,https://cd.ke.com/xiaoqu/3011056147259/,地下室(共层)1室0厅,38.05平米,东,,,0,17天前发布
3599,一环边体院旁锦里旁双阳台不临街,https://cd.ke.com/ershoufang/20022417710100136584.html,菊乐路98号,https://cd.ke.com/xiaoqu/1611041584370/,中楼层(共7层),2000年建,2室1厅,58.22平米,南,1,17天前发布
3600,居家装修套三保养好南北通透次新小区近地铁,https://cd.ke.com/ershoufang/20022417710100130320.html,丽都世家B区,https://cd.ke.com/xiaoqu/1611061021769/,高楼层(共17层),2014年建,3室1厅,87.95平米,南北,6,17天前发布
3601,双楠港汇广场，精装修套二，业主自住，保养装修好,https://cd.ke.com/ershoufang/20022417710100127711.html,双楠港汇广场,https://cd.ke.com/xiaoqu/1611100719752/,低楼层(共6层),2015年建,2室1厅,66.65平米,东,12,17天前发布
3602,中铁骑士公馆2室2厅东,https://cd.ke.com/ershoufang/20022417710100127018.html,中铁骑士公馆,https://cd.ke.com/xiaoqu/3011056149451/,中楼层(共18层),2013年建,2室2厅,69.7平米,东,2,17天前发布
3603,南一环内华西地铁三室两厅带阳台,https://cd.ke.com/ershoufang/20022417710100121875.html,汇锦公寓,https://cd.ke.com/xiaoqu/1611043066067/,中楼层(共11层),2003年建,3室2厅,101.45平米,南,0,17天前发布
3604,一环路标准套一，户型方正，中间楼层，采光好,https://cd.ke.com/ershoufang/20022417710100118625.html,兴亿小区,https://cd.ke.com/xiaoqu/1611044408755/,中楼层(共7层),2000年建,1室1厅,58平米,东南,1,17天前发布
3605,中庭套一客厅带阳台明厨明卫,https://cd.ke.com/ershoufang/20022417710100118591.html,武青嘉苑,https://cd.ke.com/xiaoqu/3011053820248/,低楼层(共6层),2005年建,1室1厅,44.87平米,东南,11,17天前发布
3606,辰园大车位停放方便业主诚心出售,https://cd.ke.com/ershoufang/20022417710100117429.html,中海龙湾半岛,https://cd.ke.com/xiaoqu/1611041535394/,地下室(共层),2009年建,1室0厅,36.49平米,东,0,17天前发布
3607,辰园大车位停放方便业主诚心,https://cd.ke.com/ershoufang/20022417710100117532.html,中海龙湾半岛,https://cd.ke.com/xiaoqu/1611041535394/,地下室(共层),2009年建,1室0厅,34.01平米,东,0,17天前发布
3608,临河小区中海品质中庭套四精装修,https://cd.ke.com/ershoufang/20022417710100117116.html,中海龙湾半岛,https://cd.ke.com/xiaoqu/1611041535394/,高楼层(共18层),2009年建,4室1厅,165.83平米,东,15,17天前发布
3609,临河小区中海品质精装套四带地暖中庭安静,https://cd.ke.com/ershoufang/20022417710100116032.html,中海龙湾半岛,https://cd.ke.com/xiaoqu/1611041535394/,中楼层(共18层),2009年建,4室2厅,164.18平米,东南,5,17天前发布
3610,地铁口居家套二，朝南对中庭，中间楼层，新装修！,https://cd.ke.com/ershoufang/20022417710100115413.html,金林俊景,https://cd.ke.com/xiaoqu/1611041439378/,中楼层(共17层),2009年建,2室1厅,78.16平米,南,3,17天前发布
3611,高新紫荆新光花园套三有装修店长推荐,https://cd.ke.com/ershoufang/20022417710100112872.html,新光花园,https://cd.ke.com/xiaoqu/1611043117579/,高楼层(共7层),2000年建,3室2厅,106.94平米,南,1,17天前发布
3612,华尔兹广场（武侯）户型方正交通便利,https://cd.ke.com/ershoufang/20022417710100112535.html,华尔兹广场(武侯),https://cd.ke.com/xiaoqu/1611048020378/,高楼层(共24层),2004年建,2室2厅,107.98平米,南,0,17天前发布
3613,保利花园经典99户型套三双卫通透户型,https://cd.ke.com/ershoufang/20022417710100110235.html,保利花园三期,https://cd.ke.com/xiaoqu/1611047759142/,高楼层(共15层),2012年建,3室1厅,100.68平米,西北,3,17天前发布
3614,优客联邦三期3室2厅东南,https://cd.ke.com/ershoufang/20022417710100109572.html,优客联邦三期,https://cd.ke.com/xiaoqu/1611044060273/,高楼层(共18层),2012年建,3室2厅,87.9平米,东南,2,17天前发布
3615,肖家河东三巷2号2室1厅东北,https://cd.ke.com/ershoufang/20022417710100109489.html,肖家河东三巷2号,https://cd.ke.com/xiaoqu/1611041552683/,高楼层(共6层),2000年建,2室1厅,56.65平米,东北,1,17天前发布
3616,标准套三双卫，户型方正客厅带大阳台,https://cd.ke.com/ershoufang/20022417710100105941.html,金辉枫尚,https://cd.ke.com/xiaoqu/3011053769898/,高楼层(共18层),2011年建,3室2厅,102.03平米,南东南,2,17天前发布
3617,卫雅苑3室2厅西南,https://cd.ke.com/ershoufang/20022317710100134231.html,卫雅苑,https://cd.ke.com/xiaoqu/1611041528850/,高楼层(共7层),2000年建,3室2厅,119.17平米,西南,0,18天前发布
3618,中华名园二期3室1厅西北,https://cd.ke.com/ershoufang/20022317710100132110.html,中华名园二期,https://cd.ke.com/xiaoqu/1611058387863/,中楼层(共16层),2009年建,3室1厅,88.73平米,西北,5,18天前发布
3619,中华名园三期D区2室2厅西北,https://cd.ke.com/ershoufang/20022317710100129382.html,中华名园三期D区,https://cd.ke.com/xiaoqu/1611058392494/,高楼层(共16层),2012年建,2室2厅,89.03平米,西北,2,18天前发布
3620,楠丽湾跃层业主自住，看房子提前约都可以看,https://cd.ke.com/ershoufang/20022317710100128510.html,楠丽湾,https://cd.ke.com/xiaoqu/1611041461315/,低楼层(共13层),2005年建,2室1厅,31平米,东北,14,18天前发布
3621,丽都公园旁低密花园洋房套四双卫全明格局,https://cd.ke.com/ershoufang/20022317710100127531.html,置信丽都花园B区,https://cd.ke.com/xiaoqu/1611043512046/,低楼层(共7层),2004年建,4室2厅,178.82平米,东南,1,18天前发布
3622,一环内成都市七医院无需资格，套一,https://cd.ke.com/ershoufang/20022317710100119356.html,都市金座,https://cd.ke.com/xiaoqu/3011052053570/,中楼层(共5层)1室1厅,36.78平米,南,,,3,18天前发布
3623,此房满五年，电梯中高层标间，酒店装修,https://cd.ke.com/ershoufang/20022317710100113252.html,时尚星座,https://cd.ke.com/xiaoqu/1611041467064/,高楼层(共10层),2003年建,1室0厅,42平米,南,1,18天前发布
3624,武侯玉林95万套三，配套设施成熟，方便看房。,https://cd.ke.com/ershoufang/20022317710100108964.html,玉林南街6号,https://cd.ke.com/xiaoqu/1611043052215/,高楼层(共6层),1999年建,3室1厅,68.04平米,南,3,18天前发布
3625,三环边精装修套三新小区中间楼层,https://cd.ke.com/ershoufang/20022317710100108367.html,蓝光金双楠二期,https://cd.ke.com/xiaoqu/1620031547538329/,中楼层(共28层)3室1厅,63.35平米,东,,,46,18天前发布
3626,神仙树大院一期3室2厅南,https://cd.ke.com/ershoufang/20022317710100105344.html,神仙树大院一期,https://cd.ke.com/xiaoqu/1611041582317/,中楼层(共17层),2006年建,3室2厅,140.93平米,南,0,18天前发布
3627,中央花园二期4室2厅南,https://cd.ke.com/ershoufang/20022317710100105513.html,中央花园二期,https://cd.ke.com/xiaoqu/1611041477479/,中楼层(共7层),1998年建,4室2厅,181.8平米,南,1,18天前发布
3628,花样年花好园1室1厅东南,https://cd.ke.com/ershoufang/20022317710100105636.html,花样年花好园,https://cd.ke.com/xiaoqu/1611041608619/,低楼层(共20层),2007年建,1室1厅,49.12平米,东南,0,18天前发布
3629,双楠港汇广场，高楼层，采光好，电梯小高层。,https://cd.ke.com/ershoufang/20022317710100102381.html,双楠港汇广场,https://cd.ke.com/xiaoqu/1611100719752/,高楼层(共6层),2015年建,1室0厅,53.17平米,东南,0,18天前发布
3630,江安河畔2室1厅东南,https://cd.ke.com/ershoufang/20022217710100137183.html,江安河畔,https://cd.ke.com/xiaoqu/1615774231858903/,高楼层(共11层)2室1厅,77.41平米,东南,,,8,19天前发布
3631,天际首府2室1厅东南,https://cd.ke.com/ershoufang/20022217710100135690.html,天际首府,https://cd.ke.com/xiaoqu/3011053798922/,中楼层(共12层),2012年建,2室1厅,91.94平米,东南,0,19天前发布
3632,红牌楼次新小区，小套三，交通方便,https://cd.ke.com/ershoufang/20022217710100135375.html,下一站都市,https://cd.ke.com/xiaoqu/1611061602784/,中楼层(共17层),2014年建,3室1厅,91.87平米,西南,3,19天前发布
3633,太平园地铁口电梯精装可直接入住户型方正对中庭,https://cd.ke.com/ershoufang/20022217710100133967.html,丽都世家A区,https://cd.ke.com/xiaoqu/1611061096673/,中楼层(共17层),2014年建,2室1厅,71.95平米,西南,0,19天前发布
3634,内双楠2006年电梯商品房标准套二带平台花园,https://cd.ke.com/ershoufang/20022217710100131726.html,时代空间,https://cd.ke.com/xiaoqu/1611041466617/,中楼层(共14层),2006年建,2室1厅,78.88平米,东南,38,19天前发布
3635,华馨名屋2室1厅西南,https://cd.ke.com/ershoufang/20022217710100129992.html,华馨名屋,https://cd.ke.com/xiaoqu/1611041548949/,高楼层(共6层),2004年建,2室1厅,75.35平米,西南,0,19天前发布
3636,棕北公寓1室0厅西,https://cd.ke.com/ershoufang/20022217710100128638.html,棕北公寓,https://cd.ke.com/xiaoqu/1611043002847/,低楼层(共1层)1室0厅,15.64平米,西,,,0,19天前发布
3637,西二环加怡名城09年电梯房人车分流套一朝南,https://cd.ke.com/ershoufang/20022217710100127426.html,加怡名城,https://cd.ke.com/xiaoqu/1611041505567/,中楼层(共17层),2009年建,1室1厅,51.39平米,南,7,19天前发布
3638,置信巴厘岛精装修带平台花园,https://cd.ke.com/ershoufang/20022217710100126973.html,置信巴厘岛A区,https://cd.ke.com/xiaoqu/3011056147259/,低楼层(共13层),2008年建,3室2厅,85.92平米,东南,6,19天前发布
3639,魏玛国际精装套一朝小区中庭,https://cd.ke.com/ershoufang/20022217710100125589.html,魏玛国际,https://cd.ke.com/xiaoqu/3011052201014/,中楼层(共32层),2013年建,1室1厅,51.53平米,东北,31,19天前发布
3640,蓝光金楠府2室1厅西南,https://cd.ke.com/ershoufang/20022217710100125082.html,蓝光金楠府,https://cd.ke.com/xiaoqu/3011055144421/,高楼层(共15层),2013年建,2室1厅,77.94平米,西南,2,19天前发布
3641,精装套三维护很好VR实勘,https://cd.ke.com/ershoufang/20022217710100124562.html,金林俊景,https://cd.ke.com/xiaoqu/1611041439378/,低楼层(共17层),2009年建,3室1厅,89平米,北南,6,19天前发布
3642,红运花园佳苑1室0厅东南,https://cd.ke.com/ershoufang/20022217710100108956.html,红运花园佳苑,https://cd.ke.com/xiaoqu/1611058507205/,中楼层(共7层),1999年建,1室0厅,32.9平米,东南,1,19天前发布
3643,成都A区2室1厅西南,https://cd.ke.com/ershoufang/20022217710100107867.html,成都A区,https://cd.ke.com/xiaoqu/1611046551661/,中楼层(共20层),2011年建,2室1厅,63.25平米,西南,3,19天前发布
3644,都市金岸1室1厅南,https://cd.ke.com/ershoufang/20022217710100108067.html,都市金岸,https://cd.ke.com/xiaoqu/1611043065547/,高楼层(共18层),2005年建,1室1厅,55.2平米,南,0,19天前发布
3645,珑熙郡3室2厅东南,https://cd.ke.com/ershoufang/20022217710100107155.html,珑熙郡,https://cd.ke.com/xiaoqu/1611064002823/,中楼层(共17层)3室2厅,85平米,东南,,,8,19天前发布
3646,南一环内居家小区，带外墙砖,https://cd.ke.com/ershoufang/20022217710100104061.html,一环路南三段51号,https://cd.ke.com/xiaoqu/1610933527391468/,中楼层(共7层),1996年建,3室2厅,109平米,东,9,19天前发布
3647,珑熙郡3室1厅西南,https://cd.ke.com/ershoufang/20022217710100100446.html,珑熙郡,https://cd.ke.com/xiaoqu/1611064002823/,中楼层(共17层),2017年建,3室1厅,84.6平米,西南,4,19天前发布
3648,红牌楼广场2室1厅东南,https://cd.ke.com/ershoufang/20022217710100100255.html,红牌楼广场,https://cd.ke.com/xiaoqu/1611041495758/,高楼层(共17层),2007年建,2室1厅,83.75平米,东南,0,19天前发布
3649,中粮祥云二期2室2厅西南,https://cd.ke.com/ershoufang/20022117710100147672.html,中粮祥云二期,https://cd.ke.com/xiaoqu/3011056148267/,高楼层(共17层),2014年建,2室2厅,105.94平米,西南,1,20天前发布
3650,时代空间1室0厅东南,https://cd.ke.com/ershoufang/20022117710100145937.html,时代空间,https://cd.ke.com/xiaoqu/1611041466617/,中楼层(共14层),2006年建,1室0厅,48.97平米,东南,0,20天前发布
3651,优地B区2室1厅东南,https://cd.ke.com/ershoufang/20022117710100144764.html,优地B区,https://cd.ke.com/xiaoqu/1611041508881/,高楼层(共17层),2007年建,2室1厅,80.78平米,东南,0,20天前发布
3652,罗浮世家二期3室1厅西,https://cd.ke.com/ershoufang/20022117710100144169.html,罗浮世家二期,https://cd.ke.com/xiaoqu/1611041434437/,低楼层(共18层),2004年建,3室1厅,125.8平米,西,1,20天前发布
3653,高新区电梯套二改套三双卫通透采光可以,https://cd.ke.com/ershoufang/20022117710100143113.html,新绿季节,https://cd.ke.com/xiaoqu/1611041853622/,低楼层(共13层),2004年建,3室1厅,102平米,东,23,20天前发布
3654,科华中路旁临地铁7号线套二居家装修,https://cd.ke.com/ershoufang/20022117710100142070.html,南辰景秀,https://cd.ke.com/xiaoqu/1611041458900/,中楼层(共18层),2006年建,2室1厅,85平米,南北,2,20天前发布
3655,黉门后街13号，标准套二，天府广场旁，交通便利,https://cd.ke.com/ershoufang/20022117710100140728.html,黉门后街13号,https://cd.ke.com/xiaoqu/1615554481785913/,高楼层(共6层)2室1厅,52.83平米,东东南,,,5,20天前发布
3656,二环内套一，视野好采光好带阳台，产权清晰无抵押,https://cd.ke.com/ershoufang/20022117710100132576.html,碧云天,https://cd.ke.com/xiaoqu/1611041444016/,高楼层(共11层),2001年建,1室1厅,62.41平米,东南,8,20天前发布
3657,拎包入住的套二，采光、通风好，省心省力,https://cd.ke.com/ershoufang/20022117710100126111.html,双楠路235号,https://cd.ke.com/xiaoqu/1611041544331/,高楼层(共7层),1998年建,2室1厅,72.5平米,西南,1,20天前发布
3658,魏玛国际精装套二户型通透，采光视野好,https://cd.ke.com/ershoufang/20022117710100126280.html,魏玛国际,https://cd.ke.com/xiaoqu/3011052201014/,低楼层(共32层),2013年建,2室1厅,77.5平米,东北,0,20天前发布
3659,跃层套二采光好视野宽阔保养好,https://cd.ke.com/ershoufang/20022117710100125551.html,会所花园,https://cd.ke.com/xiaoqu/1611041504254/,中楼层(共16层),2002年建,2室1厅,101.64平米,西北,8,20天前发布
3660,九眼桥川大/川音旁，舒服电梯房，水电气通，采光好,https://cd.ke.com/ershoufang/20022117710100118925.html,凯悦新城,https://cd.ke.com/xiaoqu/1611041516998/,低楼层(共12层),2005年建,1室1厅,53.05平米,东南,2,20天前发布
3661,长盛续锦2室2厅南北,https://cd.ke.com/ershoufang/20022117710100117060.html,长盛续锦,https://cd.ke.com/xiaoqu/3011053927636/,中楼层(共6层),2004年建,2室2厅,91.73平米,南北,0,20天前发布
3662,外双楠，地铁口。清水房。交通便利。,https://cd.ke.com/ershoufang/20022117710100116524.html,丽景华庭二期,https://cd.ke.com/xiaoqu/1611041621243/,中楼层(共12层),2006年建,6室2厅,191.08平米,南北,1,20天前发布
3663,西藏花园，电梯四房，电梯四房，采光通风好。,https://cd.ke.com/ershoufang/20022117710100109253.html,西藏花园,https://cd.ke.com/xiaoqu/1611041471014/,中楼层(共6层),2003年建,4室2厅,159.47平米,东,0,20天前发布
3664,龙爪堰地铁口小高层三居室,https://cd.ke.com/ershoufang/20022117710100107757.html,丽景华庭二期,https://cd.ke.com/xiaoqu/1611041621243/,高楼层(共16层),2006年建,3室2厅,103.7平米,东南,13,20天前发布
3665,正基城市主场1室0厅东,https://cd.ke.com/ershoufang/20022117710100107617.html,正基城市主场,https://cd.ke.com/xiaoqu/1611043140746/,地下室(共层)1室0厅,1平米,东,,,0,20天前发布
3666,顶楼带花园，有钥匙方便看房，户型方正,https://cd.ke.com/ershoufang/20022117710100102497.html,高升桥南街3号,https://cd.ke.com/xiaoqu/1611042670260/,高楼层(共7层),2000年建,2室1厅,67.95平米,南,2,20天前发布
3667,中成市场1室0厅南北,https://cd.ke.com/ershoufang/20022117710100101480.html,中成市场,https://cd.ke.com/xiaoqu/1611061652433/,中楼层(共6层),2000年建,1室0厅,25平米,南北,7,20天前发布
3668,银泰香樟林2014年新小区电梯套二,https://cd.ke.com/ershoufang/20022117710100101168.html,银泰香樟林,https://cd.ke.com/xiaoqu/3011053554034/,中楼层(共14层),2014年建,2室1厅,79.74平米,西南,6,20天前发布
3669,电梯顶跃客厅挑高一梯两户朝南格局通透,https://cd.ke.com/ershoufang/20022017710100136919.html,金地花园,https://cd.ke.com/xiaoqu/1611041550620/,高楼层(共12层),2003年建,5室2厅,282.98平米,南,6,21天前发布
3670,多层大套二来啦，公摊小，大阳台，采光好！,https://cd.ke.com/ershoufang/20022017710100136571.html,皇家花园,https://cd.ke.com/xiaoqu/1611041549306/,高楼层(共7层),1999年建,2室2厅,80.98平米,东南,1,21天前发布
3671,内双楠2006年电梯商品房标准套二带平台花园,https://cd.ke.com/ershoufang/20022017710100136049.html,时代空间,https://cd.ke.com/xiaoqu/1611041466617/,中楼层(共14层),2006年建,2室1厅,83.13平米,东南,0,21天前发布
3672,34.22平负一楼车位，4栋楼下，可以直接下车库。,https://cd.ke.com/ershoufang/20022017710100134421.html,世豪嘉柏,https://cd.ke.com/xiaoqu/1611061265761/,地下室(共层),2014年建,1室0厅,34.22平米,东,0,21天前发布
3673,高升桥-武侯区南街3号-户型方正套二。,https://cd.ke.com/ershoufang/20022017710100133187.html,高升桥南街3号,https://cd.ke.com/xiaoqu/1611042670260/,高楼层(共7层),1999年建,2室1厅,80.9平米,东南,0,21天前发布
3674,地铁口精装套二，中楼层，不临街，采光好！,https://cd.ke.com/ershoufang/20022017710100129580.html,正基城市主场,https://cd.ke.com/xiaoqu/1611043140746/,中楼层(共20层),2012年建,2室1厅,60.5平米,东北,5,21天前发布
3675,一环路内单位房套二出售武侯祠,https://cd.ke.com/ershoufang/20022017710100128887.html,锦江苑(武侯),https://cd.ke.com/xiaoqu/1611045422562/,高楼层(共7层)2室1厅,87.43平米,西南,,,0,21天前发布
3676,地铁口新出精装修套二，可以直接拎包入住,https://cd.ke.com/ershoufang/20022017710100126487.html,正基城市主场,https://cd.ke.com/xiaoqu/1611043140746/,低楼层(共20层),2012年建,2室1厅,56.55平米,东南,5,21天前发布
3677,紫竹北街27号，自住两居室，户型方正,https://cd.ke.com/ershoufang/20022017710100122869.html,紫竹北街27号,https://cd.ke.com/xiaoqu/1611043059630/,中楼层(共6层),2000年建,2室2厅,59.69平米,东,1,21天前发布
3678,国际花园精装套二，低楼层业主诚心出售,https://cd.ke.com/ershoufang/20022017710100122626.html,国际花园,https://cd.ke.com/xiaoqu/1611041489466/,低楼层(共15层),2005年建,2室1厅,82.26平米,南,6,21天前发布
3679,双发金英汇/套一/客厅带有大阳台/户型方正,https://cd.ke.com/ershoufang/20022017710100120973.html,双发金英汇,https://cd.ke.com/xiaoqu/1611048244633/,低楼层(共24层),2011年建,1室1厅,55平米,东南北,0,21天前发布
3680,房子带平台，精装修，诚心卖，对中庭,https://cd.ke.com/ershoufang/20022017710100120092.html,维港,https://cd.ke.com/xiaoqu/1611045511840/,低楼层(共18层),2011年建,3室2厅,90.73平米,东北,0,21天前发布
3681,天邑华庭2室1厅东南,https://cd.ke.com/ershoufang/20022017710100119660.html,天邑华庭,https://cd.ke.com/xiaoqu/1611043115187/,中楼层(共4层),2008年建,2室1厅,47.73平米,东南,4,21天前发布
3682,鹭岛国际三期3室2厅南,https://cd.ke.com/ershoufang/20022017710100118788.html,鹭岛国际三期,https://cd.ke.com/xiaoqu/1611043476911/,低楼层(共17层),2010年建,3室2厅,136平米,南,0,21天前发布
3683,一品天成2室1厅东,https://cd.ke.com/ershoufang/20022017710100117936.html,一品天成,https://cd.ke.com/xiaoqu/3011056145670/,高楼层(共13层),2011年建,2室1厅,73.48平米,东,10,21天前发布
3684,檀香山2室1厅东北,https://cd.ke.com/ershoufang/20022017710100116436.html,檀香山,https://cd.ke.com/xiaoqu/1611041483284/,中楼层(共18层),2009年建,2室1厅,91.68平米,东北,12,21天前发布
3685,此房满二地理位置优越配套齐全户型方正视野开阔,https://cd.ke.com/ershoufang/20022017710100114452.html,棕北国际,https://cd.ke.com/xiaoqu/3011052623189/,高楼层(共27层),2005年建,2室1厅,85.3平米,南,12,21天前发布
3686,一环内低楼层标准套二精装修,https://cd.ke.com/ershoufang/20022017710100110984.html,洗面桥街23号,https://cd.ke.com/xiaoqu/3011053918076/,低楼层(共6层)2室1厅,57.62平米,东,,,1,21天前发布
3687,世纪百合商业广场2室1厅东,https://cd.ke.com/ershoufang/20022017710100110144.html,世纪百合商业广场,https://cd.ke.com/xiaoqu/167927663439435/,高楼层(共13层),2014年建,2室1厅,61.79平米,东,0,21天前发布
3688,一环边标准套一居家装修,https://cd.ke.com/ershoufang/20022017710100108475.html,百花东街52号,https://cd.ke.com/xiaoqu/1611044226464/,高楼层(共7层),2000年建,1室1厅,43.4平米,南,0,21天前发布
3689,"标准套二，采光好,装修保养好。",https://cd.ke.com/ershoufang/20022017710100104497.html,红运花园佳苑,https://cd.ke.com/xiaoqu/1611058507205/,中楼层(共7层),1999年建,2室1厅,75.7平米,东南,6,21天前发布
3690,龙湖金楠天街，配套齐全，优质好房,https://cd.ke.com/ershoufang/20022017710100102070.html,龙湖金楠天街,https://cd.ke.com/xiaoqu/1611059976050/,中楼层(共20层),2015年建,1室0厅,33.58平米,北,2,21天前发布
3691,长城馨苑(武侯)3室2厅东南,https://cd.ke.com/ershoufang/20022017710100101149.html,长城馨苑(武侯),https://cd.ke.com/xiaoqu/1620027409324592/,中楼层(共7层)3室2厅,88.93平米,东南,,,0,21天前发布
3692,天际首府2室2厅东南,https://cd.ke.com/ershoufang/20022017710100100336.html,天际首府,https://cd.ke.com/xiaoqu/3011053798922/,中楼层(共13层),2012年建,2室2厅,92.19平米,东南,94,21天前发布
3693,二环内，居家大三居，有小区环境,https://cd.ke.com/ershoufang/20021917710100124021.html,百草苑,https://cd.ke.com/xiaoqu/1611042004780/,高楼层(共7层),2002年建,3室1厅,136.35平米,北,0,22天前发布
3694,武青北路上道西城套三双卫。。。,https://cd.ke.com/ershoufang/20021917710100122820.html,上道西城,https://cd.ke.com/xiaoqu/1611057885306/,中楼层(共11层),2008年建,3室1厅,96.7平米,南,16,22天前发布
3695,一环边浣花溪公园旁标准套三,https://cd.ke.com/ershoufang/20021917710100122347.html,百花正街42号,https://cd.ke.com/xiaoqu/1611041917074/,低楼层(共7层)3室1厅,86.62平米,南,,,1,22天前发布
3696,名流花园标准套一户型方正采光好中间楼层,https://cd.ke.com/ershoufang/20021917710100122155.html,名流花园,https://cd.ke.com/xiaoqu/3011053713278/,中楼层(共7层),1997年建,1室1厅,51.02平米,东西,0,22天前发布
3697,省体育馆玉林品上标准电梯套一朝南装修好带阳台,https://cd.ke.com/ershoufang/20021917710100119552.html,玉林品上,https://cd.ke.com/xiaoqu/1611041514572/,高楼层(共27层),2007年建,1室1厅,48.24平米,南,1,22天前发布
3698,内双楠2006年电梯商品房标准套一不临街,https://cd.ke.com/ershoufang/20021917710100116398.html,时代空间,https://cd.ke.com/xiaoqu/1611041466617/,中楼层(共14层),2006年建,1室1厅,53.18平米,东东南,1,22天前发布
3699,4栋负一楼标准车位，房东诚心出售,https://cd.ke.com/ershoufang/20021917710100111029.html,世豪嘉柏,https://cd.ke.com/xiaoqu/1611061265761/,地下室(共层),2014年建,1室0厅,34.22平米,东,0,22天前发布
3700,优客联邦一期1室0厅东南,https://cd.ke.com/ershoufang/20021917710100104417.html,优客联邦一期,https://cd.ke.com/xiaoqu/1611041554183/,地下室(共层)1室0厅,48.13平米,东南,,,1,22天前发布
3701,七十年产权住宅，户型方正采光好，电梯房,https://cd.ke.com/ershoufang/20021917710100103874.html,新时空公寓,https://cd.ke.com/xiaoqu/3011052213568/,高楼层(共10层),2002年建,1室0厅,41.1平米,南,2,22天前发布
3702,太平园地铁口，12年的小区，高楼层，不临街东南朝向,https://cd.ke.com/ershoufang/20021917710100103257.html,红城,https://cd.ke.com/xiaoqu/1611043133022/,中楼层(共18层),2011年建,2室1厅,60.97平米,东南,7,22天前发布
3703,绿地圣路易名邸二期3室1厅北,https://cd.ke.com/ershoufang/20021917710100101491.html,绿地圣路易名邸二期,https://cd.ke.com/xiaoqu/3011056099924/,低楼层(共12层),2013年建,3室1厅,87.11平米,北,4,22天前发布
3704,鹭岛国际四期2室1厅北,https://cd.ke.com/ershoufang/20021917710100100562.html,鹭岛国际四期,https://cd.ke.com/xiaoqu/1611043477314/,高楼层(共17层),2012年建,2室1厅,86.3平米,北,2,22天前发布
3705,顺江新苑A区标准套二，中间楼层,https://cd.ke.com/ershoufang/20021817710100126078.html,顺江新苑A区,https://cd.ke.com/xiaoqu/3011053805285/,高楼层(共6层),2003年建,2室2厅,68.24平米,东南,0,23天前发布
3706,四季家园居家自住套二，简约装修。,https://cd.ke.com/ershoufang/20021817710100125077.html,四季家园,https://cd.ke.com/xiaoqu/1611041615109/,高楼层(共7层),2000年建,2室1厅,99平米,东南,0,23天前发布
3707,二环边上，步梯洋房，交通便利环境安静,https://cd.ke.com/ershoufang/20021817710100123799.html,众合西景,https://cd.ke.com/xiaoqu/1611041517607/,高楼层(共6层),2003年建,4室2厅,133.68平米,南东北,1,23天前发布
3708,保利中心1室0厅南,https://cd.ke.com/ershoufang/20021817710100123615.html,保利中心,https://cd.ke.com/xiaoqu/1611057984138/,中楼层(共21层),2012年建,1室0厅,71.14平米,南,2,23天前发布
3709,龙爪小区东1号院2室1厅南,https://cd.ke.com/ershoufang/20021817710100121120.html,龙爪小区东1号院,https://cd.ke.com/xiaoqu/1611062342804/,中楼层(共7层),1999年建,2室1厅,73平米,南,0,23天前发布
3710,2.5环鹭岛国际四期中庭位置大套二开发商统一装修,https://cd.ke.com/ershoufang/20021817710100120848.html,鹭岛国际四期,https://cd.ke.com/xiaoqu/1611043477314/,低楼层(共18层),2012年建,2室1厅,89平米,东南,1,23天前发布
3711,纳米标注套一，公园旁边。可拎包入住,https://cd.ke.com/ershoufang/20021817710100120427.html,纳米爱邸,https://cd.ke.com/xiaoqu/1611041804030/,中楼层(共17层),2005年建,1室1厅,47.08平米,东东南南,0,23天前发布
3712,爱家特区5室3厅南,https://cd.ke.com/ershoufang/20021817710100119914.html,爱家特区,https://cd.ke.com/xiaoqu/1611041435382/,高楼层(共9层),2001年建,5室3厅,202.57平米,南,1,23天前发布
3713,2011年小套三装修保养好采光舒服,https://cd.ke.com/ershoufang/20021817710100118822.html,月光诚品,https://cd.ke.com/xiaoqu/1611043081234/,高楼层(共12层),2011年建,3室1厅,86.8平米,南,3,23天前发布
3714,新巢小区二期1室1厅南,https://cd.ke.com/ershoufang/20021817710100118671.html,新巢小区二期,https://cd.ke.com/xiaoqu/1611043047960/,中楼层(共7层),2005年建,1室1厅,60.92平米,南,2,23天前发布
3715,磨子桥地铁，电梯套一，装修保养可以，安静不临街。,https://cd.ke.com/ershoufang/20021817710100118279.html,伊顿社区,https://cd.ke.com/xiaoqu/1611041504971/,高楼层(共20层),2007年建,1室1厅,49平米,东南,3,23天前发布
3716,标准大套二户型方正，拎包入住,https://cd.ke.com/ershoufang/20021817710100115340.html,金辉枫尚,https://cd.ke.com/xiaoqu/3011053769898/,高楼层(共18层),2011年建,2室1厅,81.78平米,南,0,23天前发布
3717,双楠港汇广场，离地铁近，电梯小高层。,https://cd.ke.com/ershoufang/20021817710100108326.html,双楠港汇广场,https://cd.ke.com/xiaoqu/1611100719752/,低楼层(共6层),2015年建,1室0厅,61.97平米,东,11,23天前发布
3718,精装套三高区错层带花园，视野开阔采光好，产权清晰,https://cd.ke.com/ershoufang/20021817710100106049.html,置信丽都花园D区,https://cd.ke.com/xiaoqu/1611043512351/,高楼层(共13层),2004年建,3室2厅,164.46平米,东南,11,23天前发布
3719,一环内次新房电梯精装修,https://cd.ke.com/ershoufang/20021817710100105769.html,锦和名邸,https://cd.ke.com/xiaoqu/1611062691616/,低楼层(共22层),2016年建,2室1厅,87.79平米,西北,17,23天前发布
3720,武侯区西三环武侯立交地铁口榕苑小区小套三,https://cd.ke.com/ershoufang/20021817710100103349.html,榕苑,https://cd.ke.com/xiaoqu/3011053789067/,高楼层(共6层),2004年建,3室1厅,86.5平米,东南,14,23天前发布
3721,世纪百合商业广场1室1厅东南,https://cd.ke.com/ershoufang/20021717710100129355.html,世纪百合商业广场,https://cd.ke.com/xiaoqu/167927663439435/,中楼层(共13层),2014年建,1室1厅,51.9平米,东南,0,24天前发布
3722,户型房正，标准套二，中间楼层，小区安静不吵,https://cd.ke.com/ershoufang/20021717710100128850.html,皇家花园,https://cd.ke.com/xiaoqu/1611041549306/,中楼层(共7层),1999年建,2室1厅,85.6平米,东南,1,24天前发布
3723,交大广厦小区6室1厅南,https://cd.ke.com/ershoufang/20021717710100127871.html,交大广厦小区,https://cd.ke.com/xiaoqu/3011055122146/,中楼层(共7层),2000年建,6室1厅,182.09平米,南,3,24天前发布
3724,神仙树大院二期此房有装修套三满两年,https://cd.ke.com/ershoufang/20021717710100127428.html,神仙树大院二期,https://cd.ke.com/xiaoqu/1611043479725/,高楼层(共16层),2008年建,3室2厅,115平米,东,0,24天前发布
3725,二环精装套二出售，居家舒适温馨，采光充足交通便捷,https://cd.ke.com/ershoufang/20021717710100126628.html,龙腾花园,https://cd.ke.com/xiaoqu/1611043068531/,中楼层(共11层),2007年建,2室1厅,77.63平米,东南,7,24天前发布
3726,天际首府2室1厅东南,https://cd.ke.com/ershoufang/20021717710100125537.html,天际首府,https://cd.ke.com/xiaoqu/3011053798922/,高楼层(共13层),2012年建,2室1厅,76.16平米,东南,6,24天前发布
3727,高新芳草，中间楼层套三，户型方正,https://cd.ke.com/ershoufang/20021717710100124067.html,沁芳园,https://cd.ke.com/xiaoqu/1611041804158/,中楼层(共7层),2000年建,3室2厅,119.33平米,南,1,24天前发布
3728,龙湖金楠天街，户型方正，优质好房,https://cd.ke.com/ershoufang/20021717710100118522.html,龙湖金楠天街,https://cd.ke.com/xiaoqu/1611059976050/,中楼层(共20层),2015年建,1室0厅,33.58平米,南北,1,24天前发布
3729,玉林横街3号标准套一低楼层，无抵押无贷款,https://cd.ke.com/ershoufang/20021717710100118314.html,玉林横街3号,https://cd.ke.com/xiaoqu/1620026671884445/,低楼层(共7层),2003年建,1室1厅,55.81平米,南,4,24天前发布
3730,低楼层套五带阁楼户型通透配套成熟,https://cd.ke.com/ershoufang/20021717710100118453.html,紫竹苑,https://cd.ke.com/xiaoqu/1611043060591/,低楼层(共7层),2001年建,5室1厅,191.63平米,东西,1,24天前发布
3731,武侯祠横街8号标准套二单卫主卧带阳台,https://cd.ke.com/ershoufang/20021717710100118079.html,武侯祠横街8号,https://cd.ke.com/xiaoqu/1610389502308108/,高楼层(共6层)2室1厅,61.89平米,南,,,2,24天前发布
3732,南北朝向，通透户型，错层套四，主卧带卫生间和阳台,https://cd.ke.com/ershoufang/20021717710100106684.html,红运街3号,https://cd.ke.com/xiaoqu/3011053914339/,中楼层(共7层),1999年建,4室2厅,169.3平米,南,15,24天前发布
3733,蓝光金悦城装修套三带车位出售,https://cd.ke.com/ershoufang/20021717710100105998.html,蓝光金悦城,https://cd.ke.com/xiaoqu/1611063051688/,低楼层(共19层),2017年建,3室2厅,96.6平米,南北,0,24天前发布
3734,顺江新苑A区标准套二中奖楼层对中庭,https://cd.ke.com/ershoufang/20021717710100105853.html,顺江新苑A区,https://cd.ke.com/xiaoqu/3011053805285/,中楼层(共6层),2003年建,2室1厅,68.8平米,南北,19,24天前发布
3735,武侯棕北优质套三科院街8号院。。,https://cd.ke.com/ershoufang/20021717710100105313.html,科院街8号院,https://cd.ke.com/xiaoqu/1613175949111852/,中楼层(共7层),1995年建,3室1厅,71.43平米,东南,0,24天前发布
3736,鹭岛国际温馨小户型诚心出售全款房,https://cd.ke.com/ershoufang/20021717710100104792.html,鹭岛国际四期,https://cd.ke.com/xiaoqu/1611043477314/,中楼层(共18层),2012年建,1室1厅,51.55平米,东,3,24天前发布
3737,临河套三双卫，直看清水河，有装修带家电，视野开阔,https://cd.ke.com/ershoufang/20021717710100103378.html,翠堤春晓,https://cd.ke.com/xiaoqu/1611041524496/,高楼层(共6层),2002年建,3室2厅,133.9平米,东南,4,24天前发布
3738,观南上域3室1厅南北,https://cd.ke.com/ershoufang/20021617710100123292.html,观南上域,https://cd.ke.com/xiaoqu/1611041486845/,中楼层(共24层),2008年建,3室1厅,95.44平米,南北,21,25天前发布
3739,干警宿舍3室2厅南,https://cd.ke.com/ershoufang/20021617710100116431.html,干警宿舍,https://cd.ke.com/xiaoqu/1611042042847/,中楼层(共7层),2000年建,3室2厅,91.88平米,南,12,25天前发布
3740,高升桥地铁口，标准套三，业主自住精装修，带屋顶花园,https://cd.ke.com/ershoufang/20021617710100111614.html,高升桥北街5号,https://cd.ke.com/xiaoqu/1611042669339/,高楼层(共7层),2000年建,3室1厅,78.72平米,南北,0,25天前发布
3741,华宇楠苑简装全中庭套二业主诚心出售,https://cd.ke.com/ershoufang/20021617710100108554.html,华宇楠苑,https://cd.ke.com/xiaoqu/1611043134166/,高楼层(共11层),2012年建,2室2厅,66.5平米,西北,0,25天前发布
3742,超洋花园2室1厅西,https://cd.ke.com/ershoufang/20021617710100101289.html,超洋花园,https://cd.ke.com/xiaoqu/1611043083576/,中楼层(共11层),2004年建,2室1厅,66.65平米,西,3,25天前发布
3743,交大花园武侯小区3室2厅东西,https://cd.ke.com/ershoufang/20021517710100118876.html,交大花园武侯小区,https://cd.ke.com/xiaoqu/1611041525718/,中楼层(共7层),2000年建,3室2厅,95.95平米,东西,1,26天前发布
3744,新南门标准套一装修保养好,https://cd.ke.com/ershoufang/20021517710100117660.html,胜利新村,https://cd.ke.com/xiaoqu/3011052501364/,高楼层(共6层),2000年建,1室2厅,47.34平米,北,1,26天前发布
3745,内双楠自住套三保养不错诚心出售,https://cd.ke.com/ershoufang/20021517710100115544.html,兰园,https://cd.ke.com/xiaoqu/1611043143254/,高楼层(共7层),1999年建,3室1厅,101平米,东南西北,4,26天前发布
3746,肖家河安静多层实用2居出售装修保养好安静不临街,https://cd.ke.com/ershoufang/20021517710100114488.html,高升桥东路19号,https://cd.ke.com/xiaoqu/1611041579646/,中楼层(共7层),1995年建,2室1厅,57.12平米,东,5,26天前发布
3747,109平套三双卫，正对小区中庭，位置安静。,https://cd.ke.com/ershoufang/20021517710100106672.html,世豪嘉柏,https://cd.ke.com/xiaoqu/1611061265761/,高楼层(共22层),2014年建,3室1厅,108.69平米,东南,20,26天前发布
3748,四季花城4室2厅东南,https://cd.ke.com/ershoufang/20021517710100105312.html,四季花城,https://cd.ke.com/xiaoqu/1611041482135/,中楼层(共21层),2003年建,4室2厅,147.43平米,东南,2,26天前发布
3749,嘉楠美地2室1厅南北,https://cd.ke.com/ershoufang/20021517710100105215.html,嘉楠美地,https://cd.ke.com/xiaoqu/3011053732097/,中楼层(共18层),2014年建,2室1厅,69.71平米,南北,0,26天前发布
3750,长城社区优质套一，中间楼层，无按揭抵押,https://cd.ke.com/ershoufang/20021517710100103986.html,长城社区,https://cd.ke.com/xiaoqu/1611043126114/,中楼层(共7层),2000年建,1室1厅,44.6平米,东南,0,26天前发布
3751,楼层中间，满两年无增值税，户型方正，进出方便。,https://cd.ke.com/ershoufang/20021517710100103428.html,格林楠,https://cd.ke.com/xiaoqu/3011053914040/,高楼层(共14层),2012年建,3室2厅,93.41平米,南北,4,26天前发布
3752,多层带楼顶花园居家装修套三,https://cd.ke.com/ershoufang/20021517710100102749.html,百吉街52号,https://cd.ke.com/xiaoqu/1611041867039/,高楼层(共7层),1998年建,3室1厅,83.44平米,西,0,26天前发布
3753,标准套二带阳台，西南朝向，采光好，视野开阔,https://cd.ke.com/ershoufang/20021517710100102076.html,维港,https://cd.ke.com/xiaoqu/1611045511840/,高楼层(共18层),2011年建,2室1厅,75.88平米,西南,61,26天前发布
3754,红牌楼北街25号院2室2厅东南,https://cd.ke.com/ershoufang/20021517710100101922.html,红牌楼北街25号院,https://cd.ke.com/xiaoqu/1611041842325/,高楼层(共7层),2000年建,2室2厅,72平米,东南,0,26天前发布
3755,保利花园一期3室2厅东南,https://cd.ke.com/ershoufang/20021417710100129499.html,保利花园一期,https://cd.ke.com/xiaoqu/3011056076924/,高楼层(共16层),2011年建,3室2厅,98.49平米,东南,1,27天前发布
3756,世豪嘉柏1室1厅东南,https://cd.ke.com/ershoufang/20021417710100125838.html,世豪嘉柏,https://cd.ke.com/xiaoqu/1611061265761/,中楼层(共19层),2014年建,1室1厅,49.52平米,东南,0,27天前发布
3757,标准套一，客厅带阳台，卧室带阳台。,https://cd.ke.com/ershoufang/20021417710100122524.html,红运花园佳苑,https://cd.ke.com/xiaoqu/1611058507205/,高楼层(共7层),1999年建,1室1厅,48.8平米,西南,1,27天前发布
3758,爱家馨城标准套三居家装修保养比较好,https://cd.ke.com/ershoufang/20021417710100120833.html,爱家馨城,https://cd.ke.com/xiaoqu/1611041435548/,低楼层(共11层),2004年建,3室2厅,115.46平米,东南,4,27天前发布
3759,武侯区美丽庭院客厅带阳台跃层顶楼有花园,https://cd.ke.com/ershoufang/20021417710100115040.html,美丽庭院,https://cd.ke.com/xiaoqu/1611058260413/,高楼层(共6层),2000年建,4室2厅,181.91平米,东,0,27天前发布
3760,108.15平套三双卫，朝南对小区里面，精装修。,https://cd.ke.com/ershoufang/20021417710100113930.html,世豪嘉柏,https://cd.ke.com/xiaoqu/1611061265761/,中楼层(共22层),2014年建,3室1厅,108.15平米,南,25,27天前发布
3761,新上必看好房，价格实在，诚心好房,https://cd.ke.com/ershoufang/20021417710100113146.html,置信丽都花园城A区,https://cd.ke.com/xiaoqu/3011056147564/,低楼层(共13层),2007年建,3室2厅,143.7平米,东北,11,27天前发布
3762,中华名园三期D区2室2厅南北,https://cd.ke.com/ershoufang/20021417710100106487.html,中华名园三期D区,https://cd.ke.com/xiaoqu/1611058392494/,高楼层(共16层),2012年建,2室2厅,86.99平米,南北,0,27天前发布
3763,丽都花园丽府1室0厅东南,https://cd.ke.com/ershoufang/20021417710100105516.html,丽都花园丽府,https://cd.ke.com/xiaoqu/1611044722209/,地下室(共层)1室0厅,38.89平米,东南,,,0,27天前发布
3764,17年底交房，新小区标准套三，中间楼层，精装修！！！,https://cd.ke.com/ershoufang/20021417710100104555.html,中海熙苑一期,https://cd.ke.com/xiaoqu/1611701093937570/,中楼层(共18层),2017年建,3室2厅,94.5平米,北,2,27天前发布
3765,兴蓉街，套三，低楼层，诚心卖，看上随时签约有钥匙,https://cd.ke.com/ershoufang/20021417710100101874.html,兴蓉街19号,https://cd.ke.com/xiaoqu/1611044693126/,低楼层(共7层),1997年建,3室1厅,86平米,东南,3,27天前发布
3766,满两年精装套三中粮品质直接拎包入住,https://cd.ke.com/ershoufang/20021317710100123989.html,中粮香颂丽都,https://cd.ke.com/xiaoqu/1611060926316/,高楼层(共19层),2015年建,3室1厅,78平米,西北,10,28天前发布
3767,华宇品质下跃精致装修舒适居家满两年,https://cd.ke.com/ershoufang/20021317710100124029.html,华宇静苑一期,https://cd.ke.com/xiaoqu/3011056103025/,低楼层(共11层),2014年建,4室3厅,213.72平米,西西北,1,28天前发布
3768,内双楠少有电梯小户型2梯8户有地下停车场,https://cd.ke.com/ershoufang/20021317710100123119.html,楠宝石,https://cd.ke.com/xiaoqu/1611043104512/,中楼层(共15层),2006年建,2室1厅,65.09平米,西,0,28天前发布
3769,汇景樱桃季2室1厅西,https://cd.ke.com/ershoufang/20021317710100117780.html,汇景樱桃季,https://cd.ke.com/xiaoqu/1611041503970/,低楼层(共9层),2005年建,2室1厅,83.11平米,西,11,28天前发布
3770,"此房没有增值税,通透户型,采光好,视野开阔",https://cd.ke.com/ershoufang/20021317710100117320.html,中央花园四期,https://cd.ke.com/xiaoqu/1611058159086/,高楼层(共6层),1999年建,5室2厅,164.8平米,东南,2,28天前发布
3771,锦江新园标准套二精装修有家具家电,https://cd.ke.com/ershoufang/20021317710100115286.html,锦江新园,https://cd.ke.com/xiaoqu/1611041560823/,中楼层(共22层),2002年建,2室2厅,85.84平米,南北,10,28天前发布
3772,爱家馨城1室1厅东南,https://cd.ke.com/ershoufang/20021317710100111566.html,爱家馨城,https://cd.ke.com/xiaoqu/1611041435548/,低楼层(共11层),2004年建,1室1厅,54.52平米,东南,6,28天前发布
3773,燃灯寺北街29号1室1厅南西南,https://cd.ke.com/ershoufang/20021317710100109317.html,燃灯寺北街29号,https://cd.ke.com/xiaoqu/1611041882024/,高楼层(共7层),2000年建,1室1厅,38.41平米,南西南,2,28天前发布
3774,高新区二环内沁芳园中间楼层大套三,https://cd.ke.com/ershoufang/20021317710100105831.html,沁芳园,https://cd.ke.com/xiaoqu/1611041804158/,中楼层(共7层),2000年建,3室1厅,110.98平米,南,0,28天前发布
3775,首航欣程方正两居室采光好不临街,https://cd.ke.com/ershoufang/20021217710100123470.html,首航欣程,https://cd.ke.com/xiaoqu/1611048245025/,高楼层(共27层),2014年建,2室1厅,70.49平米,东南,10,29天前发布
3776,丽都世家A区2室1厅西南,https://cd.ke.com/ershoufang/20021217710100123021.html,丽都世家A区,https://cd.ke.com/xiaoqu/1611061096673/,高楼层(共17层),2014年建,2室1厅,81.43平米,西南,4,29天前发布
3777,衣冠庙地铁站口电梯大标间户型方正采光好,https://cd.ke.com/ershoufang/20021217710100118788.html,和雅嘉御,https://cd.ke.com/xiaoqu/1620021681629461/,高楼层(共24层),2019年建,1室0厅,38平米,东南,0,29天前发布
3778,地铁口精致小户型，保养好对中庭，东南朝向,https://cd.ke.com/ershoufang/20021217710100114244.html,天邑华庭,https://cd.ke.com/xiaoqu/1611043115187/,低楼层(共6层),2008年建,1室1厅,51.68平米,东南,9,29天前发布
3779,精装套四前后对中庭中间楼层。,https://cd.ke.com/ershoufang/20021217710100113218.html,首信首御,https://cd.ke.com/xiaoqu/3011056111813/,中楼层(共17层),2013年建,4室2厅,125.21平米,南北,2,29天前发布
3780,兴元丽园B区精装套二出售去年翻新的装修拎包入住,https://cd.ke.com/ershoufang/20021217710100111741.html,兴元丽园B区,https://cd.ke.com/xiaoqu/3011053813640/,高楼层(共11层),2004年建,2室1厅,70.42平米,东,13,29天前发布
3781,金楠缤纷2室2厅东南,https://cd.ke.com/ershoufang/20021217710100111032.html,金楠缤纷,https://cd.ke.com/xiaoqu/1611062687392/,高楼层(共16层),2015年建,2室2厅,69.48平米,东南,0,29天前发布
3782,绿地圣路易名邸二期2室1厅西,https://cd.ke.com/ershoufang/20021217710100107389.html,绿地圣路易名邸二期,https://cd.ke.com/xiaoqu/3011056099924/,低楼层(共12层),2013年建,2室1厅,71.86平米,西,4,29天前发布
3783,维多利亚套二出售户型方正朝南,https://cd.ke.com/ershoufang/20021217710100104119.html,新里维多利亚公寓,https://cd.ke.com/xiaoqu/1611043078432/,中楼层(共13层),2005年建,2室1厅,92.44平米,南,2,29天前发布
3784,七里晓月2室1厅南,https://cd.ke.com/ershoufang/20021217710100102796.html,七里晓月,https://cd.ke.com/xiaoqu/3011056106075/,中楼层(共13层),2014年建,2室1厅,88.03平米,南,0,29天前发布
3785,外双楠地铁口户型方正采光好,https://cd.ke.com/ershoufang/20021217710100100135.html,丽景华庭二期,https://cd.ke.com/xiaoqu/1611041621243/,中楼层(共16层),2006年建,1室0厅,36.08平米,东南,6,29天前发布
3786,精装修，顶跃带花园。视野无遮挡，采光好。,https://cd.ke.com/ershoufang/20021117710100121485.html,兰苑雅居,https://cd.ke.com/xiaoqu/1611041518352/,高楼层(共6层),2003年建,3室2厅,126.46平米,东西,12,30天前发布
3787,上道西城标准套三，户型方正，，，，,https://cd.ke.com/ershoufang/20021117710100118449.html,上道西城,https://cd.ke.com/xiaoqu/1611057885306/,高楼层(共11层),2008年建,3室1厅,98.69平米,北,1,30天前发布
3788,时代锦绣精装套二业主诚心出售,https://cd.ke.com/ershoufang/20021117710100109260.html,时代锦绣,https://cd.ke.com/xiaoqu/1611064009997/,高楼层(共14层),2016年建,2室1厅,58.1平米,东南,29,30天前发布
3789,此房中间楼层、近地铁、标准套三。,https://cd.ke.com/ershoufang/20021117710100106717.html,人民南路三段31号,https://cd.ke.com/xiaoqu/1611042690199/,中楼层(共6层),2000年建,3室1厅,69.56平米,南北,1,30天前发布
3790,观南上域2室1厅南,https://cd.ke.com/ershoufang/20021117710100104293.html,观南上域,https://cd.ke.com/xiaoqu/1611041486845/,高楼层(共24层),2008年建,2室1厅,79平米,南,11,30天前发布
3791,省妇幼、天街旁，三期精装套三中间楼层，户型方正。,https://cd.ke.com/ershoufang/20021117710100103889.html,中央花园三期,https://cd.ke.com/xiaoqu/3011053724839/,高楼层(共7层),1998年建,3室1厅,109.3平米,东南,2,30天前发布
3792,丽都世家套三有装修户型方正有阳台,https://cd.ke.com/ershoufang/20021117710100103569.html,丽都世家A区,https://cd.ke.com/xiaoqu/1611061096673/,高楼层(共17层),2014年建,3室2厅,85.81平米,西北,1,30天前发布
3793,少陵横街68号不临街套三户型方正,https://cd.ke.com/ershoufang/20021017710100121712.html,少陵横街68号,https://cd.ke.com/xiaoqu/1611041919915/,中楼层(共7层),1998年建,3室1厅,72.1平米,东,0,1月前发布
3794,嘉楠美地3室1厅西南,https://cd.ke.com/ershoufang/20021017710100119655.html,嘉楠美地,https://cd.ke.com/xiaoqu/3011053732097/,高楼层(共18层),2014年建,3室1厅,88平米,西南,11,1月前发布
3795,嘉瑞苑中庭套三，户型通透中间楼层带阳台,https://cd.ke.com/ershoufang/20021017710100114123.html,嘉瑞苑一期,https://cd.ke.com/xiaoqu/1611042020066/,高楼层(共6层),2004年建,3室2厅,117.28平米,南北,3,1月前发布
3796,榕苑3室1厅东南,https://cd.ke.com/ershoufang/20021017710100113929.html,榕苑,https://cd.ke.com/xiaoqu/3011053789067/,中楼层(共6层),2004年建,3室1厅,86.5平米,东南,0,1月前发布
3797,地铁口精装套二全明户型,https://cd.ke.com/ershoufang/20021017710100101943.html,下一站都市,https://cd.ke.com/xiaoqu/1611061602784/,高楼层(共17层),2014年建,2室2厅,82.87平米,南北,0,1月前发布
3798,玉林品上2室1厅南北,https://cd.ke.com/ershoufang/20020917710100117667.html,玉林品上,https://cd.ke.com/xiaoqu/1611041514572/,高楼层(共27层),2007年建,2室1厅,54.19平米,南北,1,1月前发布
3799,武侯区武青北路76号上道西城,https://cd.ke.com/ershoufang/20020917710100116994.html,上道西城,https://cd.ke.com/xiaoqu/1611057885306/,中楼层(共11层),2008年建,2室2厅,86.49平米,南,0,1月前发布
3800,太平园地铁口小套一，户型方正明厨明卫，非通道式,https://cd.ke.com/ershoufang/20020917710100115269.html,红城,https://cd.ke.com/xiaoqu/1611043133022/,中楼层(共18层),2011年建,1室1厅,43平米,东南,0,1月前发布
3801,一环边-高升桥北街6号-标准套二,https://cd.ke.com/ershoufang/20020917710100109397.html,高升桥北街6号,https://cd.ke.com/xiaoqu/1611044817481/,低楼层(共7层),2000年建,2室1厅,87.04平米,东南,0,1月前发布
3802,天街电梯标准套一高楼层视野开阔采光好,https://cd.ke.com/ershoufang/20020917710100105554.html,西郡香林,https://cd.ke.com/xiaoqu/3011053920651/,高楼层(共11层),2006年建,1室1厅,52平米,南北,2,1月前发布
3803,华西大厦4室2厅北,https://cd.ke.com/ershoufang/20020917710100101945.html,华西大厦,https://cd.ke.com/xiaoqu/1611061247157/,中楼层(共19层),2002年建,4室2厅,164.87平米,北,12,1月前发布
3804,电梯中间楼层套三明厨明卫不临街,https://cd.ke.com/ershoufang/20020817710100119239.html,互盛佳苑,https://cd.ke.com/xiaoqu/3011053914927/,中楼层(共17层),2008年建,3室2厅,95.22平米,南,17,1月前发布
3805,电梯跃层套二LOFT户型总价底,https://cd.ke.com/ershoufang/20020817710100118175.html,锦宏宝润苑,https://cd.ke.com/xiaoqu/1611041512951/,中楼层(共12层),2001年建,2室1厅,42.35平米,东南,3,1月前发布
3806,轻巧小户型标间模式租金收益客观,https://cd.ke.com/ershoufang/20020817710100113197.html,一江城花,https://cd.ke.com/xiaoqu/1611061453614/,中楼层(共7层)1室0厅,40.49平米,东,,,16,1月前发布
3807,鹭岛国际三期精装修大套二高楼层采光好,https://cd.ke.com/ershoufang/20020817710100112624.html,鹭岛国际三期,https://cd.ke.com/xiaoqu/1611043476911/,高楼层(共15层),2010年建,2室1厅,96.66平米,南北,0,1月前发布
3808,一环边-高升桥-成都A区标准套一,https://cd.ke.com/ershoufang/20020817710100111953.html,成都A区,https://cd.ke.com/xiaoqu/1611046551661/,中楼层(共21层),2011年建,1室1厅,50.26平米,西南,2,1月前发布
3809,一环边高升桥-成都A区-标准套一,https://cd.ke.com/ershoufang/20020817710100110683.html,成都A区,https://cd.ke.com/xiaoqu/1611046551661/,中楼层(共21层),2011年建,1室1厅,50.26平米,西南,16,1月前发布
3810,置信品质+对中庭+装修保养好。,https://cd.ke.com/ershoufang/20020817710100106476.html,置信丽都花园城B区,https://cd.ke.com/xiaoqu/1611057979869/,中楼层(共13层),2006年建,3室1厅,142.65平米,南,40,1月前发布
3811,九如村2号，标准套三，采光可以。,https://cd.ke.com/ershoufang/20020817710100104890.html,九如村2号,https://cd.ke.com/xiaoqu/1610029103854540/,高楼层(共6层)3室1厅,69.5平米,南北,,,0,1月前发布
3812,平层套二单卫客厅带阳台采光好,https://cd.ke.com/ershoufang/20020817710100101751.html,中央花园三期,https://cd.ke.com/xiaoqu/3011053724839/,高楼层(共7层),1998年建,2室1厅,68.8平米,东,18,1月前发布
3813,武侯区上道西城有装修卧室带飘窗,https://cd.ke.com/ershoufang/20020817710100100319.html,上道西城,https://cd.ke.com/xiaoqu/1611057885306/,高楼层(共11层),2008年建,3室2厅,79.47平米,南,1,1月前发布
3814,紫竹北街65号2室1厅西,https://cd.ke.com/ershoufang/20020717710100121624.html,紫竹北街65号,https://cd.ke.com/xiaoqu/1611043060099/,低楼层(共3层),1998年建,2室1厅,61.71平米,西,0,1月前发布
3815,金雁路标准三居户型方正视野采光好,https://cd.ke.com/ershoufang/20020717710100119196.html,交大花园南苑,https://cd.ke.com/xiaoqu/1611058127549/,高楼层(共7层),1997年建,3室1厅,90.7平米,东,8,1月前发布
3816,首航欣程3室1厅东南,https://cd.ke.com/ershoufang/20020717710100116074.html,首航欣程,https://cd.ke.com/xiaoqu/1611048245025/,中楼层(共32层),2014年建,3室1厅,87.77平米,东南,0,1月前发布
3817,美丽南庭，套三户型朝北，二楼。。,https://cd.ke.com/ershoufang/20020717710100109577.html,美丽南庭,https://cd.ke.com/xiaoqu/1611041752155/,低楼层(共11层),2009年建,3室1厅,118平米,北,4,1月前发布
3818,正黄上岭客厅带阳台标准套一,https://cd.ke.com/ershoufang/20020717710100105687.html,正黄上岭,https://cd.ke.com/xiaoqu/1611041930296/,中楼层(共22层),2012年建,1室1厅,43.9平米,南西南,0,1月前发布
3819,2.5，环临地铁，中间楼层采光好不临街,https://cd.ke.com/ershoufang/20020717710100103640.html,红运花园佳苑,https://cd.ke.com/xiaoqu/1611058507205/,中楼层(共7层),1999年建,2室1厅,63.7平米,南北,0,1月前发布
3820,武侯国际花园2室1厅西北,https://cd.ke.com/ershoufang/20020717710100102982.html,武侯国际花园,https://cd.ke.com/xiaoqu/1611041469734/,高楼层(共13层),2009年建,2室1厅,91.25平米,西北,0,1月前发布
3821,观南上域1室1厅西,https://cd.ke.com/ershoufang/20020717710100102547.html,观南上域,https://cd.ke.com/xiaoqu/1611041486845/,中楼层(共20层),2008年建,1室1厅,125.18平米,西,0,1月前发布
3822,首信套三双卫有装修有家具家电保养好满两年,https://cd.ke.com/ershoufang/20020617710100121137.html,首信汇,https://cd.ke.com/xiaoqu/3011056108443/,中楼层(共14层),2014年建,3室2厅,92.62平米,东,7,1月前发布
3823,2010年小区人车分流精装修不临街带全部家具家电,https://cd.ke.com/ershoufang/20020617710100108229.html,月光琉域,https://cd.ke.com/xiaoqu/1611041515045/,中楼层(共17层),2010年建,2室1厅,81.87平米,东北,33,1月前发布
3824,珑熙郡3室1厅南,https://cd.ke.com/ershoufang/20020617710100105450.html,珑熙郡,https://cd.ke.com/xiaoqu/1611064002823/,中楼层(共17层),2017年建,3室1厅,78平米,南,0,1月前发布
3825,二环快速公交红牌楼西站下，低楼层、宽敞套二,https://cd.ke.com/ershoufang/20020617710100100684.html,好家园,https://cd.ke.com/xiaoqu/1611041919879/,低楼层(共6层),2003年建,2室2厅,93.1平米,东南,1,1月前发布
3826,错层优质套四，简单装修，业主诚心卖,https://cd.ke.com/ershoufang/20020517710100121799.html,中央花园二期,https://cd.ke.com/xiaoqu/1611041477479/,中楼层(共7层),1998年建,4室1厅,159.3平米,南,0,1月前发布
3827,神仙树大院二期1室0厅东,https://cd.ke.com/ershoufang/20020517710100117238.html,神仙树大院二期,https://cd.ke.com/xiaoqu/1611043479725/,地下室(共层),2008年建,1室0厅,32.46平米,东,0,1月前发布
3828,神仙树大院二期1室0厅东,https://cd.ke.com/ershoufang/20020517710100116896.html,神仙树大院二期,https://cd.ke.com/xiaoqu/1611043479725/,地下室(共层),2008年建,1室0厅,32.46平米,东,0,1月前发布
3829,曼哈顿自然派2室2厅南,https://cd.ke.com/ershoufang/20020517710100116562.html,曼哈顿自然派,https://cd.ke.com/xiaoqu/1611043070754/,中楼层(共19层),2005年建,2室2厅,90.5平米,南,5,1月前发布
3830,怡泰花园，标准套一，户型方正，清水房,https://cd.ke.com/ershoufang/20020517710100116114.html,怡泰花园,https://cd.ke.com/xiaoqu/3011053822280/,高楼层(共16层),2014年建,1室1厅,45.99平米,东南西北,0,1月前发布
3831,神仙树大院套三双卫带入户花园,https://cd.ke.com/ershoufang/20020517710100115723.html,神仙树大院二期,https://cd.ke.com/xiaoqu/1611043479725/,高楼层(共16层),2008年建,3室1厅,139.79平米,东南,10,1月前发布
3832,双楠二区中庭不临街高层套二，预约可实地看房,https://cd.ke.com/ershoufang/20020517710100114570.html,双楠二区,https://cd.ke.com/xiaoqu/1611041544121/,高楼层(共7层),1999年建,2室1厅,62.51平米,东南,58,1月前发布
3833,武青南路套一改小套二业主换房诚心卖,https://cd.ke.com/ershoufang/20020517710100111999.html,首信首御,https://cd.ke.com/xiaoqu/3011056111813/,高楼层(共14层),2013年建,2室1厅,49.22平米,南,2,1月前发布
3834,杰座2室1厅南,https://cd.ke.com/ershoufang/20020517710100112058.html,杰座,https://cd.ke.com/xiaoqu/1611041508203/,高楼层(共16层),2009年建,2室1厅,54.63平米,南,0,1月前发布
3835,正黄上岭通透户型套一明厨明卫,https://cd.ke.com/ershoufang/20020517710100109886.html,正黄上岭,https://cd.ke.com/xiaoqu/1611041930296/,中楼层(共22层),2012年建,1室1厅,48.92平米,南,1,1月前发布
3836,会所花园套三带阳台有装修,https://cd.ke.com/ershoufang/20020517710100104627.html,会所花园,https://cd.ke.com/xiaoqu/1611041504254/,高楼层(共15层),2002年建,3室1厅,95.44平米,东,3,1月前发布
3837,标准套二，户型通透，高楼层视野好，中等装修,https://cd.ke.com/ershoufang/20020517710100103728.html,瑞升南园,https://cd.ke.com/xiaoqu/1611044302310/,中楼层(共6层),2002年建,2室1厅,81.74平米,南北,0,1月前发布
3838,会所金澜苑3室2厅东南,https://cd.ke.com/ershoufang/20020417710100118627.html,会所金澜苑,https://cd.ke.com/xiaoqu/1614963330789870/,高楼层(共18层)3室2厅,89.19平米,东南,,,1,1月前发布
3839,标准套二，小区绿化好，居住舒适度高,https://cd.ke.com/ershoufang/20020417710100116541.html,锦溪,https://cd.ke.com/xiaoqu/3011053780992/,低楼层(共18层),2008年建,2室1厅,90.08平米,南东,2,1月前发布
3840,武侯簇桥双凤桥地铁站旁套二单卫有装修,https://cd.ke.com/ershoufang/20020417710100113016.html,花半里,https://cd.ke.com/xiaoqu/1620029675165361/,高楼层(共6层)2室2厅,82.35平米,南,,,1,1月前发布
3841,精装修，标准套二。视野开阔，无遮挡，对中庭。,https://cd.ke.com/ershoufang/20020417710100112686.html,丽景华庭一期,https://cd.ke.com/xiaoqu/1611043474821/,中楼层(共10层),2003年建,2室1厅,88.84平米,东西,5,1月前发布
3842,武侯立交中庭三房税费低业主换房诚心卖,https://cd.ke.com/ershoufang/20020417710100110854.html,驿鑫乡卿城,https://cd.ke.com/xiaoqu/3011053826913/,中楼层(共13层),2007年建,3室2厅,123.57平米,南北,1,1月前发布
3843,精装修套一带地暖装修12万从未入住近地铁中楼层,https://cd.ke.com/ershoufang/20020417710100108534.html,双楠港汇广场,https://cd.ke.com/xiaoqu/1611100719752/,中楼层(共5层),2015年建,1室0厅,54平米,南,6,1月前发布
3844,康桥雅舍套三双卫中间楼层，配套齐全,https://cd.ke.com/ershoufang/20020417710100105866.html,康桥雅舍,https://cd.ke.com/xiaoqu/1611042028345/,中楼层(共7层),2001年建,3室2厅,91平米,北,18,1月前发布
3845,兰苑雅居精装套二，装修好，不临街,https://cd.ke.com/ershoufang/20020417710100103891.html,兰苑雅居,https://cd.ke.com/xiaoqu/1611041518352/,高楼层(共6层),2003年建,2室1厅,91.81平米,西,2,1月前发布
3846,和信派都标准套一户型带家具家电,https://cd.ke.com/ershoufang/20020417710100101632.html,和信派都,https://cd.ke.com/xiaoqu/1611041491284/,高楼层(共32层),2010年建,1室1厅,62.07平米,南,4,1月前发布
3847,电子商务大厦，标准套二，户型方正,https://cd.ke.com/ershoufang/20020317710100121244.html,电子商务大厦,https://cd.ke.com/xiaoqu/1620020444105367/,低楼层(共18层)2室2厅,78.97平米,南,,,0,1月前发布
3848,永逸苑2室1厅南北,https://cd.ke.com/ershoufang/20020317710100116245.html,永逸苑,https://cd.ke.com/xiaoqu/3011053520976/,中楼层(共6层)2室1厅,66.46平米,南北,,,0,1月前发布
3849,中海熙苑一期2室2厅东南,https://cd.ke.com/ershoufang/20020317710100110991.html,中海熙苑一期,https://cd.ke.com/xiaoqu/1611701093937570/,高楼层(共18层),2017年建,2室2厅,78.56平米,东南,6,1月前发布
3850,金地花园精装修电梯顶跃带花园,https://cd.ke.com/ershoufang/20020317710100107180.html,金地花园,https://cd.ke.com/xiaoqu/1611041550620/,高楼层(共18层),2003年建,5室2厅,286.68平米,东南,0,1月前发布
3851,武侯祠大街262好标准套三户型,https://cd.ke.com/ershoufang/20020317710100105736.html,武侯祠大街262号,https://cd.ke.com/xiaoqu/1611044805832/,高楼层(共6层),1993年建,3室2厅,102.13平米,南,12,1月前发布
3852,碧云天1室1厅东北,https://cd.ke.com/ershoufang/20020317710100105589.html,碧云天,https://cd.ke.com/xiaoqu/1611041444016/,高楼层(共11层),2001年建,1室1厅,61.99平米,东北,8,1月前发布
3853,武侯国际花园标准套二对中庭安静不临街,https://cd.ke.com/ershoufang/20020317710100103926.html,武侯国际花园,https://cd.ke.com/xiaoqu/1611041469734/,中楼层(共13层),2009年建,2室2厅,83.84平米,东,6,1月前发布
3854,杜鹃花园，负一楼车位标准产权车位，有需要的联系，,https://cd.ke.com/ershoufang/20020217710100107118.html,杜鹃花园,https://cd.ke.com/xiaoqu/3011053701884/,地下室(共1层),2006年建,1室0厅,14.5平米,东,0,1月前发布
3855,金林俊景2室1厅西南,https://cd.ke.com/ershoufang/20020217710100105591.html,金林俊景,https://cd.ke.com/xiaoqu/1611041439378/,低楼层(共16层),2009年建,2室1厅,76.73平米,西南,7,1月前发布
3856,保利套三高楼层采光视野好交通方便,https://cd.ke.com/ershoufang/20020117710100104111.html,保利中心,https://cd.ke.com/xiaoqu/1611057984138/,中楼层(共36层),2013年建,3室1厅,90.25平米,南,1,1月前发布
3857,开发商精装带平台套二楼栋端口位置采光好,https://cd.ke.com/ershoufang/20020117710100102923.html,万科金色海蓉二期,https://cd.ke.com/xiaoqu/1611057209722/,低楼层(共33层),2012年建,2室1厅,67平米,北,11,1月前发布
3858,加怡名城标准套一朝南方便出租过渡,https://cd.ke.com/ershoufang/20020117710100102864.html,加怡名城,https://cd.ke.com/xiaoqu/1611041505567/,中楼层(共17层),2009年建,1室1厅,51.39平米,南,2,1月前发布
3859,红牌楼广场+套二带入户的户型+简单装修+对中庭,https://cd.ke.com/ershoufang/20020117710100100931.html,红牌楼广场,https://cd.ke.com/xiaoqu/1611041495758/,中楼层(共17层),2007年建,2室1厅,84.78平米,东南,4,1月前发布
3860,丽景华庭二期精装修标准套二拎包入住,https://cd.ke.com/ershoufang/20013117710100108712.html,丽景华庭二期,https://cd.ke.com/xiaoqu/1611041621243/,中楼层(共16层),2006年建,2室2厅,70.22平米,东南,1,1月前发布
3861,中央花园新城市别墅7室3厅南,https://cd.ke.com/ershoufang/20013117710100107961.html,中央花园新城市别墅,https://cd.ke.com/xiaoqu/1611042538328/,低楼层(共3层),2008年建,7室3厅,288平米,南,0,1月前发布
3862,新巢一居室带生活阳台小清新的装修风格,https://cd.ke.com/ershoufang/20013117710100106358.html,新巢小区一期,https://cd.ke.com/xiaoqu/1611043047881/,高楼层(共10层),2005年建,1室1厅,51.08平米,东,18,1月前发布
3863,双楠忆景2室1厅西南,https://cd.ke.com/ershoufang/20013117710100106213.html,双楠忆景,https://cd.ke.com/xiaoqu/1611041549096/,中楼层(共9层),2010年建,2室1厅,74.52平米,西南,73,1月前发布
3864,华西旁天竺园公寓三楼套二,https://cd.ke.com/ershoufang/20013117710100104234.html,天竺园公寓,https://cd.ke.com/xiaoqu/1611041557160/,中楼层(共6层),1998年建,2室1厅,81.42平米,东,7,1月前发布
3865,凯莱帝景，顶跃出售，业主诚心，价格可谈,https://cd.ke.com/ershoufang/20013017710100101220.html,凯莱帝景,https://cd.ke.com/xiaoqu/1611041516695/,高楼层(共31层),2001年建,5室1厅,307.84平米,东北东,1,1月前发布
3866,满两年，中粮品质精装舒适小套三直接拎包入住,https://cd.ke.com/ershoufang/20012817710100100988.html,中粮香颂丽都,https://cd.ke.com/xiaoqu/1611060926316/,高楼层(共19层),2015年建,3室1厅,77.98平米,东南,10,1月前发布
3867,绿地品质房东急售对中庭安静,https://cd.ke.com/ershoufang/20012717710100101495.html,绿地圣路易名邸二期,https://cd.ke.com/xiaoqu/3011056099924/,高楼层(共12层),2013年建,2室1厅,72.02平米,东南,46,1月前发布
3868,首座3室2厅南北,https://cd.ke.com/ershoufang/20012717710100101369.html,首座,https://cd.ke.com/xiaoqu/1611041467704/,高楼层(共29层),2008年建,3室2厅,128.88平米,南北,6,1月前发布
3869,西二环加怡名城09年电梯房人车分流套二不临街,https://cd.ke.com/ershoufang/20012617710100101272.html,加怡名城,https://cd.ke.com/xiaoqu/1611041505567/,中楼层(共17层),2009年建,2室1厅,62.48平米,西,6,1月前发布
3870,华西国际标间位置好易出租,https://cd.ke.com/ershoufang/20012617710100100442.html,华西国际,https://cd.ke.com/xiaoqu/1611041503072/,中楼层(共27层),2004年建,1室0厅,47.54平米,东南,2,1月前发布
3871,金地花园不临街别墅一跃二带花园,https://cd.ke.com/ershoufang/20012317710100101261.html,金地花园,https://cd.ke.com/xiaoqu/1611041550620/,低楼层(共4层),2003年建,4室2厅,216.97平米,南北,0,1月前发布
3872,高楼层看河景套三，视野开阔。,https://cd.ke.com/ershoufang/20012117710100108714.html,泊景湾,https://cd.ke.com/xiaoqu/1611041486084/,高楼层(共18层),2008年建,3室2厅,119.45平米,东南,1,1月前发布
3873,华宇楠苑精装住家套三业主诚心出售,https://cd.ke.com/ershoufang/20012117710100108119.html,华宇楠苑,https://cd.ke.com/xiaoqu/1611043134166/,低楼层(共11层),2012年建,3室1厅,76.19平米,南,0,1月前发布
3874,鹭岛国际四期1室2厅东南,https://cd.ke.com/ershoufang/20012117710100107185.html,鹭岛国际四期,https://cd.ke.com/xiaoqu/1611043477314/,高楼层(共18层),2012年建,1室2厅,65.37平米,东南,3,1月前发布
3875,棕北好房，一楼带地下室，自主出租都方便,https://cd.ke.com/ershoufang/20012117710100105064.html,科院街6号,https://cd.ke.com/xiaoqu/3011052077067/,低楼层(共7层),1999年建,3室1厅,92平米,东南,13,1月前发布
3876,一环内标准电梯套一户型方正采光好,https://cd.ke.com/ershoufang/20012117710100101627.html,天竺丽苑,https://cd.ke.com/xiaoqu/1611041487989/,中楼层(共11层),2003年建,1室1厅,51.19平米,西南,6,1月前发布
3877,此房为玉林人家小区中间楼层套二,https://cd.ke.com/ershoufang/20012017710100117560.html,玉林人家,https://cd.ke.com/xiaoqu/1611041514909/,中楼层(共7层),1997年建,2室1厅,81.5平米,西南,4,1月前发布
3878,四季花城一楼套三居家装修,https://cd.ke.com/ershoufang/20012017710100115419.html,四季花城,https://cd.ke.com/xiaoqu/1611041482135/,低楼层(共21层),2003年建,3室1厅,111.18平米,北,9,1月前发布
3879,满五唯一，低楼层，户型方正通透，单价低,https://cd.ke.com/ershoufang/20012017710100110934.html,长居花园,https://cd.ke.com/xiaoqu/1611041447791/,低楼层(共6层),2003年建,3室2厅,121.85平米,西北,4,1月前发布
3880,品质开发商，绿地套四户型，前后对中庭,https://cd.ke.com/ershoufang/20012017710100110475.html,绿地圣路易名邸一期,https://cd.ke.com/xiaoqu/3011056102188/,高楼层(共12层),2012年建,4室2厅,131.15平米,南,6,1月前发布
3881,全对中庭得套三双卫套三满两年中粮品质,https://cd.ke.com/ershoufang/20012017710100106467.html,中粮香颂丽都,https://cd.ke.com/xiaoqu/1611060926316/,中楼层(共19层),2015年建,3室2厅,88.49平米,南北,12,1月前发布
3882,此房满2年，无增值税，客厅主卧次卧朝南。有装修,https://cd.ke.com/ershoufang/20012017710100102382.html,保利中心,https://cd.ke.com/xiaoqu/1611057984138/,高楼层(共37层),2013年建,3室1厅,90平米,南,0,1月前发布
3883,紫荆蜜城1室0厅南,https://cd.ke.com/ershoufang/20012017710100101926.html,紫荆蜜城,https://cd.ke.com/xiaoqu/1611043999127/,地下室(共层)1室0厅,14平米,南,,,0,1月前发布
3884,人民南路四段51号标准套三,https://cd.ke.com/ershoufang/20012017710100100385.html,人民南路四段51号,https://cd.ke.com/xiaoqu/1611049464823/,中楼层(共8层),2000年建,3室1厅,115.37平米,南,0,1月前发布
3885,630宿舍2室2厅南,https://cd.ke.com/ershoufang/20011917710100139247.html,630宿舍,https://cd.ke.com/xiaoqu/1611043273370/,低楼层(共6层),1996年建,2室2厅,83.26平米,南,0,1月前发布
3886,首航精装套三带入户保养好,https://cd.ke.com/ershoufang/20011917710100138330.html,首航欣程,https://cd.ke.com/xiaoqu/1611048245025/,低楼层(共29层),2014年建,3室1厅,88平米,东北,4,1月前发布
3887,地铁口，品质小区，纯居住洋房，14年次新房,https://cd.ke.com/ershoufang/20011917710100137062.html,新界五期,https://cd.ke.com/xiaoqu/1611059606162/,中楼层(共6层),2014年建,1室1厅,59.35平米,东南,4,1月前发布
3888,伊顿社区1室0厅东,https://cd.ke.com/ershoufang/20011917710100134823.html,伊顿社区,https://cd.ke.com/xiaoqu/1611041504971/,地下室(共1层)1室0厅,24.48平米,东,,,0,1月前发布
3889,地铁口，14年新小区，商场300米，诚心出售,https://cd.ke.com/ershoufang/20011917710100132630.html,世豪嘉柏,https://cd.ke.com/xiaoqu/1611061265761/,中楼层(共20层),2014年建,3室2厅,90.17平米,东南,24,1月前发布
3890,首航欣程套三精装不临街,https://cd.ke.com/ershoufang/20011917710100132533.html,首航欣程,https://cd.ke.com/xiaoqu/1611048245025/,中楼层(共30层),2014年建,3室1厅,87.93平米,西北,2,1月前发布
3891,交大花园武侯小区1室1厅东,https://cd.ke.com/ershoufang/20011917710100122030.html,交大花园武侯小区,https://cd.ke.com/xiaoqu/1611041525718/,高楼层(共7层),2000年建,1室1厅,35平米,东,0,1月前发布
3892,武侯区簇桥龙井桂苑标准套三房东诚心出售,https://cd.ke.com/ershoufang/20011917710100120683.html,龙井桂苑,https://cd.ke.com/xiaoqu/3011052250439/,低楼层(共6层),2008年建,3室2厅,92.48平米,东,6,1月前发布
3893,丽景华庭一期2室1厅西,https://cd.ke.com/ershoufang/20011917710100119862.html,丽景华庭一期,https://cd.ke.com/xiaoqu/1611043474821/,高楼层(共10层),2003年建,2室1厅,145.03平米,西,2,1月前发布
3894,武新花园2室2厅东南,https://cd.ke.com/ershoufang/20011917710100118372.html,武新花园,https://cd.ke.com/xiaoqu/1620029939374928/,低楼层(共7层),1998年建,2室2厅,90.74平米,东南,4,1月前发布
3895,西物所生活区人民南路四段大套一采光好,https://cd.ke.com/ershoufang/20011917710100117272.html,人民南路四段7号,https://cd.ke.com/xiaoqu/3011052078319/,高楼层(共6层),1990年建,1室1厅,53.09平米,南北,3,1月前发布
3896,109平套三双卫带双阳台户型方正采光好,https://cd.ke.com/ershoufang/20011917710100116736.html,中央花园一期,https://cd.ke.com/xiaoqu/1611041478602/,中楼层(共7层),2000年建,3室2厅,109.3平米,南北,3,1月前发布
3897,平层大套三，小区环境优美，居住安逸,https://cd.ke.com/ershoufang/20011917710100108786.html,海珀香庭,https://cd.ke.com/xiaoqu/1611041547681/,中楼层(共11层),2010年建,3室1厅,162.3平米,东南,6,1月前发布
3898,丽景华庭二期1室1厅东东南,https://cd.ke.com/ershoufang/20011917710100107954.html,丽景华庭二期,https://cd.ke.com/xiaoqu/1611041621243/,高楼层(共16层),2006年建,1室1厅,39.76平米,东东南,3,1月前发布
3899,四川航空单位房，川航佳园标准套二,https://cd.ke.com/ershoufang/20011917710100106759.html,川航佳园,https://cd.ke.com/xiaoqu/1611041467158/,中楼层(共11层),2007年建,2室1厅,86.4平米,东南,26,1月前发布
3900,曼哈顿自然派诚心出售房源高层套一采光好视野好,https://cd.ke.com/ershoufang/20011917710100106470.html,曼哈顿自然派,https://cd.ke.com/xiaoqu/1611043070754/,高楼层(共19层),2005年建,1室0厅,47.24平米,南北,5,1月前发布
3901,神仙树3号1室1厅北,https://cd.ke.com/ershoufang/20011917710100105113.html,神仙树3号,https://cd.ke.com/xiaoqu/1611061906957/,高楼层(共18层),2011年建,1室1厅,47.78平米,北,5,1月前发布
3902,二环边次新小区标准套三不临街比较安静简装,https://cd.ke.com/ershoufang/20011817710100146446.html,银泰香樟林,https://cd.ke.com/xiaoqu/3011053554034/,高楼层(共17层),2014年建,3室2厅,87.98平米,西南,6,1月前发布
3903,店长推荐：桐梓林电梯房+高楼层套一+采光好,https://cd.ke.com/ershoufang/20011817710100143936.html,上锦雅筑,https://cd.ke.com/xiaoqu/1611041465350/,高楼层(共18层),2006年建,1室1厅,55平米,东,11,1月前发布
3904,林荫街9号3室1厅西,https://cd.ke.com/ershoufang/20011817710100141789.html,林荫街9号,https://cd.ke.com/xiaoqu/1611061238349/,中楼层(共19层),2002年建,3室1厅,147.66平米,西,24,1月前发布
3905,中海龙湾半岛4室1厅东南,https://cd.ke.com/ershoufang/20011817710100133353.html,中海龙湾半岛,https://cd.ke.com/xiaoqu/1611041535394/,中楼层(共8层),2009年建,4室1厅,213.62平米,东南,2,1月前发布
3906,时代阳光花园标间出售，对中庭。,https://cd.ke.com/ershoufang/20011817710100131372.html,时代阳光花园,https://cd.ke.com/xiaoqu/1611042029438/,中楼层(共12层),2003年建,1室1厅,34.13平米,东,1,1月前发布
3907,凯蒂阳光1室0厅东南,https://cd.ke.com/ershoufang/20011817710100129728.html,凯蒂阳光,https://cd.ke.com/xiaoqu/1611041553150/,中楼层(共8层),2002年建,1室0厅,32.17平米,东南,1,1月前发布
3908,枫林苑2室1厅东南,https://cd.ke.com/ershoufang/20011817710100127322.html,枫林苑,https://cd.ke.com/xiaoqu/1611043438399/,中楼层(共7层),2001年建,2室1厅,75平米,东南,5,1月前发布
3909,小区环境优美安静不临街别墅式挑高户型,https://cd.ke.com/ershoufang/20011817710100126377.html,会所花园,https://cd.ke.com/xiaoqu/1611041504254/,中楼层(共12层),2002年建,4室2厅,152.76平米,东南,12,1月前发布
3910,园林式电梯小高层方正套四带平台花园,https://cd.ke.com/ershoufang/20011817710100124672.html,颐和雅居,https://cd.ke.com/xiaoqu/1611041506337/,低楼层(共11层),2006年建,4室1厅,114平米,南,24,1月前发布
3911,金色花园二期3室1厅东南,https://cd.ke.com/ershoufang/20011817710100121763.html,金色花园二期,https://cd.ke.com/xiaoqu/1611041509402/,中楼层(共6层),2005年建,3室1厅,113.64平米,东南,11,1月前发布
3912,新南村，全新精装修，户型方正，南北通透,https://cd.ke.com/ershoufang/20011817710100121281.html,川大新南村,https://cd.ke.com/xiaoqu/1611044454087/,低楼层(共7层),1995年建,3室1厅,76.63平米,南北,11,1月前发布
3913,美丽天城2室2厅东北,https://cd.ke.com/ershoufang/20011817710100120058.html,美丽天城,https://cd.ke.com/xiaoqu/1611041575579/,高楼层(共16层),2008年建,2室2厅,83.33平米,东北,0,1月前发布
3914,玉林横街24号的标准套二低楼层,https://cd.ke.com/ershoufang/20011817710100118399.html,玉林横街24号,https://cd.ke.com/xiaoqu/1616639483980943/,低楼层(共6层),1995年建,2室1厅,62.53平米,南,11,1月前发布
3915,此房对中庭，别墅小区，带游泳池，小区刷卡进入,https://cd.ke.com/ershoufang/20011817710100118225.html,交大庭院,https://cd.ke.com/xiaoqu/1611058157277/,中楼层(共7层),1999年建,3室1厅,111平米,东西,8,1月前发布
3916,中海格林威治高楼层视野好户型方正,https://cd.ke.com/ershoufang/20011817710100110181.html,中海格林威治城,https://cd.ke.com/xiaoqu/1611041475489/,高楼层(共31层),2006年建,2室1厅,102.48平米,东东南南,31,1月前发布
3917,中间楼层看府南河，精装修保养好，带家具家电,https://cd.ke.com/ershoufang/20011817710100105463.html,莱茵河畔,https://cd.ke.com/xiaoqu/1611041562378/,中楼层(共32层),2004年建,4室2厅,181.95平米,南,111,1月前发布
3918,一环边-高升桥-成都A区-东南朝向套二,https://cd.ke.com/ershoufang/20011817710100102191.html,成都A区,https://cd.ke.com/xiaoqu/1611046551661/,低楼层(共21层),2011年建,2室1厅,82.25平米,东南,0,1月前发布
3919,超洋花园1室1厅西南,https://cd.ke.com/ershoufang/20011717710100174597.html,超洋花园,https://cd.ke.com/xiaoqu/1611043083576/,低楼层(共12层),2004年建,1室1厅,49.31平米,西南,1,1月前发布
3920,南2.5环内侧朝东套二不临街带大阳台,https://cd.ke.com/ershoufang/20011717710100170838.html,南辰景秀,https://cd.ke.com/xiaoqu/1611041458900/,中楼层(共18层),2006年建,2室1厅,85.19平米,东,16,1月前发布
3921,红牌楼地铁口标准套三拎包入住,https://cd.ke.com/ershoufang/20011717710100169277.html,橙堡,https://cd.ke.com/xiaoqu/1611041464070/,高楼层(共16层),2008年建,3室1厅,91.29平米,东南,9,1月前发布
3922,内双楠2006年电梯商品房标准套二自住,https://cd.ke.com/ershoufang/20011717710100166090.html,时代空间,https://cd.ke.com/xiaoqu/1611041466617/,高楼层(共14层),2006年建,2室1厅,78平米,东,3,1月前发布
3923,汇锦公寓朝东南标准套二，安静不临街,https://cd.ke.com/ershoufang/20011717710100164780.html,汇锦公寓,https://cd.ke.com/xiaoqu/1611043066067/,高楼层(共11层),2003年建,2室1厅,74.09平米,东南,20,1月前发布
3924,双楠谊苑二期A区4室2厅南,https://cd.ke.com/ershoufang/20011717710100164594.html,双楠谊苑二期A区,https://cd.ke.com/xiaoqu/1611041883113/,中楼层(共7层),1999年建,4室2厅,158.25平米,南,1,1月前发布
3925,美丽星精装跃层套四，地铁口，交通便利,https://cd.ke.com/ershoufang/20011717710100160413.html,美丽星,https://cd.ke.com/xiaoqu/1611041455286/,中楼层(共11层),2004年建,4室1厅,158平米,南,3,1月前发布
3926,户型方正采光好安静不临街,https://cd.ke.com/ershoufang/20011717710100159291.html,新棕北,https://cd.ke.com/xiaoqu/1611057921915/,中楼层(共19层),2004年建,1室1厅,38.17平米,东南,3,1月前发布
3927,户型方正标间安静不临街采光好,https://cd.ke.com/ershoufang/20011717710100158950.html,新棕北,https://cd.ke.com/xiaoqu/1611057921915/,中楼层(共19层),2004年建,1室1厅,31.16平米,东南,4,1月前发布
3928,武青嘉苑1室1厅东,https://cd.ke.com/ershoufang/20011717710100154667.html,武青嘉苑,https://cd.ke.com/xiaoqu/3011053820248/,高楼层(共5层),2005年建,1室1厅,50.86平米,东,4,1月前发布
3929,中华名园二期标准套二，对中庭安静，户型方正,https://cd.ke.com/ershoufang/20011717710100154346.html,中华名园二期,https://cd.ke.com/xiaoqu/1611058387863/,低楼层(共16层),2009年建,2室1厅,88.6平米,西南,5,1月前发布
3930,一环内标准套二，中楼层，采光好，安静不临街,https://cd.ke.com/ershoufang/20011717710100152980.html,伊顿社区,https://cd.ke.com/xiaoqu/1611041504971/,中楼层(共20层),2007年建,2室1厅,69.14平米,西,2,1月前发布
3931,首航欣程标间一号线倪家桥地铁川大保利棕南棕北,https://cd.ke.com/ershoufang/20011717710100150958.html,首航欣程,https://cd.ke.com/xiaoqu/1611048245025/,中楼层(共29层),2014年建,1室0厅,48.58平米,东南,0,1月前发布
3932,首信红星广场，户型方正，采光好，装修精美，出售诚心,https://cd.ke.com/ershoufang/20011717710100119338.html,首信红星国际广场,https://cd.ke.com/xiaoqu/1620028359630857/,中楼层(共11层)1室1厅,43.83平米,南,,,0,1月前发布
3933,红牌楼北街17号2室2厅南,https://cd.ke.com/ershoufang/20011717710100112576.html,红牌楼北街17号,https://cd.ke.com/xiaoqu/1611041869516/,高楼层(共7层),2000年建,2室2厅,85.79平米,南,0,1月前发布
3934,双楠格调1室0厅东南,https://cd.ke.com/ershoufang/20011717710100103125.html,双楠格调,https://cd.ke.com/xiaoqu/1611043114105/,中楼层(共13层),2007年建,1室0厅,34.17平米,东南,2,1月前发布
3935,上海花园(高新)2室2厅南,https://cd.ke.com/ershoufang/20011717710100100526.html,上海花园(高新),https://cd.ke.com/xiaoqu/1611043056243/,中楼层(共13层),2006年建,2室2厅,103.77平米,南,4,1月前发布
3936,高新南一环边成熟社区中间楼层标准套二,https://cd.ke.com/ershoufang/20011617710100422422.html,肖家河东一巷11号,https://cd.ke.com/xiaoqu/1611044689806/,中楼层(共7层),2000年建,2室1厅,69.67平米,东南,2,1月前发布
3937,通透套二格局分明生活配套成熟,https://cd.ke.com/ershoufang/20011617710100507576.html,龙华阳光,https://cd.ke.com/xiaoqu/1611042820881/,中楼层(共11层),2005年建,2室1厅,89.77平米,南,5,1月前发布
3938,保利花园三期3室2厅东北,https://cd.ke.com/ershoufang/20011617710100506869.html,保利花园三期,https://cd.ke.com/xiaoqu/1611047759142/,高楼层(共15层),2012年建,3室2厅,101.24平米,东北,1,1月前发布
3939,中海熙苑一期3室2厅南,https://cd.ke.com/ershoufang/20011617710100421166.html,中海熙苑一期,https://cd.ke.com/xiaoqu/1611701093937570/,高楼层(共18层)3室2厅,116.37平米,南,,,0,1月前发布
3940,铁佛新居三期1室1厅西南,https://cd.ke.com/ershoufang/20011617710100417695.html,铁佛新居三期,https://cd.ke.com/xiaoqu/3011052257416/,中楼层(共11层),2010年建,1室1厅,51.8平米,西南,2,1月前发布
3941,鹭岛国际四期精装中庭带花园套二,https://cd.ke.com/ershoufang/20011617710100501179.html,鹭岛国际四期,https://cd.ke.com/xiaoqu/1611043477314/,低楼层(共18层),2012年建,2室2厅,85.87平米,南,4,1月前发布
3942,月光诚品1室0厅东,https://cd.ke.com/ershoufang/20011617710100500993.html,月光诚品,https://cd.ke.com/xiaoqu/1611043081234/,地下室(共层)1室0厅,40.31平米,东,,,0,1月前发布
3943,一环内标准套二，户型方正，采光好,https://cd.ke.com/ershoufang/20011617710100305096.html,四维村8号,https://cd.ke.com/xiaoqu/168801686662557/,中楼层(共7层),2000年建,2室1厅,63.36平米,东东南,0,1月前发布
3944,诚品上院地下标准车位出售，诚心可议价,https://cd.ke.com/ershoufang/20011617710100304711.html,诚品上院,https://cd.ke.com/xiaoqu/3011053697593/,地下室(共层)1室0厅,29.89平米,东,,,0,1月前发布
3945,此车位在蓝光诺丁山车库，车位出售,https://cd.ke.com/ershoufang/20011617710100411784.html,蓝光诺丁山,https://cd.ke.com/xiaoqu/3011053790092/,地下室(共层),2011年建,1室0厅,24.08平米,东,0,1月前发布
3946,溢阳绿城，精装套三，坐南朝北，户型方正,https://cd.ke.com/ershoufang/20011617710100304213.html,溢阳绿城,https://cd.ke.com/xiaoqu/1611041507870/,高楼层(共6层),2002年建,3室1厅,89.14平米,北,8,1月前发布
3947,双楠，二环内跃层套三双卫住宅。,https://cd.ke.com/ershoufang/20011617710100409314.html,锦宏嘉华苑,https://cd.ke.com/xiaoqu/1611041513903/,低楼层(共12层)3室2厅,100.85平米,西北,,,27,1月前发布
3948,金林俊景2室1厅南,https://cd.ke.com/ershoufang/20011617710100207483.html,金林俊景,https://cd.ke.com/xiaoqu/1611041439378/,中楼层(共14层),2009年建,2室1厅,89.64平米,南,1,1月前发布
3949,标准套二，装修保养好，；采光好。,https://cd.ke.com/ershoufang/20011617710100117974.html,交大万通格外,https://cd.ke.com/xiaoqu/1611041550529/,高楼层(共18层),2011年建,2室1厅,62.87平米,西北,3,1月前发布
3950,红运花园馨苑3室1厅东南,https://cd.ke.com/ershoufang/20011617710100116152.html,红运花园馨苑,https://cd.ke.com/xiaoqu/1611058162958/,高楼层(共7层),1998年建,3室1厅,152平米,东南,2,1月前发布
3951,凯悦新城2室1厅南,https://cd.ke.com/ershoufang/20011617710100112767.html,凯悦新城,https://cd.ke.com/xiaoqu/1611041516998/,高楼层(共12层),2005年建,2室1厅,83.52平米,南,1,1月前发布
3952,美丽南庭板式结构1梯2户东西朝向急售,https://cd.ke.com/ershoufang/20011617710100112831.html,美丽南庭,https://cd.ke.com/xiaoqu/1611041752155/,低楼层(共11层),2009年建,4室2厅,162.47平米,东西,4,1月前发布
3953,一环边精装修居家套二视野采光好,https://cd.ke.com/ershoufang/20011617710100112099.html,香月楠岸,https://cd.ke.com/xiaoqu/1611041497223/,高楼层(共21层),2009年建,2室1厅,85.42平米,东,10,1月前发布
3954,中粮祥云二期3室1厅西北,https://cd.ke.com/ershoufang/20011617710100111056.html,中粮祥云二期,https://cd.ke.com/xiaoqu/3011056148267/,中楼层(共17层),2014年建,3室1厅,131.18平米,西北,1,1月前发布
3955,紫荆蜜城1室0厅南,https://cd.ke.com/ershoufang/20011617710100105484.html,紫荆蜜城,https://cd.ke.com/xiaoqu/1611043999127/,地下室(共层)1室0厅,36.46平米,南,,,0,1月前发布
3956,7号线龙爪堰地铁口旁带花园电梯标准套三双卫,https://cd.ke.com/ershoufang/20011617710100104161.html,会所花园,https://cd.ke.com/xiaoqu/1611041504254/,高楼层(共15层),2002年建,3室2厅,161.34平米,西南,13,1月前发布
3957,人民南路四段7号标准套二采光好,https://cd.ke.com/ershoufang/20011617710100103074.html,人民南路四段7号,https://cd.ke.com/xiaoqu/3011052078319/,中楼层(共7层),1990年建,2室1厅,74.34平米,南北,0,1月前发布
3958,一椽坊2室1厅东北,https://cd.ke.com/ershoufang/20011517710100148881.html,一椽坊,https://cd.ke.com/xiaoqu/1611041591410/,低楼层(共7层),2003年建,2室1厅,91.39平米,东北,0,1月前发布
3959,临江东路3号地税局单位房低楼层，装修保养好,https://cd.ke.com/ershoufang/20011517710100147546.html,临江东路3号,https://cd.ke.com/xiaoqu/1620022946638298/,低楼层(共11层)3室2厅,126平米,南,,,4,1月前发布
3960,一环边有装修有阳台带花园,https://cd.ke.com/ershoufang/20011517710100147436.html,玉林北路15号,https://cd.ke.com/xiaoqu/1611041929564/,高楼层(共6层),2001年建,1室1厅,40.26平米,西,12,1月前发布
3961,置信丽都花园城D区1室0厅南,https://cd.ke.com/ershoufang/20011517710100139423.html,置信丽都花园城D区,https://cd.ke.com/xiaoqu/3011056147653/,地下室(共层),2010年建,1室0厅,36.41平米,南,0,1月前发布
3962,标准套一，朝南，光线好，中间楼层带电梯,https://cd.ke.com/ershoufang/20011517710100137368.html,玉林品上,https://cd.ke.com/xiaoqu/1611041514572/,中楼层(共27层),2007年建,1室1厅,49.4平米,南,0,1月前发布
3963,中海龙湾半岛套三户型朝南采光好,https://cd.ke.com/ershoufang/20011517710100137123.html,中海龙湾半岛,https://cd.ke.com/xiaoqu/1611041535394/,高楼层(共18层),2009年建,3室2厅,108.65平米,南,6,1月前发布
3964,领秀别墅5室2厅东南,https://cd.ke.com/ershoufang/20011517710100136967.html,领秀别墅,https://cd.ke.com/xiaoqu/1611043067970/,低楼层(共3层)5室2厅,420平米,东南,,,1,1月前发布
3965,优客联邦二期1室1厅东南,https://cd.ke.com/ershoufang/20011517710100136223.html,优客联邦二期,https://cd.ke.com/xiaoqu/1611041584271/,高楼层(共17层),2012年建,1室1厅,52.89平米,东南,0,1月前发布
3966,和雅嘉御1室1厅南,https://cd.ke.com/ershoufang/20011517710100135060.html,和雅嘉御,https://cd.ke.com/xiaoqu/1620021681629461/,高楼层(共24层),2019年建,1室1厅,58平米,南,0,1月前发布
3967,傲仕门，中层采光好，精装套一，拎包入住,https://cd.ke.com/ershoufang/20011517710100133869.html,傲仕门,https://cd.ke.com/xiaoqu/1611041436118/,中楼层(共19层),2008年建,1室1厅,56.14平米,东南,4,1月前发布
3968,中海锦城两房客厅带阳台有装修户型方正,https://cd.ke.com/ershoufang/20011517710100132616.html,中海锦城一期,https://cd.ke.com/xiaoqu/3011056147802/,中楼层(共13层),2011年建,2室2厅,84.91平米,北,18,1月前发布
3969,玉林西街后巷4号低楼层配套齐生活便利,https://cd.ke.com/ershoufang/20011517710100130182.html,玉林西街后巷4号院,https://cd.ke.com/xiaoqu/1615078895421715/,低楼层(共6层),2000年建,2室1厅,72.63平米,南,44,1月前发布
3970,武海中华锦绣3室2厅南,https://cd.ke.com/ershoufang/20011517710100129712.html,武海中华锦绣,https://cd.ke.com/xiaoqu/3011053806870/,中楼层(共15层),2011年建,3室2厅,90平米,南,32,1月前发布
3971,大学路12号2室1厅东南,https://cd.ke.com/ershoufang/20011517710100128926.html,大学路12号,https://cd.ke.com/xiaoqu/1611043089366/,中楼层(共7层),1996年建,2室1厅,59.8平米,东南,15,1月前发布
3972,国际花园跃三层户型，双地铁，交通便利,https://cd.ke.com/ershoufang/20011517710100128178.html,国际花园,https://cd.ke.com/xiaoqu/1611041489466/,高楼层(共10层),2005年建,3室3厅,138.61平米,南,9,1月前发布
3973,丰德国际广场2室1厅东南,https://cd.ke.com/ershoufang/20011517710100125757.html,丰德国际广场,https://cd.ke.com/xiaoqu/1611041432664/,高楼层(共16层),2005年建,2室1厅,72平米,东南,4,1月前发布
3974,国际花园2室1厅东南,https://cd.ke.com/ershoufang/20011517710100118798.html,国际花园,https://cd.ke.com/xiaoqu/1611041489466/,低楼层(共15层),2005年建,2室1厅,86.48平米,东南,3,1月前发布
3975,独栋别墅，带200平花园。房子满五，无抵押。,https://cd.ke.com/ershoufang/20011517710100118097.html,皇家别墅,https://cd.ke.com/xiaoqu/1610477072823190/,低楼层(共2层),2000年建,6室2厅,239.6平米,东,12,1月前发布
3976,居家套二南一环安静不临街,https://cd.ke.com/ershoufang/20011517710100116681.html,天乐嘉苑,https://cd.ke.com/xiaoqu/1611041556997/,中楼层(共16层),2004年建,2室1厅,101.28平米,西,6,1月前发布
3977,标准套一，安静采光好。简单装修，业主诚心,https://cd.ke.com/ershoufang/20011517710100114958.html,国际花园,https://cd.ke.com/xiaoqu/1611041489466/,中楼层(共15层),2005年建,1室1厅,48.88平米,南,7,1月前发布
3978,房子满两年，没有增值税房子产权清晰，单独产权,https://cd.ke.com/ershoufang/20011517710100114287.html,美丽天城,https://cd.ke.com/xiaoqu/1611041575579/,中楼层(共16层),2008年建,2室2厅,83.47平米,南,4,1月前发布
3979,华都星公馆电梯大套三精装修,https://cd.ke.com/ershoufang/20011517710100110589.html,华都星公馆二期,https://cd.ke.com/xiaoqu/3011053727078/,低楼层(共12层),2004年建,3室1厅,136.77平米,东,8,1月前发布
3980,内双楠少有2梯8户电梯小户型有地下停车场,https://cd.ke.com/ershoufang/20011517710100108622.html,楠宝石,https://cd.ke.com/xiaoqu/1611043104512/,低楼层(共15层),2006年建,1室1厅,60.02平米,东,0,1月前发布
3981,朝东，对中庭，中间楼层，大套三,https://cd.ke.com/ershoufang/20011517710100104944.html,成都A区,https://cd.ke.com/xiaoqu/1611046551661/,中楼层(共21层),2011年建,3室1厅,151.73平米,东,1,1月前发布
3982,金茂礼都标准套二朝东安静不临街,https://cd.ke.com/ershoufang/20011417710100176149.html,金茂礼都,https://cd.ke.com/xiaoqu/1611041508809/,高楼层(共28层),2005年建,2室1厅,75.57平米,东,42,1月前发布
3983,武侯祠大街262号标准精装套二,https://cd.ke.com/ershoufang/20011417710100175534.html,武侯祠大街262号,https://cd.ke.com/xiaoqu/1611044805832/,中楼层(共6层),1993年建,2室1厅,83.98平米,西南,21,1月前发布
3984,置信丽都花园城D区2室1厅南,https://cd.ke.com/ershoufang/20011417710100170756.html,置信丽都花园城D区,https://cd.ke.com/xiaoqu/3011056147653/,高楼层(共13层),2009年建,2室1厅,97.61平米,南,2,1月前发布
3985,置信丽都花园城C区3室2厅东北,https://cd.ke.com/ershoufang/20011417710100170375.html,置信丽都花园城C区,https://cd.ke.com/xiaoqu/1611057999395/,中楼层(共13层),2006年建,3室2厅,138.93平米,东北,7,1月前发布
3986,新界一期2室1厅西南,https://cd.ke.com/ershoufang/20011417710100169942.html,新界一期,https://cd.ke.com/xiaoqu/1611043118358/,中楼层(共8层),2008年建,2室1厅,88.5平米,西南,1,1月前发布
3987,学府花园+大面积+单价低+视野好,https://cd.ke.com/ershoufang/20011417710100168097.html,学府花园,https://cd.ke.com/xiaoqu/1611041472226/,低楼层(共22层),2001年建,3室2厅,149.5平米,东南南,16,1月前发布
3988,锦江新园3梯11户，一层一卡。,https://cd.ke.com/ershoufang/20011417710100167311.html,锦江新园,https://cd.ke.com/xiaoqu/1611041560823/,中楼层(共22层),2002年建,1室1厅,78.15平米,东北,2,1月前发布
3989,一环边体院旁锦里旁不临街,https://cd.ke.com/ershoufang/20011417710100166434.html,菊乐路98号,https://cd.ke.com/xiaoqu/1611041584370/,高楼层(共6层),2000年建,2室1厅,58.22平米,南北,5,1月前发布
3990,中海锦城一期3室2厅南,https://cd.ke.com/ershoufang/20011417710100165748.html,中海锦城一期,https://cd.ke.com/xiaoqu/3011056147802/,中楼层(共13层),2011年建,3室2厅,96.64平米,南,5,1月前发布
3991,此房满两年，中间楼层朝南通透户型.,https://cd.ke.com/ershoufang/20011417710100165271.html,丽都花园丽府,https://cd.ke.com/xiaoqu/1611044722209/,中楼层(共15层),2011年建,3室2厅,125.77平米,西南,12,1月前发布
3992,配套齐全，户型方正，楼层好采光充足,https://cd.ke.com/ershoufang/20011417710100159646.html,武侯祠大街30号,https://cd.ke.com/xiaoqu/1614231520709442/,高楼层(共7层)3室2厅,94.74平米,东南,,,3,1月前发布
3993,康河郦景一期立体旋转车库面积大,https://cd.ke.com/ershoufang/20011417710100159385.html,康河郦景一期,https://cd.ke.com/xiaoqu/1611044004275/,低楼层(共4层)1室0厅,43.63平米,东,,,1,1月前发布
3994,总价低电梯房小区环境好带游泳池,https://cd.ke.com/ershoufang/20011417710100158797.html,王府花园,https://cd.ke.com/xiaoqu/1611041616011/,高楼层(共11层),2003年建,1室1厅,63.55平米,北,8,1月前发布
3995,康河郦景二期中庭朝南中间楼层大套三,https://cd.ke.com/ershoufang/20011417710100154062.html,康河郦景二期,https://cd.ke.com/xiaoqu/1611041517046/,中楼层(共18层),2006年建,3室2厅,151.44平米,东东南,10,1月前发布
3996,桐梓林欧城2室2厅南,https://cd.ke.com/ershoufang/20011417710100153462.html,桐梓林欧城,https://cd.ke.com/xiaoqu/1611043137543/,低楼层(共22层),2009年建,2室2厅,88.14平米,南,14,1月前发布
3997,高新紫荆套四双卫，顶楼带同等面积花园,https://cd.ke.com/ershoufang/20011417710100151250.html,紫荆苑,https://cd.ke.com/xiaoqu/1611043049343/,高楼层(共7层),2000年建,4室2厅,147.33平米,南,0,1月前发布
3998,业主急售！玉林东街套三户型居家装修,https://cd.ke.com/ershoufang/20011417710100150967.html,玉林东街44号,https://cd.ke.com/xiaoqu/1611455035355377/,高楼层(共6层),2001年建,3室1厅,71平米,南北,19,1月前发布
3999,铜锣湾小户型采光好高楼层,https://cd.ke.com/ershoufang/20011417710100145598.html,铜锣湾,https://cd.ke.com/xiaoqu/1611041489578/,高楼层(共12层),2002年建,1室0厅,33.95平米,东南,3,1月前发布
4000,棕东小区电梯低楼层有装修有家具家电,https://cd.ke.com/ershoufang/20011417710100144678.html,棕东小区,https://cd.ke.com/xiaoqu/3011052227653/,低楼层(共15层),2000年建,1室1厅,64.94平米,东,5,1月前发布
4001,一环边低楼层套二居家装修,https://cd.ke.com/ershoufang/20011417710100142376.html,菊乐路180号,https://cd.ke.com/xiaoqu/1611042617536/,低楼层(共7层),1999年建,2室1厅,70.21平米,南,39,1月前发布
4002,户型方正，客厅朝东，采光好。标准套一改套二,https://cd.ke.com/ershoufang/20011417710100140757.html,黄金时代(永丰路),https://cd.ke.com/xiaoqu/1611043868545/,中楼层(共11层),2004年建,2室1厅,56.33平米,东,7,1月前发布
4003,银都花园户型方正，动静分区，采光充足，顶楼带花园,https://cd.ke.com/ershoufang/20011417710100140366.html,银都花园怡苑一期,https://cd.ke.com/xiaoqu/1611041553204/,高楼层(共6层),2001年建,4室2厅,152.5平米,东南,11,1月前发布
4004,双楠伊藤旁清水大平层两个大阳台通透户型对中庭,https://cd.ke.com/ershoufang/20011417710100136575.html,双楠融域,https://cd.ke.com/xiaoqu/1611041472243/,中楼层(共6层),2008年建,3室2厅,125.64平米,南北,1,1月前发布
4005,次房是一个标准的套三，不临街直接入住。,https://cd.ke.com/ershoufang/20011417710100135069.html,蓝光金楠府,https://cd.ke.com/xiaoqu/3011055144421/,中楼层(共16层),2013年建,3室1厅,89.97平米,南,1,1月前发布
4006,花间集3室1厅西北,https://cd.ke.com/ershoufang/20011417710100134891.html,花间集,https://cd.ke.com/xiaoqu/1611041500168/,中楼层(共8层),2008年建,3室1厅,155.28平米,西北,7,1月前发布
4007,高升桥。红牌楼北街5号，套二出售,https://cd.ke.com/ershoufang/20011417710100133850.html,红牌楼北街5号,https://cd.ke.com/xiaoqu/1611041869215/,中楼层(共7层),2000年建,2室1厅,77.2平米,东北,2,1月前发布
4008,红楠港2室1厅东,https://cd.ke.com/ershoufang/20011417710100129994.html,红楠港,https://cd.ke.com/xiaoqu/1611043002253/,高楼层(共15层),2009年建,2室1厅,93.25平米,东,7,1月前发布
4009,标准套三，带入户，小区配套设施齐全,https://cd.ke.com/ershoufang/20011417710100128747.html,世豪嘉柏,https://cd.ke.com/xiaoqu/1611061265761/,低楼层(共20层),2014年建,3室2厅,109.92平米,南,58,1月前发布
4010,高升桥成都A区小套二诚心出售,https://cd.ke.com/ershoufang/20011417710100126845.html,成都A区,https://cd.ke.com/xiaoqu/1611046551661/,低楼层(共21层),2011年建,2室1厅,64.07平米,东南,9,1月前发布
4011,高新区一环边电梯套一、视野开阔采光好,https://cd.ke.com/ershoufang/20011417710100120818.html,君和源,https://cd.ke.com/xiaoqu/1611044228042/,中楼层(共22层),2012年建,1室1厅,50.32平米,东,7,1月前发布
4012,高楼层带屋顶花园，业主诚心卖，户型方正。,https://cd.ke.com/ershoufang/20011417710100118663.html,南河居(武侯),https://cd.ke.com/xiaoqu/3011052089709/,高楼层(共7层),2000年建,3室2厅,103.27平米,南,7,1月前发布
4013,电梯一梯两户南北通透户型方正,https://cd.ke.com/ershoufang/20011417710100117897.html,紫藤花园,https://cd.ke.com/xiaoqu/1611041517751/,高楼层(共7层),2002年建,3室2厅,134.19平米,南北,11,1月前发布
4014,标准套二带阳台，采光好，高层安静，小区环境好,https://cd.ke.com/ershoufang/20011417710100117344.html,致民东路19号,https://cd.ke.com/xiaoqu/3011053750256/,高楼层(共7层),2000年建,2室1厅,94.02平米,南,4,1月前发布
4015,武青嘉苑3室1厅东南,https://cd.ke.com/ershoufang/20011417710100112898.html,武青嘉苑,https://cd.ke.com/xiaoqu/3011053820248/,高楼层(共6层),2005年建,3室1厅,88.33平米,东南,21,1月前发布
4016,兴元丽园A区户型方正，采光好。,https://cd.ke.com/ershoufang/20011417710100110910.html,兴元丽园A区,https://cd.ke.com/xiaoqu/3011053820750/,中楼层(共11层),2005年建,2室1厅,72.56平米,东南,51,1月前发布
4017,千盛百货旁电梯套二户型方正拎包入住,https://cd.ke.com/ershoufang/20011417710100109739.html,颐和雅居,https://cd.ke.com/xiaoqu/1611041506337/,低楼层(共13层),2006年建,2室1厅,88.8平米,西南,22,1月前发布
4018,玉林小套三，安静不临街，采光好,https://cd.ke.com/ershoufang/20011417710100103466.html,玉林一巷16号,https://cd.ke.com/xiaoqu/1611043038569/,中楼层(共5层),1998年建,3室1厅,64.41平米,东南,3,1月前发布
4019,楼顶带花园，南北朝向，采光好，通透不临街,https://cd.ke.com/ershoufang/20011417710100103065.html,玉门石油管理局,https://cd.ke.com/xiaoqu/3011053921659/,高楼层(共6层),2000年建,3室1厅,99.6平米,南,3,1月前发布
4020,兴元丽园B区，户型方正，采光好。,https://cd.ke.com/ershoufang/20011417710100102227.html,兴元丽园B区,https://cd.ke.com/xiaoqu/3011053813640/,低楼层(共11层),2004年建,3室2厅,84平米,南,23,1月前发布
4021,晋平街2号楼梯小区红运花园旁,https://cd.ke.com/ershoufang/20011417710100102167.html,晋平街2号,https://cd.ke.com/xiaoqu/1611058165213/,中楼层(共7层)3室1厅,88.07平米,东南,,,3,1月前发布
4022,二环内川大旁沸城户型方正采光好精装修,https://cd.ke.com/ershoufang/20011317710100170079.html,SOHO沸城,https://cd.ke.com/xiaoqu/1611041434554/,高楼层(共12层),2006年建,1室1厅,53.3平米,西,15,1月前发布
4023,武青嘉苑3室2厅南北,https://cd.ke.com/ershoufang/20011317710100167542.html,武青嘉苑,https://cd.ke.com/xiaoqu/3011053820248/,高楼层(共6层),2005年建,3室2厅,100平米,南北,2,1月前发布
4024,新楼盘标准小套二户型方正楼层好采光不错,https://cd.ke.com/ershoufang/20011317710100164665.html,正成金楠尚府,https://cd.ke.com/xiaoqu/1613622385586068/,中楼层(共18层)2室1厅,59.36平米,南,,,21,1月前发布
4025,南虹雅园，一环路内，交通生活都很便利,https://cd.ke.com/ershoufang/20011317710100160366.html,南虹雅园,https://cd.ke.com/xiaoqu/167959199100414/,低楼层(共6层),2000年建,2室1厅,46.76平米,南,3,1月前发布
4026,保利花园四期套三双卫，户型方正，业主诚心出售。,https://cd.ke.com/ershoufang/20011317710100157158.html,保利花园四期,https://cd.ke.com/xiaoqu/3011052246928/,低楼层(共16层),2014年建,3室1厅,111.66平米,西南,3,1月前发布
4027,武侯区科华北路标准套四沃尔玛旁,https://cd.ke.com/ershoufang/20011317710100157344.html,亚太广场,https://cd.ke.com/xiaoqu/1611060681900/,高楼层(共21层),1999年建,4室2厅,189.27平米,东西,25,1月前发布
4028,房子满两年，没有增值税房子产权清晰，单独共有,https://cd.ke.com/ershoufang/20011317710100155794.html,美丽天城,https://cd.ke.com/xiaoqu/1611041575579/,低楼层(共16层),2008年建,2室1厅,81.87平米,东,56,1月前发布
4029,房东急卖价格可谈，车位位置较好出入小区比较方便。,https://cd.ke.com/ershoufang/20011317710100155640.html,中粮香颂丽都,https://cd.ke.com/xiaoqu/1611060926316/,地下室(共层)1室0厅,38平米,东,,,0,1月前发布
4030,华都星公馆大套三户型方正,https://cd.ke.com/ershoufang/20011317710100154639.html,华都星公馆一期,https://cd.ke.com/xiaoqu/3011053721661/,高楼层(共6层),2004年建,3室1厅,114平米,东南,0,1月前发布
4031,融城后街安静套二带入户平台布局合理利用率高,https://cd.ke.com/ershoufang/20011317710100154355.html,融城后街,https://cd.ke.com/xiaoqu/1611041581734/,低楼层(共17层),2009年建,2室1厅,79.9平米,北,12,1月前发布
4032,过渡70年标间，户型正，交通方便,https://cd.ke.com/ershoufang/20011317710100151829.html,自由360度普建苑,https://cd.ke.com/xiaoqu/1611043003118/,高楼层(共7层),2006年建,1室1厅,46.96平米,东南,0,1月前发布
4033,中海锦城地下车位，位置比较好。可以推荐,https://cd.ke.com/ershoufang/20011317710100149384.html,中海锦城一期,https://cd.ke.com/xiaoqu/3011056147802/,地下室(共1层)1室0厅,31.51平米,东南,,,0,1月前发布
4034,锦江花园城3梯6户。每天24小时都有门卫值班,https://cd.ke.com/ershoufang/20011317710100145232.html,锦江花园城,https://cd.ke.com/xiaoqu/1611043002499/,中楼层(共29层),2000年建,4室1厅,221.87平米,东北,18,1月前发布
4035,锦江花园城3梯6户。每天24小时都有门卫值班,https://cd.ke.com/ershoufang/20011317710100144966.html,锦江花园城,https://cd.ke.com/xiaoqu/1611043002499/,中楼层(共29层),2000年建,3室1厅,149.31平米,西南,11,1月前发布
4036,中粮大套二精装大落地窗采光好,https://cd.ke.com/ershoufang/20011317710100139482.html,中粮香颂丽都,https://cd.ke.com/xiaoqu/1611060926316/,高楼层(共19层),2015年建,2室1厅,85平米,东南,6,1月前发布
4037,时代丽都美语3室2厅西北,https://cd.ke.com/ershoufang/20011317710100137621.html,时代丽都美语,https://cd.ke.com/xiaoqu/1611041466827/,低楼层(共11层),2005年建,3室2厅,102.56平米,西北,4,1月前发布
4038,居家装修套二外带小花园随时可以看房,https://cd.ke.com/ershoufang/20011317710100136346.html,洗面桥巷19号,https://cd.ke.com/xiaoqu/3011053918966/,低楼层(共7层),1999年建,2室2厅,71.15平米,东南,164,1月前发布
4039,锦官新城.标准套三双卫生间.正朝南.,https://cd.ke.com/ershoufang/20011317710100132664.html,锦官新城西区,https://cd.ke.com/xiaoqu/1611041509737/,低楼层(共9层),2003年建,3室1厅,176.02平米,南,18,1月前发布
4040,肖家河东二巷2室1厅东,https://cd.ke.com/ershoufang/20011317710100125541.html,肖家河东二巷,https://cd.ke.com/xiaoqu/3011053382319/,低楼层(共6层),1998年建,2室1厅,84.06平米,东,1,1月前发布
4041,鹭岛国际一二期3室1厅南北,https://cd.ke.com/ershoufang/20011317710100122529.html,鹭岛国际一二期,https://cd.ke.com/xiaoqu/1611043475800/,高楼层(共11层),2006年建,3室1厅,141平米,南北,0,1月前发布
4042,喜丽佳园1室1厅南北,https://cd.ke.com/ershoufang/20011317710100121859.html,喜丽佳园,https://cd.ke.com/xiaoqu/1611041576072/,高楼层(共11层),2006年建,1室1厅,54.79平米,南北,0,1月前发布
4043,南一环衣冠庙地铁口精装套三安静不临街,https://cd.ke.com/ershoufang/20011317710100121667.html,南方福苑,https://cd.ke.com/xiaoqu/3011053917712/,低楼层(共15层),2002年建,3室2厅,129.89平米,东,6,1月前发布
4044,山南家园标准套二，户型方正，通风效果好。,https://cd.ke.com/ershoufang/20011317710100121261.html,山南家园,https://cd.ke.com/xiaoqu/3011053794038/,高楼层(共10层),2007年建,2室2厅,90.02平米,西,4,1月前发布
4045,鹭岛国际一二期1室0厅南,https://cd.ke.com/ershoufang/20011317710100119675.html,鹭岛国际一二期,https://cd.ke.com/xiaoqu/1611043475800/,地下室(共2层)1室0厅,44.52平米,南,,,0,1月前发布
4046,一环边2000年商品房顶楼三跃带花园,https://cd.ke.com/ershoufang/20011317710100118981.html,锦阳阁,https://cd.ke.com/xiaoqu/1611041515152/,高楼层(共7层),2001年建,5室2厅,183.72平米,东南,7,1月前发布
4047,武侯区科华北路旁标准套三配套齐全,https://cd.ke.com/ershoufang/20011317710100118191.html,棕南东街3号,https://cd.ke.com/xiaoqu/3011052080244/,高楼层(共7层),2001年建,3室1厅,88.5平米,东南,17,1月前发布
4048,地铁省体育馆标准电梯套二精装修中间楼层采光好,https://cd.ke.com/ershoufang/20011317710100117174.html,天竺丽苑,https://cd.ke.com/xiaoqu/1611041487989/,中楼层(共11层),2003年建,2室1厅,73.92平米,东南,6,1月前发布
4049,双丰路38号2室1厅东南,https://cd.ke.com/ershoufang/20011317710100108710.html,双丰路38号,https://cd.ke.com/xiaoqu/1611042827953/,中楼层(共6层),2000年建,2室1厅,69.92平米,东南,3,1月前发布
4050,龙爪小区东1号院2室1厅东,https://cd.ke.com/ershoufang/20011317710100107727.html,龙爪小区东1号院,https://cd.ke.com/xiaoqu/1611062342804/,高楼层(共7层),1999年建,2室1厅,73平米,东,2,1月前发布
4051,新里维多利亚公寓1室0厅南,https://cd.ke.com/ershoufang/20011317710100104821.html,新里维多利亚公寓,https://cd.ke.com/xiaoqu/1611043078432/,地下室(共1层)1室0厅,18.67平米,南,,,0,1月前发布
4052,电梯高楼层，标准1居，光线好，东南朝向。,https://cd.ke.com/ershoufang/20011317710100102150.html,新巢小区一期,https://cd.ke.com/xiaoqu/1611043047881/,高楼层(共10层),2005年建,1室1厅,42.12平米,西南,179,1月前发布
4053,标准套二简装出售户型方正采光好,https://cd.ke.com/ershoufang/20011317710100102030.html,花样年花好园,https://cd.ke.com/xiaoqu/1611041608619/,中楼层(共18层),2007年建,2室1厅,80.5平米,东南西北,3,1月前发布
4054,成都A区2室1厅东南,https://cd.ke.com/ershoufang/20011317710100101971.html,成都A区,https://cd.ke.com/xiaoqu/1611046551661/,中楼层(共18层),2011年建,2室1厅,83.68平米,东南,4,1月前发布
4055,标准套二，户型方正，安静，业主诚心出售,https://cd.ke.com/ershoufang/20011317710100101636.html,双楠一区,https://cd.ke.com/xiaoqu/1611044877992/,高楼层(共7层),1998年建,2室1厅,66.14平米,东南,2,1月前发布
4056,红牌楼，二环边，地铁口，中间楼层标准套一,https://cd.ke.com/ershoufang/20011317710100100427.html,竹园二期,https://cd.ke.com/xiaoqu/1611044934839/,中楼层(共6层),2004年建,1室1厅,49.27平米,东南,2,1月前发布
4057,幸福时光标间无增值税业主诚心出售,https://cd.ke.com/ershoufang/20011217710100189342.html,幸福时光,https://cd.ke.com/xiaoqu/1611041503861/,低楼层(共12层),2003年建,1室0厅,42.05平米,西北,0,2月前发布
4058,观南上域，套三，有装修，不临街。,https://cd.ke.com/ershoufang/20011217710100188743.html,观南上域,https://cd.ke.com/xiaoqu/1611041486845/,高楼层(共24层),2008年建,3室1厅,122.04平米,东西,4,2月前发布
4059,怡泰花园电梯套一有装修不临街,https://cd.ke.com/ershoufang/20011217710100188651.html,怡泰花园,https://cd.ke.com/xiaoqu/3011053822280/,中楼层(共16层),2014年建,1室1厅,45.92平米,东,42,2月前发布
4060,红牌楼10年商品房电梯小区九峰国际套一看房有钥匙,https://cd.ke.com/ershoufang/20011217710100186287.html,九峰国际,https://cd.ke.com/xiaoqu/1611041515644/,低楼层(共18层),2010年建,1室1厅,41平米,东南,8,2月前发布
4061,中华名园二期3室1厅东,https://cd.ke.com/ershoufang/20011217710100185278.html,中华名园二期,https://cd.ke.com/xiaoqu/1611058387863/,中楼层(共16层),2009年建,3室1厅,88.94平米,东,3,2月前发布
4062,高升桥，左邻右舍，标准套一，带阳台,https://cd.ke.com/ershoufang/20011217710100184315.html,左邻右舍,https://cd.ke.com/xiaoqu/1611041522515/,中楼层(共18层),2008年建,1室1厅,50.64平米,东南,18,2月前发布
4063,天竺园公寓标准套二安静不临街,https://cd.ke.com/ershoufang/20011217710100184219.html,天竺园公寓,https://cd.ke.com/xiaoqu/1611041557160/,高楼层(共6层),1998年建,2室1厅,72.41平米,南,2,2月前发布
4064,电梯跃层全中庭套三前后带花园房子,https://cd.ke.com/ershoufang/20011217710100183751.html,碧云天,https://cd.ke.com/xiaoqu/1611041444016/,低楼层(共5层),2001年建,3室2厅,182平米,东北,7,2月前发布
4065,标准套二，高楼层，采光视野一级棒！！！,https://cd.ke.com/ershoufang/20011217710100181926.html,中铁骑士公馆,https://cd.ke.com/xiaoqu/3011056149451/,高楼层(共18层),2013年建,2室1厅,70平米,东,19,2月前发布
4066,保利花园二期标准套三双卫带入户花园,https://cd.ke.com/ershoufang/20011217710100181286.html,保利花园二期,https://cd.ke.com/xiaoqu/3011056073467/,高楼层(共17层),2012年建,3室1厅,133.96平米,东南,7,2月前发布
4067,成通小区2室2厅东,https://cd.ke.com/ershoufang/20011217710100173857.html,成通小区,https://cd.ke.com/xiaoqu/168390170128126/,中楼层(共6层),2000年建,2室2厅,54.37平米,东,0,2月前发布
4068,叠拼别墅带车库安静不临街,https://cd.ke.com/ershoufang/20011217710100171838.html,交大庭院,https://cd.ke.com/xiaoqu/1611058157277/,低楼层(共7层),1999年建,5室3厅,230.8平米,东南,0,2月前发布
4069,绿地二期套二，房子装修带家具家电、采光好,https://cd.ke.com/ershoufang/20011217710100170296.html,绿地圣路易名邸二期,https://cd.ke.com/xiaoqu/3011056099924/,高楼层(共12层),2013年建,2室1厅,71.86平米,西,23,2月前发布
4070,会所花园3室1厅东北,https://cd.ke.com/ershoufang/20011217710100169529.html,会所花园,https://cd.ke.com/xiaoqu/1611041504254/,高楼层(共12层),2002年建,3室1厅,90.55平米,东北,6,2月前发布
4071,产权满2年，无增值税，房东自己精装修了一遍，视野好,https://cd.ke.com/ershoufang/20011217710100166273.html,蓝光金楠府,https://cd.ke.com/xiaoqu/3011055144421/,中楼层(共16层),2013年建,3室1厅,94.67平米,南,6,2月前发布
4072,双楠教师公寓2室2厅南,https://cd.ke.com/ershoufang/20011217710100164619.html,双楠教师公寓,https://cd.ke.com/xiaoqu/1611041551920/,高楼层(共7层),2000年建,2室2厅,105.31平米,南,4,2月前发布
4073,标准户型，看房方便，高楼层，视野好,https://cd.ke.com/ershoufang/20011217710100158790.html,维港,https://cd.ke.com/xiaoqu/1611045511840/,高楼层(共18层),2011年建,2室1厅,59.31平米,东北,14,2月前发布
4074,绿地二期＋标准套二+安静不临街+带家具家电,https://cd.ke.com/ershoufang/20011217710100159091.html,绿地圣路易名邸二期,https://cd.ke.com/xiaoqu/3011056099924/,低楼层(共12层),2013年建,2室1厅,89平米,东南,1,2月前发布
4075,汇景樱桃季，伊藤旁，配套成熟，套二诚心售,https://cd.ke.com/ershoufang/20011217710100157582.html,汇景樱桃季,https://cd.ke.com/xiaoqu/1611041503970/,中楼层(共9层),2005年建,2室1厅,83.2平米,东,1,2月前发布
4076,一环内地铁口府南河边精装大跃层,https://cd.ke.com/ershoufang/20011217710100156772.html,锦江花园城,https://cd.ke.com/xiaoqu/1611043002499/,高楼层(共29层),2000年建,3室2厅,243.63平米,北,13,2月前发布
4077,高新南核动力单位房负公摊中间楼层采光好,https://cd.ke.com/ershoufang/20011217710100156699.html,玉林北路2号,https://cd.ke.com/xiaoqu/1611043052785/,低楼层(共7层),2000年建,3室1厅,90.61平米,东,5,2月前发布
4078,红牌楼北街04年的小区，套二，朝东南,https://cd.ke.com/ershoufang/20011217710100155210.html,红牌楼北街29号,https://cd.ke.com/xiaoqu/1611042677812/,中楼层(共6层),2000年建,2室1厅,71.94平米,东南,1,2月前发布
4079,二期经典跃层户型一楼带花园,https://cd.ke.com/ershoufang/20011217710100154089.html,中央花园二期,https://cd.ke.com/xiaoqu/1611041477479/,低楼层(共7层),1998年建,4室3厅,159.3平米,南,9,2月前发布
4080,兴元丽园A区，标间,https://cd.ke.com/ershoufang/20011217710100152418.html,兴元丽园A区,https://cd.ke.com/xiaoqu/3011053820750/,中楼层(共11层),2004年建,1室0厅,53.3平米,东北,0,2月前发布
4081,泊景湾标准车位，位置好，停车方便。,https://cd.ke.com/ershoufang/20011217710100150481.html,泊景湾,https://cd.ke.com/xiaoqu/1611041486084/,地下室(共层),2008年建,1室0厅,27.99平米,东,0,2月前发布
4082,时代阳光套三出售安静对中庭房东诚心出售,https://cd.ke.com/ershoufang/20011217710100150024.html,时代阳光花园,https://cd.ke.com/xiaoqu/1611042029438/,低楼层(共7层),2003年建,3室2厅,85.77平米,北,1,2月前发布
4083,神仙树大院，精装拎包入住，高楼层视野开阔,https://cd.ke.com/ershoufang/20011217710100149238.html,神仙树大院三期,https://cd.ke.com/xiaoqu/1611041582121/,高楼层(共18层),2011年建,3室2厅,104.1平米,东南,3,2月前发布
4084,一环边电梯一居室电梯中间楼层标准一居室,https://cd.ke.com/ershoufang/20011217710100148013.html,新巢小区一期,https://cd.ke.com/xiaoqu/1611043047881/,中楼层(共10层),2005年建,1室2厅,42.12平米,东,14,2月前发布
4085,一楼带花园+精装修+对中庭不临街安静,https://cd.ke.com/ershoufang/20011217710100147548.html,绿地圣路易名邸二期,https://cd.ke.com/xiaoqu/3011056099924/,低楼层(共12层),2013年建,2室1厅,74.97平米,东,21,2月前发布
4086,对中庭采光好户型方正。,https://cd.ke.com/ershoufang/20011217710100145832.html,杰座,https://cd.ke.com/xiaoqu/1611041508203/,高楼层(共16层),2009年建,2室1厅,79.07平米,北南,0,2月前发布
4087,蓝光金双楠，带精装套三，户型方正，视野开阔。,https://cd.ke.com/ershoufang/20011217710100143069.html,蓝光金双楠二期,https://cd.ke.com/xiaoqu/1620031547538329/,高楼层(共27层)3室2厅,76.02平米,东南,,,17,2月前发布
4088,双凤桥地铁站下面锦花苑小套三，自住装修。,https://cd.ke.com/ershoufang/20011217710100137627.html,锦花苑(武侯),https://cd.ke.com/xiaoqu/1620021276748946/,高楼层(共13层),2003年建,3室1厅,88平米,南北,49,2月前发布
4089,高新南，二环内，近地铁，标准套二,https://cd.ke.com/ershoufang/20011217710100136864.html,高升桥东路19号,https://cd.ke.com/xiaoqu/1611041579646/,低楼层(共7层),1998年建,2室1厅,61.47平米,东,3,2月前发布
4090,南台路标间，采光好，视野好。。,https://cd.ke.com/ershoufang/20011217710100136361.html,南台路8号,https://cd.ke.com/xiaoqu/1617245401811244/,中楼层(共7层)1室0厅,33.43平米,南,,,4,2月前发布
4091,大套二户型，客厅带阳台，明厨明卫，房东诚心出售,https://cd.ke.com/ershoufang/20011217710100134266.html,驿鑫乡卿城,https://cd.ke.com/xiaoqu/3011053826913/,低楼层(共13层),2007年建,2室2厅,88.43平米,东,5,2月前发布
4092,华宇静苑带大平台花园，精装套三。,https://cd.ke.com/ershoufang/20011217710100130257.html,华宇静苑一期,https://cd.ke.com/xiaoqu/3011056103025/,低楼层(共11层),2014年建,3室1厅,73.98平米,西,28,2月前发布
4093,万科金色海蓉一期标准车位随时可看,https://cd.ke.com/ershoufang/20011217710100128179.html,万科金色海蓉一期,https://cd.ke.com/xiaoqu/1611057195891/,地下室(共层)1室0厅,26.89平米,东南,,,0,2月前发布
4094,标准套二不临街，户型方正保养好，无抵押无贷款,https://cd.ke.com/ershoufang/20011217710100127224.html,玉林横街24号,https://cd.ke.com/xiaoqu/1616639483980943/,高楼层(共6层),1995年建,2室1厅,62.53平米,南,13,2月前发布
4095,中华名园三期D区精装套二，户型方正,https://cd.ke.com/ershoufang/20011217710100125519.html,中华名园三期D区,https://cd.ke.com/xiaoqu/1611058392494/,低楼层(共16层),2012年建,2室1厅,89.03平米,东南,4,2月前发布
4096,2018年入住+两梯四户+视野开阔+采光好,https://cd.ke.com/ershoufang/20011217710100124190.html,丽都首府,https://cd.ke.com/xiaoqu/1611063229778/,中楼层(共18层),2016年建,3室1厅,95.43平米,东北,31,2月前发布
4097,标准双卫套三户型方正朝南一楼带花园,https://cd.ke.com/ershoufang/20011217710100121128.html,中央花园一期,https://cd.ke.com/xiaoqu/1611041478602/,低楼层(共7层),2000年建,3室2厅,109.3平米,南,15,2月前发布
4098,中铁西派城套四双卫，邻双地铁，配套齐全,https://cd.ke.com/ershoufang/20011217710100117566.html,西派城,https://cd.ke.com/xiaoqu/1613850559942542/,中楼层(共14层)4室2厅,135平米,东北,,,0,2月前发布
4099,630宿舍3室1厅东南,https://cd.ke.com/ershoufang/20011217710100113398.html,630宿舍,https://cd.ke.com/xiaoqu/1611043273370/,高楼层(共6层),1996年建,3室1厅,67.87平米,东南,3,2月前发布
4100,置信丽都花园城D区标准套三双卫带入户花园，安静。,https://cd.ke.com/ershoufang/20011217710100106668.html,置信丽都花园城D区,https://cd.ke.com/xiaoqu/3011056147653/,中楼层(共13层),2009年建,3室2厅,144.44平米,东南,15,2月前发布
4101,房子户型方正，高楼层视野开阔，有装修，小区近地铁,https://cd.ke.com/ershoufang/20011217710100100162.html,红城,https://cd.ke.com/xiaoqu/1611043133022/,中楼层(共18层),2011年建,2室1厅,69.95平米,西北,9,2月前发布
4102,顶跃带花园+精装修+视野开阔+空间大,https://cd.ke.com/ershoufang/20011117710100183075.html,绿地圣路易名邸二期,https://cd.ke.com/xiaoqu/3011056099924/,高楼层(共12层),2013年建,4室2厅,152.46平米,东南,8,2月前发布
4103,二环外侧3号线红牌楼地铁口标准套一,https://cd.ke.com/ershoufang/20011117710100182887.html,橙堡,https://cd.ke.com/xiaoqu/1611041464070/,中楼层(共16层),2008年建,1室1厅,52.41平米,西南,0,2月前发布
4104,双楠优质套三，通透户型，户型方正，三面采光,https://cd.ke.com/ershoufang/20011117710100182574.html,风华庭,https://cd.ke.com/xiaoqu/1611041578519/,中楼层(共11层),2004年建,3室1厅,92.66平米,西南东北,32,2月前发布
4105,顶楼跃层带花园，位置很安静，视野开阔，配套齐全,https://cd.ke.com/ershoufang/20011117710100179292.html,绿地圣路易名邸二期,https://cd.ke.com/xiaoqu/3011056099924/,高楼层(共12层),2013年建,4室2厅,155平米,东,3,2月前发布
4106,和信派都1室1厅东南,https://cd.ke.com/ershoufang/20011117710100178584.html,和信派都,https://cd.ke.com/xiaoqu/1611041491284/,中楼层(共32层),2010年建,1室1厅,62.07平米,东南,7,2月前发布
4107,房子楼层好，采光充足，交通便利，配套设施较好,https://cd.ke.com/ershoufang/20011117710100178011.html,优客联邦三期,https://cd.ke.com/xiaoqu/1611044060273/,高楼层(共18层),2012年建,3室2厅,90.19平米,东南,1,2月前发布
4108,精装套四，中间楼层，户型方正，采光好，,https://cd.ke.com/ershoufang/20011117710100176119.html,竹韵天府,https://cd.ke.com/xiaoqu/3011053825193/,中楼层(共6层),2006年建,4室2厅,149.54平米,东南,4,2月前发布
4109,新界三期3室2厅南,https://cd.ke.com/ershoufang/20011117710100174493.html,新界三期,https://cd.ke.com/xiaoqu/1611043117683/,中楼层(共8层),2011年建,3室2厅,145.06平米,南,4,2月前发布
4110,电梯套三带书房，户型方正，明厨明卫,https://cd.ke.com/ershoufang/20011117710100170037.html,金地花园,https://cd.ke.com/xiaoqu/1611041550620/,高楼层(共19层),2003年建,3室2厅,133.84平米,南,0,2月前发布
4111,鹭岛大套二出售，视野好，居家舒适温馨，随时看房,https://cd.ke.com/ershoufang/20011117710100169028.html,鹭岛国际一二期,https://cd.ke.com/xiaoqu/1611043475800/,高楼层(共14层),2006年建,2室1厅,104.6平米,东南,9,2月前发布
4112,新界三期3室2厅西南,https://cd.ke.com/ershoufang/20011117710100168016.html,新界三期,https://cd.ke.com/xiaoqu/1611043117683/,高楼层(共8层),2011年建,3室2厅,124.75平米,西南,17,2月前发布
4113,置信丽都花园城D区标准套四双卫带入户花园，安静。,https://cd.ke.com/ershoufang/20011117710100167980.html,置信丽都花园城D区,https://cd.ke.com/xiaoqu/3011056147653/,低楼层(共13层),2009年建,4室2厅,166.93平米,东南,11,2月前发布
4114,中华名园二期小车位出售,https://cd.ke.com/ershoufang/20011117710100155989.html,中华名园二期,https://cd.ke.com/xiaoqu/1611058387863/,地下室(共层),2009年建,1室0厅,25.87平米,东南,0,2月前发布
4115,泰基南棠标准套二户型客厅带大阳台,https://cd.ke.com/ershoufang/20011117710100149577.html,泰基南棠,https://cd.ke.com/xiaoqu/1611041482788/,中楼层(共16层),2011年建,2室2厅,91.45平米,东南西南,5,2月前发布
4116,精一区套二有装修客厅主卧对小区内中庭,https://cd.ke.com/ershoufang/20011117710100147020.html,中央花园精一区,https://cd.ke.com/xiaoqu/1611058138176/,高楼层(共7层),1998年建,2室1厅,68.8平米,东,10,2月前发布
4117,中央花园四期低楼层简单装修,https://cd.ke.com/ershoufang/20011117710100142182.html,中央花园四期,https://cd.ke.com/xiaoqu/1611058159086/,低楼层(共6层),1999年建,4室2厅,164.8平米,东南,4,2月前发布
4118,套三双卫低楼层有装修中庭不临街通风采光好,https://cd.ke.com/ershoufang/20011117710100140373.html,卫雅苑,https://cd.ke.com/xiaoqu/1611041528850/,低楼层(共7层),2000年建,3室1厅,97.7平米,东北,7,2月前发布
4119,巷上生活馆1室1厅南,https://cd.ke.com/ershoufang/20011117710100138264.html,巷上生活馆,https://cd.ke.com/xiaoqu/1611043046728/,高楼层(共15层),2008年建,1室1厅,54.02平米,南,5,2月前发布
4120,香月楠岸+两居室+户型方正+采光好,https://cd.ke.com/ershoufang/20011117710100129941.html,香月楠岸,https://cd.ke.com/xiaoqu/1611041497223/,高楼层(共21层),2009年建,2室1厅,85.46平米,南,30,2月前发布
4121,楠郡B区3室2厅西南,https://cd.ke.com/ershoufang/20011117710100128335.html,楠郡B区,https://cd.ke.com/xiaoqu/168775734669832/,中楼层(共9层),2011年建,3室2厅,92.78平米,西南,34,2月前发布
4122,双楠回归线标准套二带大平台，居家装修,https://cd.ke.com/ershoufang/20011117710100128257.html,双楠回归线,https://cd.ke.com/xiaoqu/1611041468465/,低楼层(共11层),2003年建,2室1厅,67.58平米,东南,0,2月前发布
4123,绿地大套一，装修保养好，户型方正，高楼层，采光好,https://cd.ke.com/ershoufang/20011117710100126983.html,海珀香庭,https://cd.ke.com/xiaoqu/1611041547681/,高楼层(共11层),2010年建,1室1厅,86平米,东南,8,2月前发布
4124,中海龙湾半岛朝南有装修套一,https://cd.ke.com/ershoufang/20011117710100125583.html,中海龙湾半岛,https://cd.ke.com/xiaoqu/1611041535394/,高楼层(共18层),2009年建,1室1厅,56.85平米,南,18,2月前发布
4125,中华名园清水套二可任意装修,https://cd.ke.com/ershoufang/20011117710100124656.html,中华名园三期D区,https://cd.ke.com/xiaoqu/1611058392494/,高楼层(共16层),2012年建,2室1厅,88.42平米,南西南东南,11,2月前发布
4126,省公安厅宿舍3室2厅南,https://cd.ke.com/ershoufang/20011117710100123166.html,省公安厅宿舍,https://cd.ke.com/xiaoqu/1611043074325/,中楼层(共7层),2000年建,3室2厅,126.45平米,南,0,2月前发布
4127,中粮祥云二期清水房，对中庭，位置安静。,https://cd.ke.com/ershoufang/20011117710100123030.html,中粮祥云二期,https://cd.ke.com/xiaoqu/3011056148267/,中楼层(共17层),2014年建,3室1厅,130.35平米,西南,10,2月前发布
4128,二环边，双楠伊藤旁，中间楼层，一梯两户，精装宽敞,https://cd.ke.com/ershoufang/20011117710100119231.html,龙爪小区2号院,https://cd.ke.com/xiaoqu/1611042043990/,中楼层(共7层),1999年建,2室2厅,83.07平米,南北,37,2月前发布
4129,万科金色海蓉二期A2户型，主卧还带衣帽间,https://cd.ke.com/ershoufang/20011117710100118692.html,万科金色海蓉二期,https://cd.ke.com/xiaoqu/1611057209722/,高楼层(共33层),2012年建,2室1厅,62.98平米,西南,30,2月前发布
4130,中海锦城二期2室1厅西,https://cd.ke.com/ershoufang/20011117710100115071.html,中海锦城二期,https://cd.ke.com/xiaoqu/1611062166607/,中楼层(共14层),2012年建,2室1厅,78平米,西,40,2月前发布
4131,永安苑(铁佛东路)1室1厅东,https://cd.ke.com/ershoufang/20011117710100112043.html,永安苑(铁佛东路),https://cd.ke.com/xiaoqu/3011056146279/,中楼层(共11层)1室1厅,49.5平米,东,,,17,2月前发布
4132,鹭岛中庭朝南顶跃五居室带私家花园有双车位,https://cd.ke.com/ershoufang/20011117710100111432.html,鹭岛国际一二期,https://cd.ke.com/xiaoqu/1611043475800/,高楼层(共11层),2006年建,5室2厅,249.42平米,南,6,2月前发布
4133,双楠电梯套一精装修有阳台采光充足,https://cd.ke.com/ershoufang/20011117710100110834.html,双楠尊邸,https://cd.ke.com/xiaoqu/1611041481079/,中楼层(共18层),2006年建,1室1厅,68平米,东南,1,2月前发布
4134,中粮祥云三期清水房对中庭中间楼层,https://cd.ke.com/ershoufang/20011117710100107231.html,中粮祥云三期,https://cd.ke.com/xiaoqu/1611100713061/,中楼层(共16层),2014年建,3室1厅,94.53平米,东南,4,2月前发布
4135,高楼层套三，户型方正，可以直接拎包入住。,https://cd.ke.com/ershoufang/20011117710100106622.html,蓓蕾东巷4号,https://cd.ke.com/xiaoqu/1611043038903/,高楼层(共6层),2000年建,3室1厅,82.17平米,东,11,2月前发布
4136,户型方正，采光好。居家装修，不临街,https://cd.ke.com/ershoufang/20011117710100104754.html,百花公寓,https://cd.ke.com/xiaoqu/1611041484416/,低楼层(共7层),2000年建,1室1厅,51.92平米,南,6,2月前发布
4137,华西坝省体育馆，套二有装修出租，,https://cd.ke.com/ershoufang/20011117710100101890.html,人民南路三段15号,https://cd.ke.com/xiaoqu/1620020421044944/,高楼层(共6层),1992年建,2室2厅,68.85平米,西,3,2月前发布
4138,标准套一，全中庭位置，安静不临街,https://cd.ke.com/ershoufang/20011017710100185263.html,园中园北苑,https://cd.ke.com/xiaoqu/3011053922682/,高楼层(共7层),2000年建,1室1厅,46.69平米,南,6,2月前发布
4139,武侯区明珠小区10号线锦站地铁口100米少有带花园,https://cd.ke.com/ershoufang/20011017710100183578.html,明珠小区,https://cd.ke.com/xiaoqu/1616459982713679/,高楼层(共5层)3室2厅,125平米,东,,,2,2月前发布
4140,房子户型方正，交通便利，配套完善。中庭不临街,https://cd.ke.com/ershoufang/20011017710100178936.html,优地B区,https://cd.ke.com/xiaoqu/1611041508881/,高楼层(共17层),2007年建,3室2厅,120.41平米,西北,31,2月前发布
4141,价格偏便宜价格偏便宜标准套二户型合理,https://cd.ke.com/ershoufang/20011017710100178648.html,交大花园南苑,https://cd.ke.com/xiaoqu/1611058127549/,高楼层(共7层),1997年建,2室1厅,75.5平米,东南,4,2月前发布
4142,万科金色海蓉二期精装套二,https://cd.ke.com/ershoufang/20011017710100178357.html,万科金色海蓉二期,https://cd.ke.com/xiaoqu/1611057209722/,低楼层(共33层),2012年建,2室1厅,62.98平米,西南,11,2月前发布
4143,名流花园联排别墅一楼顶楼带花园,https://cd.ke.com/ershoufang/20011017710100176226.html,名流花园,https://cd.ke.com/xiaoqu/3011053713278/,低楼层(共6层),1997年建,5室1厅,135平米,南,3,2月前发布
4144,龙湖旁套四双卫带花园户型，好房子，业主诚心,https://cd.ke.com/ershoufang/20011017710100175133.html,中央花园四期,https://cd.ke.com/xiaoqu/1611058159086/,高楼层(共6层),1999年建,4室2厅,172.8平米,东南,3,2月前发布
4145,侧临浣花溪公园标间，二环内不临街，小区车位足,https://cd.ke.com/ershoufang/20011017710100171118.html,纳米爱邸,https://cd.ke.com/xiaoqu/1611041804030/,高楼层(共17层),2005年建,1室0厅,42.1平米,东南,1,2月前发布
4146,此房户型方正，明厨明卫，有装修，家具家电齐。,https://cd.ke.com/ershoufang/20011017710100167628.html,绿地圣路易名邸一期,https://cd.ke.com/xiaoqu/3011056102188/,低楼层(共12层),2012年建,2室1厅,86.54平米,北,4,2月前发布
4147,楠汇房精装套三视野好采光好,https://cd.ke.com/ershoufang/20011017710100166554.html,楠汇坊,https://cd.ke.com/xiaoqu/1611063052827/,中楼层(共16层),2016年建,3室2厅,83.32平米,西南,31,2月前发布
4148,双地铁口简单装修，简装小套三。。,https://cd.ke.com/ershoufang/20011017710100164995.html,保利花园四期,https://cd.ke.com/xiaoqu/3011052246928/,低楼层(共17层),2014年建,3室2厅,88平米,北,0,2月前发布
4149,洗面桥东一街1号3室一厅户型方正明厨明卫安保好,https://cd.ke.com/ershoufang/20011017710100164785.html,洗面桥东一街1号,https://cd.ke.com/xiaoqu/1611042772613/,高楼层(共7层),1990年建,3室1厅,83.31平米,东,2,2月前发布
4150,双楠尚品广场装修三居室带车位245万位置安静,https://cd.ke.com/ershoufang/20011017710100162479.html,双楠尚品广场,https://cd.ke.com/xiaoqu/1611060374265/,中楼层(共16层),2014年建,3室1厅,107.06平米,东,8,2月前发布
4151,浣花溪畔电梯标准套三有装修,https://cd.ke.com/ershoufang/20011017710100158188.html,雅然居,https://cd.ke.com/xiaoqu/1611041526913/,低楼层(共15层),2003年建,3室2厅,138.08平米,北东,2,2月前发布
4152,锦翠北苑，居家套二，直接拎包入住，户型方正,https://cd.ke.com/ershoufang/20011017710100155682.html,锦翠北苑,https://cd.ke.com/xiaoqu/1611041526978/,中楼层(共6层),2003年建,2室1厅,72.58平米,西南,61,2月前发布
4153,神仙树大院五期1室1厅南,https://cd.ke.com/ershoufang/20011017710100153237.html,神仙树大院五期,https://cd.ke.com/xiaoqu/1611043480007/,低楼层(共18层),2011年建,1室1厅,60.02平米,南,1,2月前发布
4154,标准套二，明厨明卫，有小区环境，停车方便。,https://cd.ke.com/ershoufang/20011017710100150489.html,武侯祠大街89号,https://cd.ke.com/xiaoqu/3011055151538/,高楼层(共7层),1990年建,2室1厅,67.2平米,南,11,2月前发布
4155,中华名园二期，户型方正采光好。,https://cd.ke.com/ershoufang/20011017710100149118.html,中华名园二期,https://cd.ke.com/xiaoqu/1611058387863/,高楼层(共16层),2009年建,2室1厅,88.97平米,东南,15,2月前发布
4156,新上干警宿舍三居室+户型方正+看房预约,https://cd.ke.com/ershoufang/20011017710100141158.html,干警宿舍,https://cd.ke.com/xiaoqu/1611042042847/,中楼层(共7层),2000年建,3室1厅,91.88平米,东,7,2月前发布
4157,双地铁口，户型方正，采光好，满两年，无增值税。,https://cd.ke.com/ershoufang/20011017710100134651.html,正成城市乐章,https://cd.ke.com/xiaoqu/3011053747317/,低楼层(共20层),2014年建,3室2厅,88.6平米,南,3,2月前发布
4158,临河小区中庭套三双卫大阳台,https://cd.ke.com/ershoufang/20011017710100133574.html,泊景湾,https://cd.ke.com/xiaoqu/1611041486084/,低楼层(共18层),2008年建,3室2厅,116平米,北,1,2月前发布
4159,鹭岛国际四期1室1厅东,https://cd.ke.com/ershoufang/20011017710100131434.html,鹭岛国际四期,https://cd.ke.com/xiaoqu/1611043477314/,低楼层(共17层),2012年建,1室1厅,51.57平米,东,6,2月前发布
4160,融城后街1室1厅西,https://cd.ke.com/ershoufang/20011017710100130928.html,融城后街,https://cd.ke.com/xiaoqu/1611041581734/,高楼层(共17层),2009年建,1室1厅,52.01平米,西,13,2月前发布
4161,低楼层标准套一，业主诚心出售，随时可看房,https://cd.ke.com/ershoufang/20011017710100129652.html,名流花园,https://cd.ke.com/xiaoqu/3011053713278/,低楼层(共7层),1997年建,1室1厅,49.67平米,东南,3,2月前发布
4162,簇锦南街82号（解放小区）满五唯一的精装修优质房源,https://cd.ke.com/ershoufang/20011017710100126862.html,簇锦南街82号,https://cd.ke.com/xiaoqu/3011056083961/,中楼层(共6层),2000年建,2室1厅,61.49平米,西南,36,2月前发布
4163,套三双卫+简单装修+顶楼采光充足,https://cd.ke.com/ershoufang/20011017710100126489.html,拉萨安居苑,https://cd.ke.com/xiaoqu/1611041557703/,高楼层(共7层),2003年建,3室1厅,126.42平米,东南,1,2月前发布
4164,皇家别墅5室2厅南,https://cd.ke.com/ershoufang/20011017710100123347.html,皇家别墅,https://cd.ke.com/xiaoqu/1610477072823190/,低楼层(共2层),2000年建,5室2厅,239.6平米,南,12,2月前发布
4165,中海格林威治城1室0厅东南,https://cd.ke.com/ershoufang/20011017710100123183.html,中海格林威治城,https://cd.ke.com/xiaoqu/1611041475489/,地下室(共层),2006年建,1室0厅,40.87平米,东南,0,2月前发布
4166,中海大车位出售临2栋电梯口停车方便2个车位一起,https://cd.ke.com/ershoufang/20011017710100123011.html,中海格林威治城,https://cd.ke.com/xiaoqu/1611041475489/,地下室(共层),2006年建,1室0厅,40.87平米,东,0,2月前发布
4167,芳草街4号新2号1室1厅东,https://cd.ke.com/ershoufang/20011017710100121616.html,芳草街4号新2号,https://cd.ke.com/xiaoqu/1611044878187/,中楼层(共7层),1999年建,1室1厅,54.56平米,东,0,2月前发布
4168,桐梓林欧城1室1厅西,https://cd.ke.com/ershoufang/20011017710100121073.html,桐梓林欧城,https://cd.ke.com/xiaoqu/1611043137543/,中楼层(共20层),2009年建,1室1厅,54.28平米,西,1,2月前发布
4169,西2.5环，刚需小套二，楼层好,https://cd.ke.com/ershoufang/20011017710100117111.html,海天阁,https://cd.ke.com/xiaoqu/1611041490273/,中楼层(共6层),2003年建,2室1厅,76.8平米,东,1,2月前发布
4170,川大太平南新街6号标间出售水电气三通,https://cd.ke.com/ershoufang/20011017710100114796.html,太平南新街6号,https://cd.ke.com/xiaoqu/1611063483610/,中楼层(共10层),2006年建,1室0厅,27.37平米,南,13,2月前发布
4171,首航欣程2室2厅南,https://cd.ke.com/ershoufang/20011017710100114467.html,首航欣程,https://cd.ke.com/xiaoqu/1611048245025/,高楼层(共32层),2014年建,2室2厅,88平米,南,0,2月前发布
4172,磨子巷8号户型方正安静不临街大户型,https://cd.ke.com/ershoufang/20011017710100109010.html,磨子巷8号,https://cd.ke.com/xiaoqu/3011052623444/,低楼层(共7层),2000年建,3室1厅,144.42平米,南,6,2月前发布
4173,双楠伊藤旁电梯精装小户型人车分流诚心出售,https://cd.ke.com/ershoufang/20011017710100103655.html,汇景樱桃季,https://cd.ke.com/xiaoqu/1611041503970/,中楼层(共9层),2005年建,1室0厅,42.95平米,东,0,2月前发布
4174,中海熙苑一期标准优质套三双卫出售,https://cd.ke.com/ershoufang/20011017710100103193.html,中海熙苑一期,https://cd.ke.com/xiaoqu/1611701093937570/,中楼层(共17层),2017年建,3室2厅,115.82平米,南,5,2月前发布
4175,方正户型、方正通透、采光好,https://cd.ke.com/ershoufang/20011017710100103063.html,中央花园二期,https://cd.ke.com/xiaoqu/1611041477479/,中楼层(共7层),1998年建,3室2厅,91.3平米,东,4,2月前发布
4176,香月楠岸一环边体院旁精装修电梯套二,https://cd.ke.com/ershoufang/20011017710100101616.html,香月楠岸,https://cd.ke.com/xiaoqu/1611041497223/,低楼层(共21层),2009年建,2室1厅,88.13平米,西,18,2月前发布
4177,广厦新上套四有装修有家具家电,https://cd.ke.com/ershoufang/20011017710100101030.html,交大广厦小区,https://cd.ke.com/xiaoqu/3011055122146/,中楼层(共4层),2000年建,4室2厅,144.65平米,南,1,2月前发布
4178,鹭岛国际四期2室2厅北,https://cd.ke.com/ershoufang/20010917710100209396.html,鹭岛国际四期,https://cd.ke.com/xiaoqu/1611043477314/,高楼层(共17层),2012年建,2室2厅,86.3平米,北,8,2月前发布
4179,标准套二户型，户型方正，采光充足，视野无任何遮挡,https://cd.ke.com/ershoufang/20010917710100209151.html,优客联邦三期,https://cd.ke.com/xiaoqu/1611044060273/,高楼层(共18层),2012年建,2室2厅,82平米,东南,5,2月前发布
4180,内双楠标准套二南北朝向有装修有采光,https://cd.ke.com/ershoufang/20010917710100205779.html,百花新居,https://cd.ke.com/xiaoqu/1611041484696/,中楼层(共7层),2000年建,2室2厅,83.55平米,南,15,2月前发布
4181,外双楠伊藤旁13年新小区精装修,https://cd.ke.com/ershoufang/20010917710100204840.html,华府双楠,https://cd.ke.com/xiaoqu/1611046533179/,高楼层(共16层),2013年建,1室0厅,43.18平米,东南,0,2月前发布
4182,13年新小区二环伊藤旁中庭不临街精装修双阳台有,https://cd.ke.com/ershoufang/20010917710100198744.html,华府双楠,https://cd.ke.com/xiaoqu/1611046533179/,中楼层(共16层),2013年建,2室1厅,80.84平米,东北,2,2月前发布
4183,小区位于地铁口，电梯房，标准小套一,https://cd.ke.com/ershoufang/20010917710100180769.html,怡安花园,https://cd.ke.com/xiaoqu/1611044143991/,低楼层(共9层),2003年建,1室1厅,47.44平米,东,0,2月前发布
4184,胜利新村多层房楼层适中，小区有环境,https://cd.ke.com/ershoufang/20010917710100178954.html,胜利新村,https://cd.ke.com/xiaoqu/3011052501364/,低楼层(共6层),2000年建,1室1厅,38.8平米,东南,3,2月前发布
4185,武侯区桐梓林新加坡花园标准套二,https://cd.ke.com/ershoufang/20010917710100178261.html,新加坡花园,https://cd.ke.com/xiaoqu/1611041498682/,高楼层(共11层),2002年建,2室1厅,79平米,北,7,2月前发布
4186,科华巷9号户型方正采光好,https://cd.ke.com/ershoufang/20010917710100175135.html,科华巷9号,https://cd.ke.com/xiaoqu/1611042513605/,高楼层(共6层),2001年建,2室1厅,89.16平米,南,4,2月前发布
4187,华都星公馆一期5室2厅南,https://cd.ke.com/ershoufang/20010917710100172220.html,华都星公馆一期,https://cd.ke.com/xiaoqu/3011053721661/,高楼层(共6层),2004年建,5室2厅,178.48平米,南,1,2月前发布
4188,保利花园，精装修，采光好，视野开阔,https://cd.ke.com/ershoufang/20010917710100170959.html,保利花园二期,https://cd.ke.com/xiaoqu/3011056073467/,高楼层(共15层),2012年建,3室2厅,132.77平米,西南西,4,2月前发布
4189,海会花园2室1厅南,https://cd.ke.com/ershoufang/20010917710100165711.html,海会花园,https://cd.ke.com/xiaoqu/1611041489570/,高楼层(共7层),2001年建,2室1厅,88.6平米,南,0,2月前发布
4190,龙井桂苑套三，顶跃带花园，户型方正,https://cd.ke.com/ershoufang/20010917710100164064.html,龙井桂苑,https://cd.ke.com/xiaoqu/3011052250439/,高楼层(共6层)3室2厅,137平米,东东南,,,2,2月前发布
4191,高区中庭位置，小区景观尽收眼底，精装，有车位。,https://cd.ke.com/ershoufang/20010917710100161121.html,置信丽都花园C区,https://cd.ke.com/xiaoqu/1611043512197/,中楼层(共14层),2002年建,4室2厅,226平米,东北,6,2月前发布
4192,玉林街标准套二安静不临街,https://cd.ke.com/ershoufang/20010917710100159328.html,玉林街6号,https://cd.ke.com/xiaoqu/1611043037223/,高楼层(共6层)2室1厅,54.85平米,南,,,6,2月前发布
4193,华西旁精装大套一人车分流,https://cd.ke.com/ershoufang/20010917710100154818.html,城南世家,https://cd.ke.com/xiaoqu/1611041486564/,中楼层(共16层),2003年建,1室1厅,58.76平米,西南,8,2月前发布
4194,鹭岛国际四期1室0厅南,https://cd.ke.com/ershoufang/20010917710100151169.html,鹭岛国际四期,https://cd.ke.com/xiaoqu/1611043477314/,高楼层(共18层),2012年建,1室0厅,51平米,南,5,2月前发布
4195,中华名园三期C区标准套二三个阳台安静位置,https://cd.ke.com/ershoufang/20010917710100148856.html,中华名园三期C区,https://cd.ke.com/xiaoqu/1611058396152/,中楼层(共16层),2010年建,2室1厅,88.59平米,西,14,2月前发布
4196,鹭岛套三出售含车位，居家舒适温馨,https://cd.ke.com/ershoufang/20010917710100141918.html,鹭岛国际三期,https://cd.ke.com/xiaoqu/1611043476911/,高楼层(共17层),2010年建,3室1厅,147平米,东南,0,2月前发布
4197,华都星公馆大套三中间楼层有装修,https://cd.ke.com/ershoufang/20010917710100140646.html,华都星公馆二期,https://cd.ke.com/xiaoqu/3011053727078/,中楼层(共6层),2004年建,3室2厅,122.78平米,南,6,2月前发布
4198,中华名园二期，优质地下车库，出售,https://cd.ke.com/ershoufang/20010917710100139435.html,中华名园二期,https://cd.ke.com/xiaoqu/1611058387863/,地下室(共层),2009年建,1室0厅,38.8平米,东南,0,2月前发布
4199,中央花园三期3室2厅东,https://cd.ke.com/ershoufang/20010917710100136911.html,中央花园三期,https://cd.ke.com/xiaoqu/3011053724839/,高楼层(共6层),1998年建,3室2厅,116.8平米,东,1,2月前发布
4200,电梯大套二全明户型朝向东南视野巴适,https://cd.ke.com/ershoufang/20010917710100135966.html,南桥花苑,https://cd.ke.com/xiaoqu/1611041460242/,中楼层(共15层),2000年建,2室1厅,102.5平米,西,1,2月前发布
4201,套三双卫，带车位，随时可以看房，对中庭,https://cd.ke.com/ershoufang/20010917710100134993.html,龙湖金楠天街,https://cd.ke.com/xiaoqu/1611059976050/,中楼层(共24层),2015年建,3室1厅,110.33平米,东南,12,2月前发布
4202,一环边，体院旁，户型方正，采光好，标准套二。,https://cd.ke.com/ershoufang/20010917710100132881.html,香月楠岸,https://cd.ke.com/xiaoqu/1611041497223/,高楼层(共21层),2009年建,2室2厅,90.01平米,东,6,2月前发布
4203,金地贝福里花园3室1厅南,https://cd.ke.com/ershoufang/20010917710100132589.html,金地贝福里花园,https://cd.ke.com/xiaoqu/1611041818635/,高楼层(共12层),2003年建,3室1厅,146.41平米,南,7,2月前发布
4204,高升桥东路28号3室1厅东南,https://cd.ke.com/ershoufang/20010917710100129564.html,高升桥东路28号,https://cd.ke.com/xiaoqu/1611041486710/,高楼层(共7层),2000年建,3室1厅,147.2平米,东南,1,2月前发布
4205,保利花园居家套三，房东诚心出售,https://cd.ke.com/ershoufang/20010917710100118587.html,保利花园四期,https://cd.ke.com/xiaoqu/3011052246928/,低楼层(共16层),2014年建,3室2厅,88平米,东南,5,2月前发布
4206,武侯立交标准套一可改套二正读磨小,https://cd.ke.com/ershoufang/20010917710100117848.html,兴元丽园A区,https://cd.ke.com/xiaoqu/3011053820750/,高楼层(共11层),2004年建,1室1厅,53.3平米,东南,3,2月前发布
4207,二环边，新小区精装套二全中庭,https://cd.ke.com/ershoufang/20010917710100113146.html,华府双楠,https://cd.ke.com/xiaoqu/1611046533179/,高楼层(共16层),2013年建,2室1厅,80.1平米,东南,45,2月前发布
4208,中海锦城二期3室1厅西南西,https://cd.ke.com/ershoufang/20010917710100110252.html,中海锦城二期,https://cd.ke.com/xiaoqu/1611062166607/,低楼层(共15层),2012年建,3室1厅,97.95平米,西南西,2,2月前发布
4209,此房是三居室户型方正采光好一梯两户户型通透,https://cd.ke.com/ershoufang/20010917710100105356.html,蜀馨苑A区,https://cd.ke.com/xiaoqu/1611041542156/,低楼层(共7层),2000年建,3室2厅,97.8平米,南,13,2月前发布
4210,中粮香颂丽都，标准小套三出售，有装修,https://cd.ke.com/ershoufang/20010917710100104569.html,中粮香颂丽都,https://cd.ke.com/xiaoqu/1611060926316/,中楼层(共19层),2015年建,3室1厅,76.95平米,东南,11,2月前发布
4211,保利花园标准套二，户型方正，视野很好。,https://cd.ke.com/ershoufang/20010917710100101818.html,保利花园二期,https://cd.ke.com/xiaoqu/3011056073467/,中楼层(共15层),2012年建,2室1厅,77平米,东,14,2月前发布
4212,双楠LOFT住宅跃层套一精装修,https://cd.ke.com/ershoufang/20010817710100193468.html,锦宏宝润苑,https://cd.ke.com/xiaoqu/1611041512951/,低楼层(共12层),2001年建,1室1厅,45.34平米,西北,14,2月前发布
4213,西南三环丶武侯新城丶12年13层电梯小高层,https://cd.ke.com/ershoufang/20010817710100192846.html,天际首府,https://cd.ke.com/xiaoqu/3011053798922/,低楼层(共11层),2012年建,3室2厅,144.39平米,东南,4,2月前发布
4214,潮音小区，标准套二，中间楼层，户型方正，采光好,https://cd.ke.com/ershoufang/20010817710100190444.html,潮音小区,https://cd.ke.com/xiaoqu/1611062708730/,中楼层(共6层),2001年建,2室1厅,71平米,东,20,2月前发布
4215,布鲁汀3室2厅西南,https://cd.ke.com/ershoufang/20010817710100189657.html,布鲁汀,https://cd.ke.com/xiaoqu/1611061598191/,中楼层(共18层),2008年建,3室2厅,124.07平米,西南,13,2月前发布
4216,武侯区置信丽都花园城C区的一个车库,https://cd.ke.com/ershoufang/20010817710100185884.html,置信丽都花园城C区,https://cd.ke.com/xiaoqu/1611057999395/,地下室(共1层)厅室未知,24.97平米,南,,,1,2月前发布
4217,中华名园二期标准套二户型采光好,https://cd.ke.com/ershoufang/20010817710100184190.html,中华名园二期,https://cd.ke.com/xiaoqu/1611058387863/,高楼层(共16层),2009年建,2室1厅,89.43平米,东南,9,2月前发布
4218,顶跃带花园套三当套四用居家装修直接入住,https://cd.ke.com/ershoufang/20010817710100175730.html,翠堤春晓,https://cd.ke.com/xiaoqu/1611041524496/,高楼层(共7层),2002年建,3室1厅,107.5平米,南,17,2月前发布
4219,正对公园视野好全屋实木家具未入住可拎包入住,https://cd.ke.com/ershoufang/20010817710100174514.html,时代锦绣,https://cd.ke.com/xiaoqu/1611064009997/,低楼层(共14层),2016年建,3室2厅,89平米,西南,28,2月前发布
4220,中铁骑士公馆负一楼标准车位出售,https://cd.ke.com/ershoufang/20010817710100164444.html,中铁骑士公馆,https://cd.ke.com/xiaoqu/3011056149451/,地下室(共层)1室0厅,52.61平米,东,,,0,2月前发布
4221,户型方正带阳台电梯房低楼层,https://cd.ke.com/ershoufang/20010817710100159616.html,汇锦公寓,https://cd.ke.com/xiaoqu/1611043066067/,低楼层(共11层),2003年建,3室2厅,101平米,西北,8,2月前发布
4222,中华名园三期D区标准套二户型方正,https://cd.ke.com/ershoufang/20010817710100159486.html,中华名园三期D区,https://cd.ke.com/xiaoqu/1611058392494/,高楼层(共16层),2012年建,2室2厅,87.18平米,西北,2,2月前发布
4223,人车分流小区，户型方正标准套二装修保养好,https://cd.ke.com/ershoufang/20010817710100157169.html,泰庄花园,https://cd.ke.com/xiaoqu/1611041551476/,中楼层(共7层),2002年建,2室2厅,89平米,东,11,2月前发布
4224,标准套三双卫低楼层有私家花园,https://cd.ke.com/ershoufang/20010817710100154739.html,绿城花园,https://cd.ke.com/xiaoqu/1611041432440/,低楼层(共6层),2005年建,3室2厅,125.51平米,南,11,2月前发布
4225,负二楼标准车位，出行方便，产权清晰，无按揭抵押,https://cd.ke.com/ershoufang/20010817710100145925.html,保利中心,https://cd.ke.com/xiaoqu/1611057984138/,地下室(共层)1室0厅,52.19平米,南,,,0,2月前发布
4226,莱茵河畔4室2厅东南,https://cd.ke.com/ershoufang/20010817710100148151.html,莱茵河畔,https://cd.ke.com/xiaoqu/1611041562378/,低楼层(共32层),2004年建,4室2厅,181.95平米,东南,3,2月前发布
4227,精装修小面积电梯，总价低，近天街,https://cd.ke.com/ershoufang/20010817710100154851.html,金阳不夜都,https://cd.ke.com/xiaoqu/1611063488668/,中楼层(共19层),2017年建,1室1厅,25.4平米,西南,2,2月前发布
4228,人民南路四段领事馆保利精装四居室,https://cd.ke.com/ershoufang/20010817710100152484.html,保利中心,https://cd.ke.com/xiaoqu/1611057984138/,高楼层(共38层),2013年建,4室2厅,130.47平米,南北,17,2月前发布
4229,保利花园标准车位诚心出售变现随时看,https://cd.ke.com/ershoufang/20010817710100143117.html,保利花园一期,https://cd.ke.com/xiaoqu/3011056076924/,地下室(共1层)1室0厅,22.6平米,东,,,0,2月前发布
4230,四季花城经典套二户型居家装修,https://cd.ke.com/ershoufang/20010817710100143469.html,四季花城,https://cd.ke.com/xiaoqu/1611041482135/,高楼层(共21层),2003年建,2室1厅,84.31平米,东南,2,2月前发布
4231,二环内双楠置信谊苑中间楼层标间商品房户型方正,https://cd.ke.com/ershoufang/20010817710100143770.html,双楠谊苑一期,https://cd.ke.com/xiaoqu/1611043448749/,中楼层(共7层),1998年建,1室0厅,46.48平米,南,3,2月前发布
4232,长益寓所标间出售，户型方正，采光好,https://cd.ke.com/ershoufang/20010817710100141368.html,长益商业寓所,https://cd.ke.com/xiaoqu/1611043065020/,高楼层(共18层),2008年建,1室0厅,41.73平米,东南,2,2月前发布
4233,园中园南苑1室1厅南,https://cd.ke.com/ershoufang/20010817710100140674.html,园中园南苑,https://cd.ke.com/xiaoqu/3011053924473/,高楼层(共7层),2000年建,1室1厅,52.79平米,南,2,2月前发布
4234,车库售卖，业主诚心出售。车库离电梯近，,https://cd.ke.com/ershoufang/20010817710100139259.html,中铁骑士公馆,https://cd.ke.com/xiaoqu/3011056149451/,地下室(共层)1室0厅,23.61平米,东南,,,0,2月前发布
4235,二环内，屋顶花园，自住精装套三。,https://cd.ke.com/ershoufang/20010817710100134671.html,百草苑,https://cd.ke.com/xiaoqu/1611042004780/,高楼层(共7层),2002年建,3室2厅,142.03平米,南,7,2月前发布
4236,一环边地铁口正东朝向精装套二,https://cd.ke.com/ershoufang/20010817710100133028.html,成都A区,https://cd.ke.com/xiaoqu/1611046551661/,高楼层(共21层),2011年建,2室1厅,79.95平米,东,28,2月前发布
4237,武侯新城绿地圣路易名邸套一中间楼层,https://cd.ke.com/ershoufang/20010817710100132221.html,绿地圣路易名邸二期,https://cd.ke.com/xiaoqu/3011056099924/,中楼层(共12层),2013年建,1室1厅,55.9平米,西,2,2月前发布
4238,外双楠临河小区泊景湾套三双卫对中庭不临街看河景,https://cd.ke.com/ershoufang/20010817710100131871.html,泊景湾,https://cd.ke.com/xiaoqu/1611041486084/,中楼层(共18层),2008年建,3室2厅,116.05平米,西,4,2月前发布
4239,标准车位，负一楼位置，低于市场价格出售。,https://cd.ke.com/ershoufang/20010817710100127262.html,世豪嘉柏,https://cd.ke.com/xiaoqu/1611061265761/,地下室(共层),2014年建,1室0厅,32.61平米,北,0,2月前发布
4240,蓝光金双楠一期，满两年，标准套三，诚心出售,https://cd.ke.com/ershoufang/20010817710100124634.html,蓝光金双楠一期,https://cd.ke.com/xiaoqu/1620031574802512/,中楼层(共25层),2015年建,3室2厅,73平米,西南,14,2月前发布
4241,高新南区彩虹街1号标准套四低楼层精装修,https://cd.ke.com/ershoufang/20010817710100124457.html,彩虹街1号,https://cd.ke.com/xiaoqu/1611044420473/,低楼层(共6层),1999年建,4室2厅,103平米,南北,7,2月前发布
4242,商品房，一梯两户，一楼带花园，户型方正有装修,https://cd.ke.com/ershoufang/20010817710100116984.html,百花新居,https://cd.ke.com/xiaoqu/1611041484696/,低楼层(共7层),2000年建,2室2厅,84平米,南,47,2月前发布
4243,航空路曼哈顿自然派，户型方正采光好，直接拎包入住,https://cd.ke.com/ershoufang/20010817710100113348.html,曼哈顿自然派,https://cd.ke.com/xiaoqu/1611043070754/,高楼层(共20层),2005年建,1室0厅,47.78平米,南,0,2月前发布
4244,兰园套二户型方正采光好,https://cd.ke.com/ershoufang/20010817710100112972.html,兰园,https://cd.ke.com/xiaoqu/1611043143254/,高楼层(共7层)2室1厅,66.09平米,东南,,,1,2月前发布
4245,二环边河景房套三双卫朝向东南客厅带阳台,https://cd.ke.com/ershoufang/20010817710100110633.html,万科金色海蓉三期,https://cd.ke.com/xiaoqu/1611885359149704/,中楼层(共28层),2015年建,3室1厅,112.59平米,南,5,2月前发布
4246,保利花园标准套二，正朝南，户型方正,https://cd.ke.com/ershoufang/20010817710100110963.html,保利花园四期,https://cd.ke.com/xiaoqu/3011052246928/,中楼层(共16层),2014年建,2室2厅,77.26平米,南,23,2月前发布
4247,武新花园标准套一房东诚心出售,https://cd.ke.com/ershoufang/20010817710100107650.html,武新花园,https://cd.ke.com/xiaoqu/1620029939374928/,高楼层(共11层)1室1厅,48.33平米,西南西北,,,2,2月前发布
4248,居家实木装修，保养不错，可以直接拎包入住。,https://cd.ke.com/ershoufang/20010817710100107184.html,时代丽都美语,https://cd.ke.com/xiaoqu/1611041466827/,中楼层(共11层),2005年建,3室1厅,109.02平米,东南,19,2月前发布
4249,神仙树大院二期1室0厅南,https://cd.ke.com/ershoufang/20010817710100105527.html,神仙树大院二期,https://cd.ke.com/xiaoqu/1611043479725/,地下室(共层),2008年建,1室0厅,32.46平米,南,0,2月前发布
4250,此房标准套三双卫家居装修，不临街户型方正采光好,https://cd.ke.com/ershoufang/20010817710100103959.html,汇锦公寓,https://cd.ke.com/xiaoqu/1611043066067/,中楼层(共11层),2003年建,3室2厅,112.93平米,南,6,2月前发布
4251,三环内，10年电梯房，房子朝南，位置安静,https://cd.ke.com/ershoufang/20010817710100100862.html,红帆蓝调,https://cd.ke.com/xiaoqu/1611041492675/,高楼层(共16层),2010年建,2室1厅,88.53平米,东南,0,2月前发布
4252,此房满两年，无增值税，视野开阔，标准套一。,https://cd.ke.com/ershoufang/20010717710100191640.html,民乐园288号,https://cd.ke.com/xiaoqu/3011053918029/,中楼层(共11层),2008年建,1室1厅,44.2平米,东南,4,2月前发布
4253,套三双卫户型方正通透采光好位置安静装修保养好,https://cd.ke.com/ershoufang/20010717710100189529.html,置信丽都花园城C区,https://cd.ke.com/xiaoqu/1611057999395/,高楼层(共13层),2006年建,3室2厅,128.9平米,西南,26,2月前发布
4254,白兰地大套一居家装修业主诚心出售,https://cd.ke.com/ershoufang/20010717710100189279.html,白兰地,https://cd.ke.com/xiaoqu/1611041574704/,高楼层(共19层),2008年建,1室1厅,69.8平米,西,26,2月前发布
4255,一环边低楼层精装修采光好,https://cd.ke.com/ershoufang/20010717710100185391.html,燃灯寺北街42号,https://cd.ke.com/xiaoqu/1611043044117/,低楼层(共7层),2000年建,2室1厅,83.49平米,东南,2,2月前发布
4256,双楠花园精装修平层套二中间楼层,https://cd.ke.com/ershoufang/20010717710100184524.html,双楠花园,https://cd.ke.com/xiaoqu/1611041468149/,中楼层(共7层),2002年建,2室2厅,86.33平米,西北,3,2月前发布
4257,一环内标准套一，户型方正，采光通风好,https://cd.ke.com/ershoufang/20010717710100184616.html,南虹雅园,https://cd.ke.com/xiaoqu/167959199100414/,低楼层(共6层),2000年建,1室1厅,46.45平米,南北,0,2月前发布
4258,九眼桥川大旁中海格林威治城标准套四看河景,https://cd.ke.com/ershoufang/20010717710100183344.html,中海格林威治城,https://cd.ke.com/xiaoqu/1611041475489/,中楼层(共31层),2006年建,4室2厅,164.81平米,东南,46,2月前发布
4259,云影苑新上套四户型方正,https://cd.ke.com/ershoufang/20010717710100182114.html,云影苑,https://cd.ke.com/xiaoqu/1611041532502/,中楼层(共11层),2005年建,4室3厅,168.76平米,南,8,2月前发布
4260,通祠路6号院，安静不临街，标准小套二，采光好。,https://cd.ke.com/ershoufang/20010717710100181266.html,通祠路6号院,https://cd.ke.com/xiaoqu/3011053912259/,高楼层(共7层),1988年建,2室1厅,57.66平米,东南,1,2月前发布
4261,二环内近地铁精致居家装修大套二户型方正,https://cd.ke.com/ershoufang/20010717710100177349.html,红牌楼北街12号,https://cd.ke.com/xiaoqu/1620034997686420/,高楼层(共7层)2室1厅,66.8平米,南,,,61,2月前发布
4262,楼层居中，满两年无增值税，户型方正，视野开阔,https://cd.ke.com/ershoufang/20010717710100175846.html,格林楠,https://cd.ke.com/xiaoqu/3011053914040/,中楼层(共14层),2012年建,3室2厅,93.41平米,南,1,2月前发布
4263,此房套三单卫，楼层好采光充足，别墅小区环境优美。,https://cd.ke.com/ershoufang/20010717710100174915.html,交大庭院,https://cd.ke.com/xiaoqu/1611058157277/,低楼层(共7层),1999年建,3室2厅,105.8平米,东南,0,2月前发布
4264,金地贝福里花园3室2厅北,https://cd.ke.com/ershoufang/20010717710100170798.html,金地贝福里花园,https://cd.ke.com/xiaoqu/1611041818635/,中楼层(共12层),2003年建,3室2厅,146.41平米,北,4,2月前发布
4265,大车位，好找又方便，配套好，交通方便。,https://cd.ke.com/ershoufang/20010717710100168334.html,西郡香林,https://cd.ke.com/xiaoqu/3011053920651/,地下室(共层),2006年建,1室0厅,32.81平米,南,1,2月前发布
4266,神仙树大院中庭套三，户型方正，位置安静，精装修,https://cd.ke.com/ershoufang/20010717710100168288.html,神仙树大院二期,https://cd.ke.com/xiaoqu/1611043479725/,低楼层(共17层),2008年建,3室2厅,138.43平米,南,2,2月前发布
4267,户型通透、采光充足、视野开阔、精装修、交通便利。,https://cd.ke.com/ershoufang/20010717710100164651.html,神仙树大院三期,https://cd.ke.com/xiaoqu/1611041582121/,中楼层(共18层),2011年建,4室2厅,172.5平米,南,11,2月前发布
4268,上道西城客厅带阳台卧室带飘窗有装修,https://cd.ke.com/ershoufang/20010717710100157776.html,上道西城,https://cd.ke.com/xiaoqu/1611057885306/,高楼层(共11层),2008年建,3室2厅,96.7平米,东,33,2月前发布
4269,科华中路旁，标准套一，总价低，简单装修,https://cd.ke.com/ershoufang/20010717710100156330.html,科华之星,https://cd.ke.com/xiaoqu/1611041518323/,中楼层(共18层),2002年建,1室1厅,57.09平米,北,4,2月前发布
4270,保利花园五期套三户型朝南视野好带装修,https://cd.ke.com/ershoufang/20010717710100154511.html,保利花园五期悦榕郡,https://cd.ke.com/xiaoqu/1611062665324/,中楼层(共17层),2017年建,3室2厅,119.03平米,南,11,2月前发布
4271,底楼有架空精装明厨明卫小区环境好神仙树紫荆桐梓林,https://cd.ke.com/ershoufang/20010717710100154154.html,四季家园,https://cd.ke.com/xiaoqu/1611041615109/,低楼层(共7层),2000年建,2室1厅,92.97平米,东南,6,2月前发布
4272,保利花园二期，标准套三双卫，户型方正，房东诚心,https://cd.ke.com/ershoufang/20010717710100150620.html,保利花园二期,https://cd.ke.com/xiaoqu/3011056073467/,高楼层(共15层),2012年建,3室2厅,132平米,西南西,46,2月前发布
4273,内双楠置信楼盘较安静方正套二看房有钥匙,https://cd.ke.com/ershoufang/20010717710100150056.html,园丁园,https://cd.ke.com/xiaoqu/1611042763936/,高楼层(共7层),2001年建,2室1厅,75.94平米,西,3,2月前发布
4274,武侯置信丽都花园城，套三，带阳台,https://cd.ke.com/ershoufang/20010717710100148887.html,置信巴厘岛D区,https://cd.ke.com/xiaoqu/167671137709211/,中楼层(共17层),2008年建,3室2厅,88.59平米,东,15,2月前发布
4275,丽景华庭二期3室1厅东南,https://cd.ke.com/ershoufang/20010717710100145455.html,丽景华庭二期,https://cd.ke.com/xiaoqu/1611041621243/,中楼层(共16层),2006年建,3室1厅,129.66平米,东南,5,2月前发布
4276,一楼带花园，套四双卫，户型方正,https://cd.ke.com/ershoufang/20010717710100144768.html,新能巷1号,https://cd.ke.com/xiaoqu/1611042029014/,低楼层(共7层),1995年建,4室2厅,132.65平米,西,15,2月前发布
4277,小区新，环境好，清水，安静不临街，,https://cd.ke.com/ershoufang/20010717710100142738.html,月光诚品,https://cd.ke.com/xiaoqu/1611043081234/,高楼层(共12层),2011年建,4室1厅,122.03平米,东南,2,2月前发布
4278,翔宇苑二期3室1厅南,https://cd.ke.com/ershoufang/20010717710100138934.html,翔宇苑二期,https://cd.ke.com/xiaoqu/1611044110335/,中楼层(共7层),2000年建,3室1厅,125平米,南,10,2月前发布
4279,标准套二，朝南，带阳台，简单装修,https://cd.ke.com/ershoufang/20010717710100135930.html,桐梓林欧城,https://cd.ke.com/xiaoqu/1611043137543/,高楼层(共22层),2009年建,2室2厅,86.4平米,南,10,2月前发布
4280,花间集标准大车位随时可签,https://cd.ke.com/ershoufang/20010717710100135733.html,花间集,https://cd.ke.com/xiaoqu/1611041500168/,地下室(共层),2008年建,1室0厅,31.32平米,东,0,2月前发布
4281,华宇楠苑顶跃套三采光视野好，装修保养得很好,https://cd.ke.com/ershoufang/20010717710100134954.html,华宇楠苑,https://cd.ke.com/xiaoqu/1611043134166/,高楼层(共11层),2012年建,3室2厅,107.85平米,东南,37,2月前发布
4282,置信花间集临地铁朝南高楼层,https://cd.ke.com/ershoufang/20010717710100134315.html,花间集,https://cd.ke.com/xiaoqu/1611041500168/,高楼层(共18层),2008年建,3室2厅,116.38平米,南,5,2月前发布
4283,珑熙郡精致居家装修保养很好拎包即住,https://cd.ke.com/ershoufang/20010717710100133165.html,珑熙郡,https://cd.ke.com/xiaoqu/1611064002823/,低楼层(共18层),2017年建,3室1厅,86.62平米,西北,15,2月前发布
4284,花园洋房装修保养好带前后花园领略春华秋实诚售,https://cd.ke.com/ershoufang/20010717710100130543.html,置信丽都花园B区,https://cd.ke.com/xiaoqu/1611043512046/,低楼层(共7层),2004年建,4室2厅,175.31平米,东南,21,2月前发布
4285,高新区肖家河成熟老社区，中间楼层套二,https://cd.ke.com/ershoufang/20010717710100129832.html,盛祥苑,https://cd.ke.com/xiaoqu/1612157189107881/,中楼层(共6层)2室1厅,63.14平米,西南,,,3,2月前发布
4286,维多利亚套三出售朝南不临街安静不吵,https://cd.ke.com/ershoufang/20010717710100128542.html,新里维多利亚公寓,https://cd.ke.com/xiaoqu/1611043078432/,低楼层(共13层),2005年建,3室1厅,108.75平米,南,9,2月前发布
4287,交大花园武侯小区3室1厅东南,https://cd.ke.com/ershoufang/20010717710100120483.html,交大花园武侯小区,https://cd.ke.com/xiaoqu/1611041525718/,高楼层(共7层),2000年建,3室1厅,138平米,东南,19,2月前发布
4288,高楼层，标准套二，带阳台采光充分小区可停车,https://cd.ke.com/ershoufang/20010717710100119666.html,红牌楼北街23号院,https://cd.ke.com/xiaoqu/1611041841997/,高楼层(共7层),2000年建,2室1厅,55.11平米,南,2,2月前发布
4289,16年近地铁办公室带电梯2.5环内侧,https://cd.ke.com/ershoufang/20010717710100117764.html,双楠港汇广场,https://cd.ke.com/xiaoqu/1611100719752/,中楼层(共5层),2015年建,1室1厅,63.33平米,东南,9,2月前发布
4290,置信巴厘岛A区1室0厅东,https://cd.ke.com/ershoufang/20010717710100114641.html,置信巴厘岛A区,https://cd.ke.com/xiaoqu/3011056147259/,地下室(共层)1室0厅,38.05平米,东,,,0,2月前发布
4291,2.5环7号线龙爪堰站旁电梯精装套三,https://cd.ke.com/ershoufang/20010717710100111814.html,互盛佳苑,https://cd.ke.com/xiaoqu/3011053914927/,中楼层(共17层),2008年建,3室2厅,95.22平米,南,10,2月前发布
4292,三环边标准套一前后中庭不临街总价48万,https://cd.ke.com/ershoufang/20010717710100109392.html,潮音小区,https://cd.ke.com/xiaoqu/1611062708730/,高楼层(共6层),2001年建,1室1厅,39.42平米,东,2,2月前发布
4293,山南家园标准套二，户型方正，拎包入住,https://cd.ke.com/ershoufang/20010717710100105941.html,山南家园,https://cd.ke.com/xiaoqu/3011053794038/,高楼层(共10层),2007年建,2室2厅,90.02平米,西南,1,2月前发布
4294,红帆蓝调1室0厅东南,https://cd.ke.com/ershoufang/20010717710100103850.html,红帆蓝调,https://cd.ke.com/xiaoqu/1611041492675/,中楼层(共16层),2010年建,1室0厅,34平米,东南,0,2月前发布
4295,全中庭套三带书房有车位可出售看房方便,https://cd.ke.com/ershoufang/20010717710100102852.html,保利花园一期,https://cd.ke.com/xiaoqu/3011056076924/,中楼层(共11层),2011年建,3室2厅,136.85平米,西北,13,2月前发布
4296,郭家桥西街7号标准套二，简装。,https://cd.ke.com/ershoufang/20010717710100101799.html,郭家桥西街7号,https://cd.ke.com/xiaoqu/3011052207212/,高楼层(共7层),1993年建,2室1厅,64平米,东东南,4,2月前发布
4297,兴元丽园标准套二户型方正电梯房,https://cd.ke.com/ershoufang/20010617710100168340.html,兴元丽园A区,https://cd.ke.com/xiaoqu/3011053820750/,中楼层(共11层),2005年建,2室1厅,65.89平米,西南,28,2月前发布
4298,一环内标准套二，采光好，安静不临街,https://cd.ke.com/ershoufang/20010617710100158113.html,胜利新村,https://cd.ke.com/xiaoqu/3011052501364/,中楼层(共7层),2000年建,2室2厅,91.7平米,南,0,2月前发布
4299,此车位位置好出入方便停车很好停,https://cd.ke.com/ershoufang/20010617710100154469.html,置信丽都花园城B区,https://cd.ke.com/xiaoqu/1611057979869/,地下室(共1层)1室0厅,31.65平米,东,,,0,2月前发布
4300,二环边标准电梯大套二。居家装修。,https://cd.ke.com/ershoufang/20010617710100154057.html,双楠所有阳光,https://cd.ke.com/xiaoqu/1611041472846/,低楼层(共11层),2003年建,2室2厅,90.04平米,南,26,2月前发布
4301,地铁口楼顶带花园户型方正采光好配套好,https://cd.ke.com/ershoufang/20010617710100153069.html,交大花园武侯小区,https://cd.ke.com/xiaoqu/1611041525718/,高楼层(共7层),2000年建,3室2厅,81.3平米,东南,5,2月前发布
4302,广福桥街8号。附8。标准大套三,https://cd.ke.com/ershoufang/20010617710100152716.html,广福桥街8号,https://cd.ke.com/xiaoqu/3011053706473/,低楼层(共7层),1990年建,3室2厅,141.8平米,东南,1,2月前发布
4303,楠汇坊3室2厅南,https://cd.ke.com/ershoufang/20010617710100151566.html,楠汇坊,https://cd.ke.com/xiaoqu/1611063052827/,低楼层(共16层),2016年建,3室2厅,85.61平米,南,6,2月前发布
4304,区政府单位房，位置好交通便利，生活方便。,https://cd.ke.com/ershoufang/20010617710100149857.html,高升桥南街3号,https://cd.ke.com/xiaoqu/1611042670260/,高楼层(共7层),2000年建,2室1厅,80.9平米,东,0,2月前发布
4305,标准套三双卫临河视野开阔采光好居家装修,https://cd.ke.com/ershoufang/20010617710100149496.html,翠堤春晓,https://cd.ke.com/xiaoqu/1611041524496/,高楼层(共6层),2002年建,3室1厅,100.94平米,东,15,2月前发布
4306,西派城5室2厅东南,https://cd.ke.com/ershoufang/20010617710100147678.html,西派城,https://cd.ke.com/xiaoqu/1613850559942542/,高楼层(共8层)5室2厅,191.32平米,东南,,,12,2月前发布
4307,竺桂苑3室1厅东南,https://cd.ke.com/ershoufang/20010617710100147045.html,竺桂苑,https://cd.ke.com/xiaoqu/1611042764711/,低楼层(共7层),2000年建,3室1厅,82.2平米,东南,4,2月前发布
4308,标准小套三，对小区中庭，东南朝向,https://cd.ke.com/ershoufang/20010617710100140824.html,首航欣程,https://cd.ke.com/xiaoqu/1611048245025/,高楼层(共28层),2014年建,3室1厅,87.52平米,东北,21,2月前发布
4309,标准小套三，对小区中庭，东南朝向,https://cd.ke.com/ershoufang/20010617710100140642.html,首航欣程,https://cd.ke.com/xiaoqu/1611048245025/,高楼层(共28层),2014年建,3室1厅,87.52平米,东北,29,2月前发布
4310,标准车位，位置优越，方便出行！,https://cd.ke.com/ershoufang/20010617710100136416.html,神仙树大院三期,https://cd.ke.com/xiaoqu/1611041582121/,地下室(共层)1室0厅,42.75平米,西南,,,0,2月前发布
4311,此房满2年，开发商自带地暖带入户花园户型通透,https://cd.ke.com/ershoufang/20010617710100127069.html,首座,https://cd.ke.com/xiaoqu/1611041467704/,低楼层(共29层),2010年建,2室1厅,125.82平米,南北,15,2月前发布
4312,地跃精装修带花园带车位带家具家电,https://cd.ke.com/ershoufang/20010617710100126481.html,保利花园一期,https://cd.ke.com/xiaoqu/3011056076924/,低楼层(共16层),2011年建,4室2厅,240.49平米,东南,4,2月前发布
4313,方正套二安静不临街同面积屋顶花园,https://cd.ke.com/ershoufang/20010617710100125329.html,交大花园北苑,https://cd.ke.com/xiaoqu/3011053781743/,高楼层(共7层),1997年建,2室2厅,75.3平米,南,4,2月前发布
4314,西派城3室2厅南,https://cd.ke.com/ershoufang/20010617710100123991.html,西派城,https://cd.ke.com/xiaoqu/1613850559942542/,高楼层(共14层)3室2厅,135平米,南,,,21,2月前发布
4315,吉春苑清水大套二，户型方正，有电梯,https://cd.ke.com/ershoufang/20010617710100122720.html,吉春苑,https://cd.ke.com/xiaoqu/3011053916977/,高楼层(共10层),2004年建,2室1厅,73.37平米,东,30,2月前发布
4316,花香庭院顶楼带花园出售，配套齐全,https://cd.ke.com/ershoufang/20010617710100122566.html,花香庭院,https://cd.ke.com/xiaoqu/1611042022348/,高楼层(共6层),2005年建,3室2厅,112.91平米,西北,10,2月前发布
4317,科院街6号2室1厅南,https://cd.ke.com/ershoufang/20010617710100118717.html,科院街6号,https://cd.ke.com/xiaoqu/3011052077067/,低楼层(共7层),1999年建,2室1厅,74平米,南,10,2月前发布
4318,鹭岛旁，电梯套二，户型方正，拎包入住,https://cd.ke.com/ershoufang/20010617710100117030.html,汇景樱桃季,https://cd.ke.com/xiaoqu/1611041503970/,高楼层(共9层),2005年建,2室1厅,83.2平米,西,4,2月前发布
4319,绿地圣路易名邸二期2室1厅南,https://cd.ke.com/ershoufang/20010617710100110823.html,绿地圣路易名邸二期,https://cd.ke.com/xiaoqu/3011056099924/,低楼层(共12层),2013年建,2室1厅,75.88平米,南,6,2月前发布
4320,精装修标准套二，户型方正，配套齐全,https://cd.ke.com/ershoufang/20010617710100110779.html,中央花园二期,https://cd.ke.com/xiaoqu/1611041477479/,低楼层(共7层),1998年建,2室2厅,64.8平米,东,1,2月前发布
4321,华西省体育馆，标准套二，户型方正,https://cd.ke.com/ershoufang/20010617710100105781.html,教育学院教师公寓,https://cd.ke.com/xiaoqu/1611042765983/,高楼层(共31层),2010年建,2室1厅,93.64平米,南,0,2月前发布
4322,龙爪堰地铁口精装套二，采光好，不临街,https://cd.ke.com/ershoufang/20010617710100105191.html,正基城市主场,https://cd.ke.com/xiaoqu/1611043140746/,中楼层(共20层),2012年建,2室1厅,64.8平米,东南,3,2月前发布
4323,盘谷花园，中间楼栋，方正户型，采光好,https://cd.ke.com/ershoufang/20010617710100104881.html,盘谷花园,https://cd.ke.com/xiaoqu/1611043035379/,低楼层(共18层),2004年建,3室2厅,174平米,南,0,2月前发布
4324,红牌楼北街04年的多层小区低楼层套二105万,https://cd.ke.com/ershoufang/20010617710100104775.html,红牌楼北街29号,https://cd.ke.com/xiaoqu/1611042677812/,低楼层(共6层),2004年建,2室2厅,85.71平米,东南南,69,2月前发布
4325,此房为天府南苑的房子，标准套二，安静，中间楼层。,https://cd.ke.com/ershoufang/20010617710100101029.html,天府南苑,https://cd.ke.com/xiaoqu/1611041487599/,中楼层(共7层),1996年建,2室1厅,61.7平米,南北,19,2月前发布
4326,中海锦城二期，精装修的套二，拎包入住！,https://cd.ke.com/ershoufang/20010517710100212481.html,中海锦城二期,https://cd.ke.com/xiaoqu/1611062166607/,低楼层(共15层),2012年建,2室1厅,78.4平米,南,31,2月前发布
4327,丽都世家套二无按揭无抵押安静不临街,https://cd.ke.com/ershoufang/20010517710100209640.html,丽都世家B区,https://cd.ke.com/xiaoqu/1611061021769/,中楼层(共17层),2014年建,2室2厅,75.84平米,西北,5,2月前发布
4328,电梯一梯两户套二不临街东西朝向,https://cd.ke.com/ershoufang/20010517710100209384.html,森桦苑,https://cd.ke.com/xiaoqu/1611041464684/,低楼层(共17层),2003年建,2室1厅,97.3平米,东南,13,2月前发布
4329,中华名园一期3室2厅东,https://cd.ke.com/ershoufang/20010517710100209016.html,中华名园一期,https://cd.ke.com/xiaoqu/3011053823909/,中楼层(共11层),2006年建,3室2厅,131平米,东,2,2月前发布
4330,川音新南门磨子桥合江亭锦宏骏苑带花园套二,https://cd.ke.com/ershoufang/20010517710100204119.html,锦宏骏苑北区,https://cd.ke.com/xiaoqu/1611042040069/,低楼层(共11层),2004年建,2室1厅,73.55平米,东,19,2月前发布
4331,地铁口低楼层套四双卫带装修诚心出售,https://cd.ke.com/ershoufang/20010517710100203773.html,红运花园佳苑,https://cd.ke.com/xiaoqu/1611058507205/,低楼层(共7层),1999年建,4室2厅,172平米,南,2,2月前发布
4332,绿地圣路易名邸、装修套三、带家具家电,https://cd.ke.com/ershoufang/20010517710100193538.html,绿地圣路易名邸二期,https://cd.ke.com/xiaoqu/3011056099924/,高楼层(共12层),2013年建,3室1厅,97.24平米,西南,11,2月前发布
4333,金茂礼都，标准套一，采光好，安静不临街,https://cd.ke.com/ershoufang/20010517710100191385.html,金茂礼都,https://cd.ke.com/xiaoqu/1611041508809/,高楼层(共28层),2005年建,1室1厅,48.37平米,南,39,2月前发布
4334,四维村1号标准套二户型有装修,https://cd.ke.com/ershoufang/20010517710100189750.html,四维村1号,https://cd.ke.com/xiaoqu/3011052176611/,中楼层(共7层)2室1厅,66.67平米,东南,,,7,2月前发布
4335,南二环武侯区桐梓林地铁口芳草地套四双卫,https://cd.ke.com/ershoufang/20010517710100181429.html,芳草地,https://cd.ke.com/xiaoqu/1611041555164/,中楼层(共7层),1996年建,4室2厅,138.35平米,南,16,2月前发布
4336,首信首御车位出售，离单元门口近。,https://cd.ke.com/ershoufang/20010517710100176998.html,首信首御,https://cd.ke.com/xiaoqu/3011056111813/,地下室(共层)1室0厅,34.29平米,东,,,0,2月前发布
4337,新南路中楼层，小套二，主卧带阳台,https://cd.ke.com/ershoufang/20010517710100176714.html,新南路50号,https://cd.ke.com/xiaoqu/1620021509636906/,中楼层(共7层),1998年建,2室1厅,56.83平米,西南,16,2月前发布
4338,武侯航空路时代阳光花园电梯标间中间楼层,https://cd.ke.com/ershoufang/20010517710100171910.html,时代阳光花园,https://cd.ke.com/xiaoqu/1611042029438/,中楼层(共12层),2003年建,1室1厅,34.13平米,南,0,2月前发布
4339,四期套四，全中庭位置很安静，装修很漂亮,https://cd.ke.com/ershoufang/20010517710100171055.html,中央花园四期,https://cd.ke.com/xiaoqu/1611058159086/,中楼层(共6层),1999年建,4室2厅,136平米,南,6,2月前发布
4340,高新区一环边电梯套二房源优质业主诚心,https://cd.ke.com/ershoufang/20010517710100170960.html,君和源,https://cd.ke.com/xiaoqu/1611044228042/,中楼层(共22层),2012年建,2室1厅,77.41平米,西南,27,2月前发布
4341,中海龙湾半岛清水对中庭套四,https://cd.ke.com/ershoufang/20010517710100168954.html,中海龙湾半岛,https://cd.ke.com/xiaoqu/1611041535394/,中楼层(共18层),2009年建,4室1厅,166.48平米,东南,33,2月前发布
4342,二环边零三年的小区有外墙砖标准套二诚心出售,https://cd.ke.com/ershoufang/20010517710100167075.html,众合西景,https://cd.ke.com/xiaoqu/1611041517607/,高楼层(共6层),2003年建,2室2厅,80.23平米,东南,1,2月前发布
4343,标准套四一楼带大花园停车场,https://cd.ke.com/ershoufang/20010517710100163861.html,中央花园四期,https://cd.ke.com/xiaoqu/1611058159086/,低楼层(共5层),1999年建,4室2厅,167.8平米,南北,0,2月前发布
4344,武侯区二环内棕苑巷7号标准套二,https://cd.ke.com/ershoufang/20010517710100163093.html,棕苑巷7号,https://cd.ke.com/xiaoqu/3011052627937/,高楼层(共6层),2000年建,2室1厅,60.63平米,南,0,2月前发布
4345,标准的标间，精装修，朝西南，采光好。,https://cd.ke.com/ershoufang/20010517710100162564.html,首航欣程,https://cd.ke.com/xiaoqu/1611048245025/,低楼层(共28层),2014年建,1室0厅,48.89平米,南,3,2月前发布
4346,红运花园馨苑，套三户型，单价便宜，,https://cd.ke.com/ershoufang/20010517710100161477.html,红运花园馨苑,https://cd.ke.com/xiaoqu/1611058162958/,高楼层(共7层),1998年建,3室1厅,97.9平米,东南,12,2月前发布
4347,金科双楠天都1室0厅东,https://cd.ke.com/ershoufang/20010517710100161232.html,金科双楠天都,https://cd.ke.com/xiaoqu/1612198884160146/,中楼层(共17层),2016年建,1室0厅,36.35平米,东,2,2月前发布
4348,房子在一环边，交通便利，为70年产权住宅。,https://cd.ke.com/ershoufang/20010517710100160361.html,罗马假日广场,https://cd.ke.com/xiaoqu/1611045517296/,中楼层(共11层),2003年建,1室0厅,114平米,东,0,2月前发布
4349,武海中华锦绣89平户型方正小套三,https://cd.ke.com/ershoufang/20010517710100158823.html,武海中华锦绣,https://cd.ke.com/xiaoqu/3011053806870/,低楼层(共15层),2011年建,3室1厅,89平米,东南,23,2月前发布
4350,此房配套齐全，400多米有吾悦广场，800米有双地铁口,https://cd.ke.com/ershoufang/20010517710100158584.html,世豪嘉柏,https://cd.ke.com/xiaoqu/1611061265761/,中楼层(共19层),2014年建,1室0厅,48.36平米,南,3,2月前发布
4351,红牌楼跃层套三带平台花园,https://cd.ke.com/ershoufang/20010517710100157913.html,双楠名城一期,https://cd.ke.com/xiaoqu/1611041547755/,高楼层(共7层),2003年建,3室2厅,113.99平米,东南,21,2月前发布
4352,标准套三户型好客厅临街隔音玻璃不吵装修好楼层居中,https://cd.ke.com/ershoufang/20010517710100153552.html,玉林街,https://cd.ke.com/xiaoqu/3011053151979/,中楼层(共6层),2000年建,3室1厅,108平米,北,3,2月前发布
4353,水漪袅铜，一梯两户，安静不临街。,https://cd.ke.com/ershoufang/20010517710100152591.html,水漪袅铜,https://cd.ke.com/xiaoqu/1611041505408/,高楼层(共12层),2005年建,2室1厅,89.37平米,南,2,2月前发布
4354,武侯区二环内棕竹街三号标准套二,https://cd.ke.com/ershoufang/20010517710100152331.html,棕竹街3号,https://cd.ke.com/xiaoqu/3011052632883/,高楼层(共7层),1995年建,2室1厅,62平米,南,27,2月前发布
4355,兴元嘉园电梯标准套二,https://cd.ke.com/ershoufang/20010517710100145048.html,兴元嘉园,https://cd.ke.com/xiaoqu/3011053821974/,高楼层(共10层),2005年建,2室2厅,77.6平米,西,93,2月前发布
4356,优客联邦三期地下停车位目前出售,https://cd.ke.com/ershoufang/20010517710100145580.html,优客联邦三期,https://cd.ke.com/xiaoqu/1611044060273/,地下室(共1层)1室0厅,36.8平米,东南,,,0,2月前发布
4357,世豪嘉伯清水套二出售，单价不到1万,https://cd.ke.com/ershoufang/20010517710100143730.html,世豪嘉柏,https://cd.ke.com/xiaoqu/1611061265761/,中楼层(共11层),2014年建,2室1厅,87平米,南,40,2月前发布
4358,武侯祠锦里人民公园一环内户型方正河景房,https://cd.ke.com/ershoufang/20010517710100143390.html,南河公寓,https://cd.ke.com/xiaoqu/3011053902729/,中楼层(共7层),2000年建,3室1厅,120平米,南,23,2月前发布
4359,中华名园二期标准套二多阳台,https://cd.ke.com/ershoufang/20010517710100139067.html,中华名园三期C区,https://cd.ke.com/xiaoqu/1611058396152/,高楼层(共16层),2010年建,2室1厅,88平米,南,1,2月前发布
4360,省体育馆精装大套三，户型方正，采光好,https://cd.ke.com/ershoufang/20010517710100138456.html,教育学院教师公寓,https://cd.ke.com/xiaoqu/1611042765983/,高楼层(共7层),2000年建,3室2厅,131平米,西,6,2月前发布
4361,华宇楠苑2室1厅南,https://cd.ke.com/ershoufang/20010517710100137239.html,华宇楠苑,https://cd.ke.com/xiaoqu/1611043134166/,中楼层(共11层),2012年建,2室1厅,66.07平米,南,10,2月前发布
4362,高新芳草，标准套二，采光好，安静不临街！！,https://cd.ke.com/ershoufang/20010517710100137352.html,长信公寓,https://cd.ke.com/xiaoqu/1611043869562/,高楼层(共7层),1996年建,2室1厅,78.9平米,东,5,2月前发布
4363,泰基南棠3室2厅东南南西南,https://cd.ke.com/ershoufang/20010517710100135547.html,泰基南棠,https://cd.ke.com/xiaoqu/1611041482788/,中楼层(共16层),2011年建,3室2厅,107.53平米,东南南西南,4,2月前发布
4364,西派城3室2厅南,https://cd.ke.com/ershoufang/20010517710100134627.html,西派城,https://cd.ke.com/xiaoqu/1613850559942542/,低楼层(共13层),2018年建,3室2厅,120.29平米,南,34,2月前发布
4365,户型方正，采光好。。。。。。。。。。。。。。,https://cd.ke.com/ershoufang/20010517710100132634.html,园中园东苑,https://cd.ke.com/xiaoqu/3011053923766/,中楼层(共7层),2000年建,4室2厅,166.87平米,南北,1,2月前发布
4366,此房目前已满两年，没有增值税，标准套一，适合年轻人,https://cd.ke.com/ershoufang/20010517710100132121.html,正基城市主场,https://cd.ke.com/xiaoqu/1611043140746/,高楼层(共20层),2012年建,1室1厅,43.22平米,东南,11,2月前发布
4367,中华名园二期，标准车位，位置方便,https://cd.ke.com/ershoufang/20010517710100129329.html,中华名园二期,https://cd.ke.com/xiaoqu/1611058387863/,地下室(共层),2009年建,1室0厅,38.8平米,东,0,2月前发布
4368,中华名园三期C区标准优质套二，出售,https://cd.ke.com/ershoufang/20010517710100128055.html,中华名园三期C区,https://cd.ke.com/xiaoqu/1611058396152/,中楼层(共16层),2010年建,2室1厅,87.61平米,东,4,2月前发布
4369,三环内电梯大套二带平台花园园林小区龙湖配套。,https://cd.ke.com/ershoufang/20010517710100127557.html,颐和雅居,https://cd.ke.com/xiaoqu/1611041506337/,低楼层(共11层),2006年建,2室2厅,80.46平米,南,20,2月前发布
4370,中粮祥云二期，户型方正，采光良好。,https://cd.ke.com/ershoufang/20010517710100121266.html,中粮祥云二期,https://cd.ke.com/xiaoqu/3011056148267/,低楼层(共17层),2014年建,3室2厅,129.32平米,东南,6,2月前发布
4371,和贵时代巢一室一厅精装修拎包入住有独立厨房,https://cd.ke.com/ershoufang/20010517710100114726.html,和贵时代巢,https://cd.ke.com/xiaoqu/1611041606967/,低楼层(共19层),2006年建,1室1厅,46.33平米,南,0,2月前发布
4372,新双楠保利花园精装套三双卫，通透户型，视野开阔。,https://cd.ke.com/ershoufang/20010517710100114086.html,保利花园一期,https://cd.ke.com/xiaoqu/3011056076924/,高楼层(共16层),2011年建,3室2厅,111.84平米,西北,15,2月前发布
4373,世纪百合办公配套设施完全,https://cd.ke.com/ershoufang/20010517710100115625.html,世纪百合商业广场,https://cd.ke.com/xiaoqu/167927663439435/,中楼层(共13层),2014年建,1室1厅,63.29平米,东南,2,2月前发布
4374,龙华阳光标准车位，业主诚心出售,https://cd.ke.com/ershoufang/20010517710100112791.html,龙华阳光,https://cd.ke.com/xiaoqu/1611042820881/,地下室(共层),2005年建,1室0厅,36平米,东南,0,2月前发布
4375,世纪锦苑对中庭1错2南北通透房东自住装修诚售,https://cd.ke.com/ershoufang/20010517710100111278.html,世纪锦苑,https://cd.ke.com/xiaoqu/1611041467159/,低楼层(共6层),2004年建,5室3厅,208.64平米,南北,15,2月前发布
4376,长益商业寓所1室1厅东南,https://cd.ke.com/ershoufang/20010517710100111319.html,长益商业寓所,https://cd.ke.com/xiaoqu/1611043065020/,地下室(共层)1室1厅,30.41平米,东南,,,1,2月前发布
4377,西二环加怡名城大套一09年电梯房人车分流,https://cd.ke.com/ershoufang/20010517710100109648.html,加怡名城,https://cd.ke.com/xiaoqu/1611041505567/,高楼层(共17层),2009年建,1室1厅,69.06平米,西,21,2月前发布
4378,大学路12号标准套二小区环境好,https://cd.ke.com/ershoufang/20010517710100107912.html,大学路12号,https://cd.ke.com/xiaoqu/1611043089366/,中楼层(共8层),1996年建,2室1厅,92.37平米,西南,7,2月前发布
4379,长益寓所标间出售，户型方正，采光好,https://cd.ke.com/ershoufang/20010517710100107435.html,长益商业寓所,https://cd.ke.com/xiaoqu/1611043065020/,中楼层(共18层),2008年建,1室0厅,47.01平米,西南,1,2月前发布
4380,八里小区多层套三户型方正交通便利,https://cd.ke.com/ershoufang/20031217710100251058.html,东晖花园三期,https://cd.ke.com/xiaoqu/3011053442202/,中楼层(共7层),2002年建,3室2厅,94.7平米,东,0,今天发布
4381,蓝润蓝客城2室2厅南,https://cd.ke.com/ershoufang/20031217710100244098.html,蓝润蓝客城,https://cd.ke.com/xiaoqu/1611064002535/,高楼层(共28层)2室2厅,54.05平米,南,,,0,今天发布
4382,solo一期1室0厅东北,https://cd.ke.com/ershoufang/20031217710100134283.html,solo一期,https://cd.ke.com/xiaoqu/3011052428088/,低楼层(共12层),2004年建,1室0厅,52.06平米,东北,0,今天发布
4383,沙河锦庭1室1厅南,https://cd.ke.com/ershoufang/20031217710100123259.html,沙河锦庭,https://cd.ke.com/xiaoqu/1611061437598/,高楼层(共13层)1室1厅,43.08平米,南,,,0,今天发布
4384,地铁口标准套三户型方正中间楼层业主诚心出售,https://cd.ke.com/ershoufang/20031217710100120784.html,上东一号三期,https://cd.ke.com/xiaoqu/3011052294058/,中楼层(共18层),2014年建,3室1厅,90.27平米,南,0,今天发布
4385,蓝光东方天地3室1厅南西南,https://cd.ke.com/ershoufang/20031217710100117172.html,蓝光东方天地,https://cd.ke.com/xiaoqu/1611100069088/,低楼层(共31层),2015年建,3室1厅,73.9平米,南西南,0,今天发布
4386,和泓东282室1厅东南,https://cd.ke.com/ershoufang/20031217710100109897.html,和泓东28,https://cd.ke.com/xiaoqu/1611062701490/,中楼层(共34层),2015年建,2室1厅,65.5平米,东南,0,今天发布
4387,龙湖地产精装好房套三带家电家具出售，拎包入住,https://cd.ke.com/ershoufang/20031217710100107311.html,龙湖三千城二期B区,https://cd.ke.com/xiaoqu/3011053812925/,中楼层(共34层),2012年建,3室2厅,90.15平米,北,0,今天发布
4388,金科一城3室1厅北,https://cd.ke.com/ershoufang/20031217710100103338.html,金科一城,https://cd.ke.com/xiaoqu/1611059035753/,中楼层(共18层),2011年建,3室1厅,79.41平米,北,1,今天发布
4389,富丽东方3室1厅西北东南,https://cd.ke.com/ershoufang/20031217710100104058.html,富丽东方,https://cd.ke.com/xiaoqu/3011052041151/,低楼层(共33层),2008年建,3室1厅,88.13平米,西北东南,0,今天发布
4390,中铁二局玛塞城2室1厅东北,https://cd.ke.com/ershoufang/20031217710100100972.html,中铁二局玛塞城,https://cd.ke.com/xiaoqu/1611063965597/,高楼层(共24层),2015年建,2室1厅,59平米,东北,0,今天发布
4391,御龙山二期清水套二总价低对中庭,https://cd.ke.com/ershoufang/20031117710100226459.html,御龙山二期,https://cd.ke.com/xiaoqu/1620020444106025/,中楼层(共39层),2017年建,2室2厅,83.28平米,东南,0,今天发布
4392,满两年，无增值税，房东诚心出售，对中庭,https://cd.ke.com/ershoufang/20031117710100225982.html,浅水半岛三期,https://cd.ke.com/xiaoqu/1611059057623/,中楼层(共27层),2010年建,2室1厅,81平米,东南,0,今天发布
4393,双桥南六街实用套二邻双桥路新华公园水碾河,https://cd.ke.com/ershoufang/20031117710100220873.html,双桥路南六街,https://cd.ke.com/xiaoqu/1617546427248976/,中楼层(共5层)2室1厅,57.89平米,西南,,,0,今天发布
4394,招商雍华府二期3室2厅东南,https://cd.ke.com/ershoufang/20031117710100221798.html,招商雍华府二期,https://cd.ke.com/xiaoqu/3011053944749/,低楼层(共19层),2014年建,3室2厅,91.3平米,东南,1,今天发布
4395,龙湖三千里A区一期3室2厅东南,https://cd.ke.com/ershoufang/20031117710100219489.html,龙湖三千里A区一期,https://cd.ke.com/xiaoqu/3011053801293/,中楼层(共33层),2008年建,3室2厅,93.31平米,东南,1,今天发布
4396,和信融锦云湾2室2厅南,https://cd.ke.com/ershoufang/20031117710100215616.html,和信融锦云湾,https://cd.ke.com/xiaoqu/1611060919325/,高楼层(共33层),2012年建,2室2厅,79.64平米,南,0,今天发布
4397,富丽花城标准套三无增值税进门带入户,https://cd.ke.com/ershoufang/20031117710100203333.html,蓝光富丽花城,https://cd.ke.com/xiaoqu/3011052604851/,高楼层(共18层),2008年建,3室2厅,89.23平米,北,2,今天发布
4398,东方丽苑1室1厅东南,https://cd.ke.com/ershoufang/20031117710100198945.html,东方丽苑,https://cd.ke.com/xiaoqu/3011055378425/,高楼层(共29层)1室1厅,61.46平米,东南,,,0,今天发布
4399,中楼层，视野广阔，通透性户型。,https://cd.ke.com/ershoufang/20031117710100194792.html,上古天地,https://cd.ke.com/xiaoqu/1620027743905470/,中楼层(共28层),2018年建,2室0厅,45.38平米,东南,0,今天发布
4400,府河边红星桥339标准电梯套二,https://cd.ke.com/ershoufang/20031117710100190692.html,嘉通云尚,https://cd.ke.com/xiaoqu/3011053673864/,低楼层(共39层),2011年建,2室1厅,62.43平米,东南,2,今天发布
4401,华润二十四城五期央企大盘精装修,https://cd.ke.com/ershoufang/20031117710100187769.html,华润二十四城五期,https://cd.ke.com/xiaoqu/1611060845404/,中楼层(共32层),2014年建,3室1厅,95.5平米,东南,1,今天发布
4402,锦绣东方一期3室2厅西东,https://cd.ke.com/ershoufang/20031117710100181043.html,锦绣东方一期,https://cd.ke.com/xiaoqu/3011056122684/,高楼层(共33层),2008年建,3室2厅,92.51平米,西东,0,今天发布
4403,花样年花郡1室1厅东南,https://cd.ke.com/ershoufang/20031117710100181160.html,花样年花郡,https://cd.ke.com/xiaoqu/1611041612572/,高楼层(共32层),2008年建,1室1厅,43.96平米,东南,0,今天发布
4404,东安苑套二，业主诚心出售，大家多多带看,https://cd.ke.com/ershoufang/20031117710100175590.html,东安苑,https://cd.ke.com/xiaoqu/3011055517055/,中楼层(共8层),1995年建,2室1厅,57.42平米,西南,0,今天发布
4405,华润二十四城五期3室2厅东南东,https://cd.ke.com/ershoufang/20031117710100172421.html,华润二十四城五期,https://cd.ke.com/xiaoqu/1611060845404/,低楼层(共20层),2014年建,3室2厅,97.11平米,东南东,0,今天发布
4406,万科金域蓝湾一期4室1厅西南,https://cd.ke.com/ershoufang/20031117710100171671.html,万科金域蓝湾一期,https://cd.ke.com/xiaoqu/1611059174048/,低楼层(共34层),2009年建,4室1厅,152.02平米,西南,0,今天发布
4407,央企中国铁建品质小区，配套齐全生活方便,https://cd.ke.com/ershoufang/20031117710100168198.html,青秀城,https://cd.ke.com/xiaoqu/3011052739893/,低楼层(共18层),2012年建,2室1厅,78.51平米,南北,0,今天发布
4408,一环内祥和里大套二户型方正楼层好,https://cd.ke.com/ershoufang/20031117710100158268.html,祥和里166号,https://cd.ke.com/xiaoqu/3011053191684/,低楼层(共7层),1995年建,2室1厅,101.86平米,南,0,今天发布
4409,摩玛新城2室1厅东南,https://cd.ke.com/ershoufang/20031117710100146932.html,摩玛新城,https://cd.ke.com/xiaoqu/3011052092483/,高楼层(共24层),2013年建,2室1厅,82.01平米,东南,0,今天发布
4410,九龙仓御园三期4室2厅南北,https://cd.ke.com/ershoufang/20031117710100145356.html,九龙仓御园三期,https://cd.ke.com/xiaoqu/1620020622406915/,高楼层(共30层),2016年建,4室2厅,208.86平米,南北,0,今天发布
4411,此房为中楼层，户型方正，采光好视野佳，精装套二,https://cd.ke.com/ershoufang/20031117710100148698.html,蓝光乐彩城,https://cd.ke.com/xiaoqu/1611050189052/,中楼层(共40层),2016年建,2室1厅,55.25平米,东南,3,今天发布
4412,沙河边精装套三高楼层采光好,https://cd.ke.com/ershoufang/20031117710100149518.html,中粮锦云,https://cd.ke.com/xiaoqu/1611063169388/,高楼层(共33层),2016年建,3室2厅,85平米,东南,0,今天发布
4413,中房蓝水湾1室0厅东,https://cd.ke.com/ershoufang/20031117710100144551.html,中房蓝水湾,https://cd.ke.com/xiaoqu/3011056164116/,地下室(共层),2007年建,1室0厅,28平米,东,0,今天发布
4414,致祥路37号2室2厅南,https://cd.ke.com/ershoufang/20031117710100143142.html,致祥路37号,https://cd.ke.com/xiaoqu/1611100393019/,中楼层(共7层),2000年建,2室2厅,74.5平米,南,0,今天发布
4415,三环边蓝光金悦府标准套四双卫出售,https://cd.ke.com/ershoufang/20031117710100139382.html,蓝光金悦府,https://cd.ke.com/xiaoqu/1611062708652/,高楼层(共24层),2017年建,4室1厅,111.65平米,东北,5,今天发布
4416,华润翠林华庭3室1厅南,https://cd.ke.com/ershoufang/20031117710100138013.html,华润翠林华庭,https://cd.ke.com/xiaoqu/1611059334560/,中楼层(共16层),2013年建,3室1厅,89.95平米,南,0,今天发布
4417,此房标准套二，户型方正，客厅带阳台,https://cd.ke.com/ershoufang/20031117710100136348.html,上东一号一期,https://cd.ke.com/xiaoqu/3011052291451/,高楼层(共18层),2008年建,2室1厅,71.93平米,南,1,今天发布
4418,东二点五环居家装修大套二，户型方正。,https://cd.ke.com/ershoufang/20031117710100128113.html,华西花园二期,https://cd.ke.com/xiaoqu/1611041733164/,高楼层(共34层),2011年建,2室1厅,85.77平米,西南,0,今天发布
4419,御龙山二期2室2厅东,https://cd.ke.com/ershoufang/20031117710100128753.html,御龙山二期,https://cd.ke.com/xiaoqu/1620020444106025/,中楼层(共44层),2015年建,2室2厅,84.9平米,东,0,今天发布
4420,朗诗绿色街区2室1厅北,https://cd.ke.com/ershoufang/20031117710100126593.html,朗诗绿色街区,https://cd.ke.com/xiaoqu/1611062264242/,高楼层(共18层),2014年建,2室1厅,59.86平米,北,1,今天发布
4421,东林城市花园1室1厅东,https://cd.ke.com/ershoufang/20031117710100120384.html,东林城市花园,https://cd.ke.com/xiaoqu/1611059027015/,中楼层(共18层),2008年建,1室1厅,62.13平米,东,1,今天发布
4422,蓝光乐彩城3室2厅西北,https://cd.ke.com/ershoufang/20031117710100121340.html,蓝光乐彩城,https://cd.ke.com/xiaoqu/1611050189052/,中楼层(共31层)3室2厅,80.32平米,西北,,,1,今天发布
4423,富临理宫2室1厅东南,https://cd.ke.com/ershoufang/20031117710100113937.html,富临理宫,https://cd.ke.com/xiaoqu/1611062835808/,中楼层(共32层),2015年建,2室1厅,20.1平米,东南,0,今天发布
4424,致祥路36号3室1厅东南,https://cd.ke.com/ershoufang/20031117710100113591.html,致祥路36号,https://cd.ke.com/xiaoqu/167622666498553/,高楼层(共7层),1996年建,3室1厅,93.8平米,东南,1,今天发布
4425,荣盛香榭兰庭二期临双地铁精装套一,https://cd.ke.com/ershoufang/20031117710100112010.html,荣盛香榭兰庭二期,https://cd.ke.com/xiaoqu/1620021358646993/,中楼层(共28层),2015年建,1室1厅,46.51平米,南,3,今天发布
4426,理工东苑2室1厅东南,https://cd.ke.com/ershoufang/20031117710100112718.html,理工东苑,https://cd.ke.com/xiaoqu/3011053897103/,中楼层(共32层),2014年建,2室1厅,91.43平米,东南,0,今天发布
4427,春熙苑二期标准套三，户型方正，无浪费面积,https://cd.ke.com/ershoufang/20031117710100108097.html,春熙苑二期,https://cd.ke.com/xiaoqu/3011053717969/,高楼层(共11层),2001年建,3室1厅,112.08平米,东,0,今天发布
4428,双林南支路10号1室0厅东,https://cd.ke.com/ershoufang/20031117710100103864.html,双林南支路10号,https://cd.ke.com/xiaoqu/1611061120716/,高楼层(共6层)1室0厅,26.3平米,东,,,0,今天发布
4429,该房为标准套二，中间楼层采光好，有车位可租赁。,https://cd.ke.com/ershoufang/20031117710100102649.html,北新苑,https://cd.ke.com/xiaoqu/1611041813783/,中楼层(共15层),2010年建,2室1厅,88.65平米,东,0,今天发布
4430,罗兰小镇2室2厅南,https://cd.ke.com/ershoufang/20031117710100102242.html,罗兰小镇,https://cd.ke.com/xiaoqu/3011053899369/,低楼层(共18层),2008年建,2室2厅,84.16平米,南,0,今天发布
4431,上古天地1室0厅南,https://cd.ke.com/ershoufang/20031017710100216885.html,上古天地,https://cd.ke.com/xiaoqu/1620027743905470/,低楼层(共28层),2018年建,1室0厅,40.52平米,南,0,2天前发布
4432,居家装修，可拎包入住！外凸阳台，楼层好，采光好.,https://cd.ke.com/ershoufang/20031017710100215879.html,千居朝阳,https://cd.ke.com/xiaoqu/1611041598673/,中楼层(共18层),2008年建,3室1厅,102.36平米,西,0,2天前发布
4433,蓝光富丽花城3室1厅南,https://cd.ke.com/ershoufang/20031017710100214415.html,蓝光富丽花城,https://cd.ke.com/xiaoqu/3011052604851/,低楼层(共18层),2008年建,3室1厅,93.54平米,南,1,2天前发布
4434,恒大豪庭3室1厅南,https://cd.ke.com/ershoufang/20031017710100211961.html,恒大豪庭,https://cd.ke.com/xiaoqu/1620030260294428/,低楼层(共38层),2017年建,3室1厅,126.43平米,南,0,2天前发布
4435,华林东苑1室1厅西北,https://cd.ke.com/ershoufang/20031017710100211481.html,华林东苑,https://cd.ke.com/xiaoqu/3011053892412/,高楼层(共22层),2011年建,1室1厅,55.15平米,西北,3,2天前发布
4436,浅水半岛三期，电梯口旁，标准车位，户型方正。,https://cd.ke.com/ershoufang/20031017710100206586.html,浅水半岛三期,https://cd.ke.com/xiaoqu/1611059057623/,地下室(共层),2010年建,1室0厅,28平米,东南,0,2天前发布
4437,实用套二双桥路南四街小区邻万年场,https://cd.ke.com/ershoufang/20031017710100207585.html,三街坊社区,https://cd.ke.com/xiaoqu/3011052424300/,中楼层(共8层),2000年建,2室1厅,53.95平米,西南,0,2天前发布
4438,中环路，北2.5环园林小区，底楼带花园,https://cd.ke.com/ershoufang/20031017710100198417.html,双水康城D区,https://cd.ke.com/xiaoqu/3011054030161/,低楼层(共6层),1999年建,2室2厅,75.04平米,东,6,2天前发布
4439,客厅带飘窗次卧带阳台装修套二,https://cd.ke.com/ershoufang/20031017710100195471.html,东方惠城A区,https://cd.ke.com/xiaoqu/3011054188029/,低楼层(共26层),2011年建,2室2厅,82.4平米,南,3,2天前发布
4440,户型方正，客厅带阳台，对小区中庭。,https://cd.ke.com/ershoufang/20031017710100190069.html,首创国际城二期,https://cd.ke.com/xiaoqu/3011052114634/,高楼层(共34层),2012年建,4室2厅,129.05平米,西北,1,2天前发布
4441,一环边居家套二带花园交通便利,https://cd.ke.com/ershoufang/20031017710100191038.html,国光九街坊,https://cd.ke.com/xiaoqu/3011053205091/,低楼层(共7层),2000年建,2室1厅,65平米,北,0,2天前发布
4442,中粮锦云1室0厅东南,https://cd.ke.com/ershoufang/20031017710100187458.html,中粮锦云,https://cd.ke.com/xiaoqu/1611063169388/,地下室(共层),2016年建,1室0厅,31.41平米,东南,0,2天前发布
4443,新鸿路119号2室2厅东,https://cd.ke.com/ershoufang/20031017710100185057.html,新鸿路119号,https://cd.ke.com/xiaoqu/1611059970875/,高楼层(共6层),2001年建,2室2厅,65.16平米,东,1,2天前发布
4444,富丽东方3室1厅东南,https://cd.ke.com/ershoufang/20031017710100188772.html,富丽东方,https://cd.ke.com/xiaoqu/3011052041151/,中楼层(共18层),2008年建,3室1厅,88.9平米,东南,1,2天前发布
4445,套一户型，中间楼层视野采光好，适合刚需年轻,https://cd.ke.com/ershoufang/20031017710100185657.html,万兴街3号,https://cd.ke.com/xiaoqu/3011053869715/,中楼层(共7层),1996年建,1室1厅,44.02平米,南,0,2天前发布
4446,成华区建设路龙湖三千城二期B区,https://cd.ke.com/ershoufang/20031017710100186427.html,龙湖三千城二期B区,https://cd.ke.com/xiaoqu/3011053812925/,高楼层(共34层),2012年建,3室1厅,83平米,北,1,2天前发布
4447,华润二十四城一期2室1厅南,https://cd.ke.com/ershoufang/20031017710100181947.html,华润二十四城一期,https://cd.ke.com/xiaoqu/3011054427433/,低楼层(共32层),2009年建,2室1厅,89.75平米,南,0,2天前发布
4448,罗兰小镇套三双卫户型方正采光好,https://cd.ke.com/ershoufang/20031017710100181368.html,罗兰小镇,https://cd.ke.com/xiaoqu/3011053899369/,高楼层(共18层),2008年建,3室2厅,103.34平米,西北,1,2天前发布
4449,进门带入户客厅带飘窗带装修,https://cd.ke.com/ershoufang/20031017710100178213.html,舜和家园B区,https://cd.ke.com/xiaoqu/3011054225552/,中楼层(共28层),2009年建,3室2厅,98.2平米,西,0,2天前发布
4450,中海新华府1室0厅东,https://cd.ke.com/ershoufang/20031017710100177822.html,中海新华府,https://cd.ke.com/xiaoqu/1611064050512/,地下室(共层)1室0厅,33.25平米,东,,,0,2天前发布
4451,多层住宅，简单装修，视野好，公摊小，总价低。,https://cd.ke.com/ershoufang/20031017710100178125.html,青铁家园,https://cd.ke.com/xiaoqu/1611062692809/,高楼层(共7层),1997年建,2室1厅,63.54平米,南,0,2天前发布
4452,北湖国际城二期跃层套四双卫诚心出售,https://cd.ke.com/ershoufang/20031017710100172770.html,中国铁建北湖国际城二期,https://cd.ke.com/xiaoqu/1615365748592372/,中楼层(共41层),2018年建,4室2厅,127.75平米,南,1,2天前发布
4453,清水套四双卫户型，满两年没有增值税，全落地窗设计,https://cd.ke.com/ershoufang/20031017710100174777.html,保利林语溪一期,https://cd.ke.com/xiaoqu/1611063955217/,高楼层(共27层)4室1厅,109.06平米,北,,,2,2天前发布
4454,万科金色乐府居家装修三居室小区新,https://cd.ke.com/ershoufang/20031017710100174899.html,万科金色乐府,https://cd.ke.com/xiaoqu/1611064018976/,中楼层(共37层),2016年建,3室1厅,88.82平米,西北,1,2天前发布
4455,万象城旁，居家套二，朝南视野开阔,https://cd.ke.com/ershoufang/20031017710100168019.html,华润二十四城一期,https://cd.ke.com/xiaoqu/3011054427433/,低楼层(共32层),2009年建,2室1厅,88.36平米,南,0,2天前发布
4456,华润二十四城，套三精装修，朝南，保养很好,https://cd.ke.com/ershoufang/20031017710100167517.html,华润二十四城四期,https://cd.ke.com/xiaoqu/3011055101745/,低楼层(共29层),2013年建,3室1厅,127.07平米,南,3,2天前发布
4457,九龙仓御园三期4室2厅南北,https://cd.ke.com/ershoufang/20031017710100166752.html,九龙仓御园三期,https://cd.ke.com/xiaoqu/1620020622406915/,高楼层(共26层),2016年建,4室2厅,186.49平米,南北,0,2天前发布
4458,优品尚东居家装修大套三,https://cd.ke.com/ershoufang/20031017710100159864.html,优品尚东,https://cd.ke.com/xiaoqu/1611041738993/,低楼层(共18层),2009年建,3室2厅,139.69平米,南,0,2天前发布
4459,蓝润v客尚东一期2室1厅东北,https://cd.ke.com/ershoufang/20031017710100156868.html,蓝润v客尚东一期,https://cd.ke.com/xiaoqu/1620037987997587/,低楼层(共26层)2室1厅,69平米,东北,,,0,2天前发布
4460,龙华居1室1厅东,https://cd.ke.com/ershoufang/20031017710100159158.html,龙华居,https://cd.ke.com/xiaoqu/3011055391577/,高楼层(共24层)1室1厅,56平米,东,,,1,2天前发布
4461,成华区驷马桥河滨丽苑简装大套二,https://cd.ke.com/ershoufang/20031017710100153597.html,河滨丽苑,https://cd.ke.com/xiaoqu/3011055517054/,高楼层(共6层),2000年建,2室2厅,76.5平米,东,2,2天前发布
4462,中海新华府1室0厅东,https://cd.ke.com/ershoufang/20031017710100151748.html,中海新华府,https://cd.ke.com/xiaoqu/1611064050512/,地下室(共层)1室0厅,30平米,东,,,0,2天前发布
4463,标准套二，2017年从新装修，保养好，拎包入住,https://cd.ke.com/ershoufang/20031017710100149816.html,蜀都惠园,https://cd.ke.com/xiaoqu/1611041603509/,中楼层(共26层),2010年建,2室1厅,68.95平米,西南,1,2天前发布
4464,三环内标准套一户型方正客厅带阳台,https://cd.ke.com/ershoufang/20031017710100143844.html,东虹路54号院,https://cd.ke.com/xiaoqu/3011053609853/,高楼层(共6层),2003年建,1室1厅,48.66平米,东,1,2天前发布
4465,华润二十四城一期3室2厅东,https://cd.ke.com/ershoufang/20031017710100143379.html,华润二十四城一期,https://cd.ke.com/xiaoqu/3011054427433/,低楼层(共32层),2009年建,3室2厅,89.83平米,东,2,2天前发布
4466,清水房，视野开阔，采光充足，对中庭,https://cd.ke.com/ershoufang/20031017710100141476.html,华润二十四城七期,https://cd.ke.com/xiaoqu/1611928934298169/,高楼层(共47层),2018年建,4室1厅,136.85平米,西,0,2天前发布
4467,沙河新城3室1厅东南,https://cd.ke.com/ershoufang/20031017710100137718.html,沙河新城,https://cd.ke.com/xiaoqu/3011056116512/,高楼层(共18层),2005年建,3室1厅,152.31平米,东南,0,2天前发布
4468,双林二区带厅套三邻万年场新华公园双林中横路,https://cd.ke.com/ershoufang/20031017710100137159.html,双林中横路8号,https://cd.ke.com/xiaoqu/1611060075984/,中楼层(共7层)3室1厅,62平米,东南,,,0,2天前发布
4469,青龙乾院B区2室1厅南,https://cd.ke.com/ershoufang/20031017710100136987.html,青龙乾院B区,https://cd.ke.com/xiaoqu/3011052962083/,中楼层(共11层),2008年建,2室1厅,79.61平米,南,0,2天前发布
4470,龙湖三千里A区一期1室0厅南,https://cd.ke.com/ershoufang/20031017710100136489.html,龙湖三千里A区一期,https://cd.ke.com/xiaoqu/3011053801293/,地下室(共层)1室0厅,29.69平米,南,,,0,2天前发布
4471,枫瑞苑优质朝南大套二，欢迎大家多多带看,https://cd.ke.com/ershoufang/20031017710100134833.html,枫瑞苑,https://cd.ke.com/xiaoqu/3011053894112/,低楼层(共12层),2008年建,2室2厅,86.69平米,南,0,2天前发布
4472,东方新城二期2室1厅南,https://cd.ke.com/ershoufang/20031017710100134492.html,东方新城二期,https://cd.ke.com/xiaoqu/3011052617695/,高楼层(共18层),2008年建,2室1厅,85.2平米,南,0,2天前发布
4473,东立国际广场2室1厅东南,https://cd.ke.com/ershoufang/20031017710100134586.html,东立国际广场,https://cd.ke.com/xiaoqu/3011053519890/,中楼层(共22层),2008年建,2室1厅,81.23平米,东南,0,2天前发布
4474,楼下7号地铁口+2015年品质小区+套三精装拎包入住,https://cd.ke.com/ershoufang/20031017710100133864.html,阳光100米娅中心二期,https://cd.ke.com/xiaoqu/1611063629037/,高楼层(共30层),2015年建,3室1厅,86.16平米,西,0,2天前发布
4475,进门带入户客厅带阳台带装修,https://cd.ke.com/ershoufang/20031017710100129675.html,东方惠城B区,https://cd.ke.com/xiaoqu/3011054196678/,低楼层(共26层),2011年建,2室1厅,75.6平米,西南,0,2天前发布
4476,套三户型临公园低楼层户型方正宜居住,https://cd.ke.com/ershoufang/20031017710100127440.html,新鸿一区,https://cd.ke.com/xiaoqu/3011052901200/,低楼层(共6层),1994年建,3室1厅,73.64平米,东南,0,2天前发布
4477,房子户型方正装修保养还不错楼顶带花园自己单独使用,https://cd.ke.com/ershoufang/20031017710100123424.html,北港新城,https://cd.ke.com/xiaoqu/3011055540798/,高楼层(共6层),2004年建,3室1厅,112.5平米,南,0,2天前发布
4478,一环地铁口商品房标准套一居家装修配套好,https://cd.ke.com/ershoufang/20031017710100123762.html,现代北苑,https://cd.ke.com/xiaoqu/3011054732310/,高楼层(共7层),2003年建,1室1厅,54.79平米,南,0,2天前发布
4479,一环路东一段户型方正采光好套一改套二,https://cd.ke.com/ershoufang/20031017710100117427.html,一环路东一段,https://cd.ke.com/xiaoqu/3011053693115/,高楼层(共6层),1998年建,2室1厅,48.55平米,东南,0,2天前发布
4480,建设路佳州星城次新房出售交通方便配套齐全,https://cd.ke.com/ershoufang/20031017710100118266.html,佳州星城,https://cd.ke.com/xiaoqu/1611063124892/,低楼层(共33层)3室1厅,101.13平米,东南,,,0,2天前发布
4481,新鸿路342号院2室1厅东,https://cd.ke.com/ershoufang/20031017710100120272.html,新鸿路342号院,https://cd.ke.com/xiaoqu/3011053129302/,中楼层(共6层),1992年建,2室1厅,70.5平米,东,0,2天前发布
4482,东方丽苑2室1厅东,https://cd.ke.com/ershoufang/20031017710100117043.html,东方丽苑,https://cd.ke.com/xiaoqu/3011055378425/,低楼层(共29层),2010年建,2室1厅,78.79平米,东,0,2天前发布
4483,万科金域蓝湾一期1室0厅东南,https://cd.ke.com/ershoufang/20031017710100119372.html,万科金域蓝湾一期,https://cd.ke.com/xiaoqu/1611059174048/,地下室(共层)1室0厅,39平米,东南,,,0,2天前发布
4484,上东一号一期带装修标准套二出售,https://cd.ke.com/ershoufang/20031017710100119174.html,上东一号一期,https://cd.ke.com/xiaoqu/3011052291451/,低楼层(共18层),2008年建,2室1厅,71.69平米,南,1,2天前发布
4485,香澜半岛2室1厅南,https://cd.ke.com/ershoufang/20031017710100116142.html,香澜半岛,https://cd.ke.com/xiaoqu/1611060807240/,高楼层(共21层),2016年建,2室1厅,61.58平米,南,3,2天前发布
4486,装修保养好此房楼层好，采光充足，配套设施齐全，,https://cd.ke.com/ershoufang/20031017710100115275.html,中铁二局玛塞城,https://cd.ke.com/xiaoqu/1611063965597/,中楼层(共32层),2015年建,1室1厅,44平米,南,0,2天前发布
4487,嘉通云尚居家套三安静不临街,https://cd.ke.com/ershoufang/20031017710100112533.html,嘉通云尚,https://cd.ke.com/xiaoqu/3011053673864/,高楼层(共39层),2011年建,3室2厅,96.39平米,南,0,2天前发布
4488,成华区东虹路65号院套二有装修,https://cd.ke.com/ershoufang/20031017710100112783.html,东虹路65号院,https://cd.ke.com/xiaoqu/3011053628612/,中楼层(共6层),2008年建,2室1厅,75平米,东南南,1,2天前发布
4489,景馨园居家套三业主自住保养好拎包入住另有车位,https://cd.ke.com/ershoufang/20031017710100112268.html,景馨园,https://cd.ke.com/xiaoqu/1611060032699/,高楼层(共6层),2000年建,3室2厅,108.81平米,东南,0,2天前发布
4490,成都东站旁精装套三+7号地铁入户式2015年品质小区,https://cd.ke.com/ershoufang/20031017710100111849.html,阳光100米娅中心二期,https://cd.ke.com/xiaoqu/1611063629037/,中楼层(共30层),2015年建,3室1厅,86.18平米,西,0,2天前发布
4491,蓝光coco套二，安静不临街，采光好,https://cd.ke.com/ershoufang/20031017710100107650.html,蓝光COCO时代,https://cd.ke.com/xiaoqu/3011053622524/,中楼层(共31层),2014年建,2室1厅,52.33平米,东,1,2天前发布
4492,SM广场河畔小高层电梯大套三,https://cd.ke.com/ershoufang/20031017710100108258.html,河畔华苑二期,https://cd.ke.com/xiaoqu/3011053786958/,低楼层(共11层),2003年建,3室1厅,111.39平米,西南,0,2天前发布
4493,宝源驷马城2室1厅东南,https://cd.ke.com/ershoufang/20031017710100110550.html,宝源驷马城,https://cd.ke.com/xiaoqu/1611061437730/,中楼层(共18层),2008年建,2室1厅,89.24平米,东南,1,2天前发布
4494,原户型简装小套三对中庭带转角阳台,https://cd.ke.com/ershoufang/20031017710100111096.html,首创国际城二期,https://cd.ke.com/xiaoqu/3011052114634/,中楼层(共34层),2012年建,3室2厅,83平米,南,3,2天前发布
4495,富临理宫中间楼层精装套三，采光充足,https://cd.ke.com/ershoufang/20031017710100106573.html,富临理宫,https://cd.ke.com/xiaoqu/1611062835808/,中楼层(共32层),2015年建,3室2厅,83.61平米,东北,2,2天前发布
4496,花样年花郡1室0厅东南,https://cd.ke.com/ershoufang/20031017710100108827.html,花样年花郡,https://cd.ke.com/xiaoqu/1611041612572/,地下室(共层),2008年建,1室0厅,45.19平米,东南,0,2天前发布
4497,和信融锦云湾3室2厅西南,https://cd.ke.com/ershoufang/20031017710100108191.html,和信融锦云湾,https://cd.ke.com/xiaoqu/1611060919325/,低楼层(共33层),2012年建,3室2厅,127平米,西南,0,2天前发布
4498,富临大厦办公装修视野开阔采光好,https://cd.ke.com/ershoufang/20031017710100102619.html,富临大厦,https://cd.ke.com/xiaoqu/1611041815790/,中楼层(共32层),2001年建,2室2厅,134.5平米,北,0,2天前发布
4499,双桥路南六街2室0厅南,https://cd.ke.com/ershoufang/20031017710100102234.html,双桥路南六街,https://cd.ke.com/xiaoqu/1617546427248976/,高楼层(共5层)2室0厅,52.93平米,南,,,1,2天前发布
4500,花样年花郡2室1厅南,https://cd.ke.com/ershoufang/20031017710100102363.html,花样年花郡,https://cd.ke.com/xiaoqu/1611041612572/,高楼层(共23层),2008年建,2室1厅,87.55平米,南,1,2天前发布
4501,上城国际精装套二，房东诚心出售,https://cd.ke.com/ershoufang/20030917710100184051.html,上城国际,https://cd.ke.com/xiaoqu/3011053903460/,高楼层(共33层),2013年建,2室1厅,70.67平米,南西南西,0,3天前发布
4502,东中环双地铁口槐树店精装跃层带花园套四户型好,https://cd.ke.com/ershoufang/20030917710100183840.html,槐树苑二期锦苑,https://cd.ke.com/xiaoqu/3011054137328/,高楼层(共6层),2004年建,4室1厅,125.85平米,东,10,3天前发布
4503,首创国际城一期2室1厅西北,https://cd.ke.com/ershoufang/20030917710100182063.html,首创国际城一期,https://cd.ke.com/xiaoqu/3011052117274/,高楼层(共34层),2010年建,2室1厅,59.37平米,西北,0,3天前发布
4504,明波花园2室1厅东,https://cd.ke.com/ershoufang/20030917710100180324.html,明波花园,https://cd.ke.com/xiaoqu/168440450657780/,高楼层(共6层),2002年建,2室1厅,73.68平米,东,0,3天前发布
4505,望平街蜜城，远洋太古里旁，电梯套一精装跃层,https://cd.ke.com/ershoufang/20030917710100172795.html,蜜城(望平街),https://cd.ke.com/xiaoqu/1611058942191/,高楼层(共6层),2008年建,1室1厅,29.3平米,西南,0,3天前发布
4506,蓝光金悦府3室1厅东,https://cd.ke.com/ershoufang/20030917710100170662.html,蓝光金悦府,https://cd.ke.com/xiaoqu/1611062708652/,中楼层(共24层),2017年建,3室1厅,99平米,东,4,3天前发布
4507,理工大学旁双地铁精装loft，即买即住，品质开发商。,https://cd.ke.com/ershoufang/20030917710100168840.html,招商中央华城一期,https://cd.ke.com/xiaoqu/1620045820623323/,中楼层(共20层),2017年建,1室1厅,23.56平米,东南,0,3天前发布
4508,漫岭云天2室1厅东南,https://cd.ke.com/ershoufang/20030917710100167374.html,漫岭云天,https://cd.ke.com/xiaoqu/3011054936528/,低楼层(共33层),2008年建,2室1厅,83.3平米,东南,0,3天前发布
4509,蓝光乐彩城二期精装小套三...,https://cd.ke.com/ershoufang/20030917710100165657.html,蓝光乐彩城,https://cd.ke.com/xiaoqu/1611050189052/,低楼层(共27层),2016年建,3室2厅,71.53平米,西北,2,3天前发布
4510,御龙山二期3室2厅南,https://cd.ke.com/ershoufang/20030917710100167824.html,御龙山二期,https://cd.ke.com/xiaoqu/1620020444106025/,中楼层(共37层),2015年建,3室2厅,89.54平米,南,0,3天前发布
4511,成都理工大学北苑3室1厅东南,https://cd.ke.com/ershoufang/20030917710100161277.html,成都理工大学北苑,https://cd.ke.com/xiaoqu/1613552708496745/,高楼层(共5层)3室1厅,87.58平米,东南,,,1,3天前发布
4512,金科中心2室1厅西南,https://cd.ke.com/ershoufang/20030917710100161342.html,金科中心,https://cd.ke.com/xiaoqu/1611063742385/,中楼层(共21层),2015年建,2室1厅,51.99平米,西南,0,3天前发布
4513,八里庄路4号2室2厅东南,https://cd.ke.com/ershoufang/20030917710100160338.html,八里庄路4号,https://cd.ke.com/xiaoqu/16000000003351/,高楼层(共5层)2室2厅,68.05平米,东南,,,0,3天前发布
4514,这是上古天地中合体里面2楼的商铺,https://cd.ke.com/ershoufang/20030917710100151810.html,上古天地,https://cd.ke.com/xiaoqu/1620027743905470/,低楼层(共21层)1室0厅,57.6平米,东,,,0,3天前发布
4515,仙湖公馆优质套二，采光好，环境,https://cd.ke.com/ershoufang/20030917710100148199.html,仙湖公馆,https://cd.ke.com/xiaoqu/3011053812644/,高楼层(共18层),2012年建,2室2厅,83.95平米,西西南,2,3天前发布
4516,蓝光东方天地3室0厅东南,https://cd.ke.com/ershoufang/20030917710100151273.html,蓝光东方天地,https://cd.ke.com/xiaoqu/1611100069088/,低楼层(共20层),2015年建,3室0厅,49平米,东南,0,3天前发布
4517,房子是满二，看房方便，出行方便,https://cd.ke.com/ershoufang/20030917710100150456.html,领都,https://cd.ke.com/xiaoqu/3011052952072/,低楼层(共21层),2014年建,1室1厅,49.88平米,东南,0,3天前发布
4518,东客站西广场荣盛香榭兰庭一期精装套二,https://cd.ke.com/ershoufang/20030917710100138027.html,荣盛香榭兰庭一期,https://cd.ke.com/xiaoqu/1611062711387/,中楼层(共27层),2015年建,2室1厅,72.31平米,东北,2,3天前发布
4519,成发紫东阳光横厅套二改套三，不临二环，安静,https://cd.ke.com/ershoufang/20030917710100134343.html,成发紫东阳光,https://cd.ke.com/xiaoqu/1611063740147/,高楼层(共34层)2室1厅,87.32平米,东北,,,3,3天前发布
4520,成华2.5环，改善套二，带阳台，简单装修，看房方便,https://cd.ke.com/ershoufang/20030917710100132689.html,金珠苑,https://cd.ke.com/xiaoqu/3011053434418/,低楼层(共18层),2008年建,2室2厅,91.84平米,南,0,3天前发布
4521,天空城标准套二，客厅带阳台，交通方便,https://cd.ke.com/ershoufang/20030917710100132934.html,天空城,https://cd.ke.com/xiaoqu/3011056104727/,中楼层(共28层),2010年建,2室1厅,83.91平米,西北,2,3天前发布
4522,中间楼层精装修家具家电齐全带新风中yang空调,https://cd.ke.com/ershoufang/20030917710100130524.html,招商中央华城一期,https://cd.ke.com/xiaoqu/1620045820623323/,中楼层(共32层),2017年建,3室1厅,108.98平米,东南,3,3天前发布
4523,一环内多层套二，低楼层安静不临街,https://cd.ke.com/ershoufang/20030917710100130139.html,祥和里118号,https://cd.ke.com/xiaoqu/3011053190731/,低楼层(共7层),1995年建,3室2厅,99.95平米,南,0,3天前发布
4524,客厅带阳台，精装修，地铁口，诚心出售,https://cd.ke.com/ershoufang/20030917710100129256.html,华西花园二期,https://cd.ke.com/xiaoqu/1611041733164/,中楼层(共34层),2011年建,2室1厅,87.15平米,西北,0,3天前发布
4525,装修套二，飞机户型，可以拎包入住。,https://cd.ke.com/ershoufang/20030917710100126091.html,胜天人居,https://cd.ke.com/xiaoqu/3011053656227/,高楼层(共33层)2室1厅,68.57平米,西南西,,,4,3天前发布
4526,万科魅力之城三期3室1厅东南,https://cd.ke.com/ershoufang/20030917710100120796.html,万科魅力之城三期,https://cd.ke.com/xiaoqu/1611060984444/,低楼层(共26层),2008年建,3室1厅,117.94平米,东南,5,3天前发布
4527,蓝光乐彩城3室1厅东南,https://cd.ke.com/ershoufang/20030917710100115587.html,蓝光乐彩城,https://cd.ke.com/xiaoqu/1611050189052/,低楼层(共42层),2016年建,3室1厅,75.21平米,东南,0,3天前发布
4528,此房满两年，户型方正，客厅带阳台，采光通风条件好,https://cd.ke.com/ershoufang/20030917710100108790.html,领都,https://cd.ke.com/xiaoqu/3011052952072/,中楼层(共21层),2014年建,1室1厅,49.99平米,南,0,3天前发布
4529,招商雍华府二期2室2厅东北,https://cd.ke.com/ershoufang/20030917710100108270.html,招商雍华府二期,https://cd.ke.com/xiaoqu/3011053944749/,高楼层(共20层),2014年建,2室2厅,81.85平米,东北,1,3天前发布
4530,楼层好，采光好，装修中装房东自住,https://cd.ke.com/ershoufang/20030917710100105680.html,电建地产美立方,https://cd.ke.com/xiaoqu/1611062694711/,低楼层(共34层)2室1厅,57.54平米,东,,,0,3天前发布
4531,龙湖铜雀台6室2厅东南,https://cd.ke.com/ershoufang/20030917710100105386.html,龙湖铜雀台,https://cd.ke.com/xiaoqu/1611059398803/,高楼层(共7层),2010年建,6室2厅,245.35平米,东南,1,3天前发布
4532,金科一城标准套二带装修业主诚心出售,https://cd.ke.com/ershoufang/20030817710100212735.html,金科一城,https://cd.ke.com/xiaoqu/1611059035753/,低楼层(共18层),2011年建,2室1厅,71.62平米,东,0,4天前发布
4533,马克公馆一期3室2厅东南,https://cd.ke.com/ershoufang/20030817710100211699.html,马克公馆一期,https://cd.ke.com/xiaoqu/3011052738641/,高楼层(共18层),2015年建,3室2厅,88.24平米,东南,0,4天前发布
4534,精装修套三，中间楼层前后对中庭，小通透户型,https://cd.ke.com/ershoufang/20030817710100302116.html,华润二十四城二期,https://cd.ke.com/xiaoqu/3011055110938/,高楼层(共32层),2010年建,3室1厅,80.97平米,东西,3,4天前发布
4535,秀林苑东区小套二户型，采光好，楼层好,https://cd.ke.com/ershoufang/20030817710100301481.html,秀林苑东区,https://cd.ke.com/xiaoqu/3011055399978/,高楼层(共18层)1室1厅,53.02平米,东,,,0,4天前发布
4536,观城2室1厅东,https://cd.ke.com/ershoufang/20030817710100204112.html,观城,https://cd.ke.com/xiaoqu/1611057227209/,低楼层(共33层),2013年建,2室1厅,81平米,东,2,4天前发布
4537,泛悦城市广场2室1厅东南,https://cd.ke.com/ershoufang/20030817710100203753.html,泛悦城市广场,https://cd.ke.com/xiaoqu/168690686767683/,低楼层(共32层),2017年建,2室1厅,66.76平米,东南,0,4天前发布
4538,浅水半岛三期2室1厅东南,https://cd.ke.com/ershoufang/20030817710100203099.html,浅水半岛三期,https://cd.ke.com/xiaoqu/1611059057623/,高楼层(共27层),2010年建,2室1厅,89.62平米,东南,0,4天前发布
4539,蓝光富丽花城2室1厅南,https://cd.ke.com/ershoufang/20030817710100202296.html,蓝光富丽花城,https://cd.ke.com/xiaoqu/3011052604851/,低楼层(共18层),2008年建,2室1厅,75.97平米,南,6,4天前发布
4540,东客站精装套一+L户型对中庭+落地窗双面采光+近地铁,https://cd.ke.com/ershoufang/20030817710100200470.html,阳光100米娅中心一期,https://cd.ke.com/xiaoqu/3011054144684/,中楼层(共27层),2012年建,1室1厅,44.61平米,南,2,4天前发布
4541,合能耀之城3室1厅东,https://cd.ke.com/ershoufang/20030817710100195848.html,合能耀之城,https://cd.ke.com/xiaoqu/3011053771681/,中楼层(共18层),2010年建,3室1厅,64平米,东,5,4天前发布
4542,枫瑞苑2室1厅南,https://cd.ke.com/ershoufang/20030817710100195046.html,枫瑞苑,https://cd.ke.com/xiaoqu/3011053894112/,中楼层(共8层),2008年建,2室1厅,85.62平米,南,0,4天前发布
4543,荣盛香榭兰庭一期装修套三临地铁交通方便,https://cd.ke.com/ershoufang/20030817710100193381.html,荣盛香榭兰庭一期,https://cd.ke.com/xiaoqu/1611062711387/,高楼层(共28层),2015年建,3室1厅,77.91平米,东南,0,4天前发布
4544,永立星城都1室1厅南北,https://cd.ke.com/ershoufang/20030817710100191893.html,永立星城都,https://cd.ke.com/xiaoqu/1611063503826/,高楼层(共31层)1室1厅,42平米,南北,,,0,4天前发布
4545,阳光100米娅一期标准套一，卧室落地窗，朝南,https://cd.ke.com/ershoufang/20030817710100190114.html,阳光100米娅中心一期,https://cd.ke.com/xiaoqu/3011054144684/,低楼层(共32层),2012年建,1室1厅,45.78平米,东南,3,4天前发布
4546,锦都馨苑3室1厅东南,https://cd.ke.com/ershoufang/20030817710100187936.html,锦都馨苑,https://cd.ke.com/xiaoqu/3011053714121/,低楼层(共21层),2003年建,3室1厅,130.09平米,东南,0,4天前发布
4547,锦绣东方一期3室2厅南,https://cd.ke.com/ershoufang/20030817710100188468.html,锦绣东方一期,https://cd.ke.com/xiaoqu/3011056122684/,低楼层(共33层),2008年建,3室2厅,92.51平米,南,0,4天前发布
4548,精装套二，户型方正，明厨明卫，中间楼层,https://cd.ke.com/ershoufang/20030817710100185188.html,时代欣城,https://cd.ke.com/xiaoqu/1620028161446189/,高楼层(共28层)2室2厅,78平米,西,,,0,4天前发布
4549,龙湖三千里A区一期1室0厅东,https://cd.ke.com/ershoufang/20030817710100188990.html,龙湖三千里A区一期,https://cd.ke.com/xiaoqu/3011053801293/,地下室(共层)1室0厅,40平米,东,,,0,4天前发布
4550,金科一城标准套一带装修，客厅带阳台的户型,https://cd.ke.com/ershoufang/20030817710100181835.html,金科一城,https://cd.ke.com/xiaoqu/1611059035753/,低楼层(共20层),2009年建,1室1厅,58平米,东,0,4天前发布
4551,龙湖三千里A区一期3室2厅东南,https://cd.ke.com/ershoufang/20030817710100179777.html,龙湖三千里A区一期,https://cd.ke.com/xiaoqu/3011053801293/,高楼层(共33层),2008年建,3室2厅,93平米,东南,2,4天前发布
4552,三环内侧套二，朝南客厅带大阳台,https://cd.ke.com/ershoufang/20030817710100178478.html,尚东美林一区,https://cd.ke.com/xiaoqu/3011053653999/,中楼层(共11层),2008年建,2室2厅,85.39平米,南,0,4天前发布
4553,锦绣城套四业主诚售采光好视野开阔,https://cd.ke.com/ershoufang/20030817710100177238.html,蓝光锦绣城,https://cd.ke.com/xiaoqu/3011052082027/,高楼层(共33层),2014年建,4室2厅,110.92平米,西,8,4天前发布
4554,建设公寓2室2厅西,https://cd.ke.com/ershoufang/20030817710100173647.html,建设公寓,https://cd.ke.com/xiaoqu/1611060913977/,高楼层(共7层),2002年建,2室2厅,83.81平米,西,0,4天前发布
4555,金科中心1室1厅西北,https://cd.ke.com/ershoufang/20030817710100170332.html,金科中心,https://cd.ke.com/xiaoqu/1611063742385/,高楼层(共20层),2015年建,1室1厅,48.01平米,西北,0,4天前发布
4556,华都云景台3室1厅西南,https://cd.ke.com/ershoufang/20030817710100168660.html,华都云景台,https://cd.ke.com/xiaoqu/1613871659913210/,低楼层(共31层),2018年建,3室1厅,79.5平米,西南,6,4天前发布
4557,此车位方正，可停市面上标准小车没有任何问题哈,https://cd.ke.com/ershoufang/20030817710100167224.html,锦都馨苑,https://cd.ke.com/xiaoqu/3011053714121/,地下室(共1层)1室0厅,33平米,东南,,,0,4天前发布
4558,北门热门精装户型品质小区自带公园,https://cd.ke.com/ershoufang/20030817710100165458.html,首创光和城二期,https://cd.ke.com/xiaoqu/1611062712269/,高楼层(共33层),2016年建,3室1厅,88平米,南,0,4天前发布
4559,驷马桥泛悦城市广场清水标准套三,https://cd.ke.com/ershoufang/20030817710100164419.html,泛悦城市广场,https://cd.ke.com/xiaoqu/168690686767683/,中楼层(共32层),2017年建,3室2厅,79.6平米,东北,0,4天前发布
4560,驷马桥泛悦城市广场清水标准套三,https://cd.ke.com/ershoufang/20030817710100164419.html,泛悦城市广场,https://cd.ke.com/xiaoqu/168690686767683/,中楼层(共32层),2017年建,3室2厅,79.6平米,东北,0,4天前发布
4561,自住套三，温馨舒适，楼层适中。,https://cd.ke.com/ershoufang/20030817710100159373.html,富丽东方,https://cd.ke.com/xiaoqu/3011052041151/,低楼层(共33层),2008年建,3室1厅,81.19平米,东南,0,4天前发布
4562,东虹路65号院2室1厅东北,https://cd.ke.com/ershoufang/20030817710100157576.html,东虹路65号院,https://cd.ke.com/xiaoqu/3011053628612/,高楼层(共6层),2008年建,2室1厅,74.59平米,东北,0,4天前发布
4563,春熙苑一期，标准套三中间楼层,https://cd.ke.com/ershoufang/20030817710100154997.html,春熙苑一期,https://cd.ke.com/xiaoqu/3011053711566/,中楼层(共6层),2007年建,3室2厅,109平米,东南,1,4天前发布
4564,绿地悦蓉公馆4室2厅南,https://cd.ke.com/ershoufang/20030817710100154281.html,绿地悦蓉公馆,https://cd.ke.com/xiaoqu/1614264670630014/,高楼层(共33层),2018年建,4室2厅,123平米,南,0,4天前发布
4565,永立星城都1室1厅东南,https://cd.ke.com/ershoufang/20030817710100153974.html,永立星城都,https://cd.ke.com/xiaoqu/1611063503826/,低楼层(共39层),2017年建,1室1厅,44平米,东南,0,4天前发布
4566,11楼到顶小高层130.45平米套三一梯两户通透板式结构,https://cd.ke.com/ershoufang/20030817710100153610.html,阳光嘉苑,https://cd.ke.com/xiaoqu/3011056163872/,高楼层(共11层),2006年建,3室2厅,130.45平米,东南南北,2,4天前发布
4567,建设路繁华商圈户型方正套三出售,https://cd.ke.com/ershoufang/20030817710100153126.html,八二宿舍二区,https://cd.ke.com/xiaoqu/3011053200536/,中楼层(共7层),1994年建,3室1厅,98.54平米,南,1,4天前发布
4568,阳光米娅有装修套一，可拎包入住。,https://cd.ke.com/ershoufang/20030817710100147667.html,阳光100米娅中心一期,https://cd.ke.com/xiaoqu/3011054144684/,中楼层(共32层),2012年建,1室1厅,45.78平米,北,3,4天前发布
4569,理工大次新房满二对中庭东南朝向精装好房,https://cd.ke.com/ershoufang/20030817710100148282.html,富临理宫,https://cd.ke.com/xiaoqu/1611062835808/,高楼层(共32层),2015年建,2室1厅,80.64平米,东南,6,4天前发布
4570,前后对中庭，安静不吵，开间大适合居住。,https://cd.ke.com/ershoufang/20030817710100148637.html,千居朝阳,https://cd.ke.com/xiaoqu/1611041598673/,高楼层(共18层),2008年建,3室1厅,102平米,东,0,4天前发布
4571,阳光舜苑标准套一，户型方正，中高楼层视野好,https://cd.ke.com/ershoufang/20030817710100149161.html,阳光舜苑,https://cd.ke.com/xiaoqu/3011056098467/,高楼层(共18层),2011年建,1室1厅,44.83平米,西北,19,4天前发布
4572,蓝润V客尚东二期3室2厅东,https://cd.ke.com/ershoufang/20030817710100149325.html,蓝润V客尚东二期,https://cd.ke.com/xiaoqu/1611063461253/,高楼层(共34层),2015年建,3室2厅,83.2平米,东,5,4天前发布
4573,车位，可分开，可和房子一起买的,https://cd.ke.com/ershoufang/20030817710100146283.html,上东一号一期,https://cd.ke.com/xiaoqu/3011052291451/,地下室(共层)1室0厅,40.33平米,东,,,0,4天前发布
4574,此房满二无增值税，居家装修，中间楼层，采光好。,https://cd.ke.com/ershoufang/20030817710100149926.html,富丽东方,https://cd.ke.com/xiaoqu/3011052041151/,低楼层(共33层),2008年建,3室2厅,82.03平米,西北,0,4天前发布
4575,上东一号二期2室1厅东南,https://cd.ke.com/ershoufang/20030817710100146587.html,上东一号二期,https://cd.ke.com/xiaoqu/3011052292875/,低楼层(共18层),2011年建,2室1厅,72.33平米,东南,0,4天前发布
4576,东方惠城带平台简装套一,https://cd.ke.com/ershoufang/20030817710100145974.html,东方惠城A区,https://cd.ke.com/xiaoqu/3011054188029/,低楼层(共18层),2011年建,1室1厅,47.36平米,东,0,4天前发布
4577,成渝立交，中间楼层，带双阳台小套一,https://cd.ke.com/ershoufang/20030817710100142571.html,胜天人居,https://cd.ke.com/xiaoqu/3011053656227/,中楼层(共31层)1室1厅,48.9平米,东南,,,7,4天前发布
4578,1.总价低，小户型2.楼层低，适合老年人3.居住过渡,https://cd.ke.com/ershoufang/20030817710100142036.html,甲壳特区,https://cd.ke.com/xiaoqu/1611061004052/,中楼层(共7层),2007年建,1室0厅,39.4平米,东南,0,4天前发布
4579,此房满五唯一，带花园，小区环境好，卧室对空地。,https://cd.ke.com/ershoufang/20030817710100140089.html,华宇阳光水岸,https://cd.ke.com/xiaoqu/3011053510481/,高楼层(共21层),2010年建,2室2厅,65.6平米,东南,5,4天前发布
4580,青龙广场优质套一装修好房东诚心出售,https://cd.ke.com/ershoufang/20030817710100140283.html,青龙广场,https://cd.ke.com/xiaoqu/1614867409415858/,中楼层(共23层),2017年建,1室1厅,46平米,南,0,4天前发布
4581,东三环内侧，低楼层标准套三，没有装修,https://cd.ke.com/ershoufang/20030817710100137771.html,东虹路65号院,https://cd.ke.com/xiaoqu/3011053628612/,低楼层(共6层),2008年建,3室1厅,111.02平米,北,5,4天前发布
4582,香木林新上业主自住装修标准套二,https://cd.ke.com/ershoufang/20030817710100133947.html,香木林花园里,https://cd.ke.com/xiaoqu/1614604536416627/,低楼层(共23层),2015年建,2室2厅,84.97平米,南,3,4天前发布
4583,蓝光coco国际二期2室1厅西北,https://cd.ke.com/ershoufang/20030817710100133167.html,蓝光coco国际二期,https://cd.ke.com/xiaoqu/1616547789943599/,高楼层(共38层),2016年建,2室1厅,53.75平米,西北,0,4天前发布
4584,隆鑫九熙套二带装修出售,https://cd.ke.com/ershoufang/20030817710100129394.html,隆鑫九熙,https://cd.ke.com/xiaoqu/3011054139339/,低楼层(共34层),2012年建,2室1厅,78.96平米,南,2,4天前发布
4585,金科一城2室1厅南东南,https://cd.ke.com/ershoufang/20030817710100126664.html,金科一城,https://cd.ke.com/xiaoqu/1611059035753/,中楼层(共18层),2011年建,2室1厅,49.25平米,南东南,2,4天前发布
4586,猛追湾街189号2室1厅东南,https://cd.ke.com/ershoufang/20030817710100125559.html,猛追湾街189号,https://cd.ke.com/xiaoqu/1611059985158/,高楼层(共7层),1996年建,2室1厅,91平米,东南,0,4天前发布
4587,金科一城2室1厅北,https://cd.ke.com/ershoufang/20030817710100124991.html,金科一城,https://cd.ke.com/xiaoqu/1611059035753/,中楼层(共20层),2012年建,2室1厅,67.36平米,北,2,4天前发布
4588,华西花园一期套二，户型方正，an'jing,https://cd.ke.com/ershoufang/20030817710100120948.html,华西花园一期,https://cd.ke.com/xiaoqu/3011056098026/,低楼层(共16层),2010年建,2室1厅,85.93平米,南,0,4天前发布
4589,隆兴嘉苑3室1厅东南,https://cd.ke.com/ershoufang/20030817710100122490.html,隆兴嘉苑,https://cd.ke.com/xiaoqu/3011053662037/,低楼层(共32层)3室1厅,58.69平米,东南,,,0,4天前发布
4590,保利一级物业，保利林语溪一期负一楼的标准车位,https://cd.ke.com/ershoufang/20030817710100118852.html,保利林语溪一期,https://cd.ke.com/xiaoqu/1611063955217/,地下室(共层)1室1厅,31.61平米,南,,,0,4天前发布
4591,白莲小区二号院2室1厅东南,https://cd.ke.com/ershoufang/20030817710100122024.html,白莲小区二号院,https://cd.ke.com/xiaoqu/1620020905522192/,中楼层(共6层)2室1厅,74平米,东南,,,3,4天前发布
4592,东2.5环和泓东2872户型套二改套三业主自住精装,https://cd.ke.com/ershoufang/20030817710100115256.html,和泓东28,https://cd.ke.com/xiaoqu/1611062701490/,中楼层(共31层),2015年建,3室2厅,73.51平米,西南,9,4天前发布
4593,上行锦绣1室0厅东,https://cd.ke.com/ershoufang/20030817710100111735.html,上行锦绣,https://cd.ke.com/xiaoqu/3011053797492/,地下室(共层)1室0厅,25.59平米,东,,,0,4天前发布
4594,蜀都惠园2室1厅南,https://cd.ke.com/ershoufang/20030817710100109960.html,蜀都惠园,https://cd.ke.com/xiaoqu/1611041603509/,中楼层(共31层),2010年建,2室1厅,68.11平米,南,0,4天前发布
4595,富丽东方3室1厅东南,https://cd.ke.com/ershoufang/20030817710100110637.html,富丽东方,https://cd.ke.com/xiaoqu/3011052041151/,低楼层(共30层),2008年建,3室1厅,119.01平米,东南,7,4天前发布
4596,中铁二局玛塞城3室1厅南,https://cd.ke.com/ershoufang/20030817710100112820.html,中铁二局玛塞城,https://cd.ke.com/xiaoqu/1611063965597/,低楼层(共33层),2015年建,3室1厅,85.13平米,南,1,4天前发布
4597,精装套四双卫，顶楼带花园，户型通透，预约看房,https://cd.ke.com/ershoufang/20030817710100107541.html,槐树苑二期民苑,https://cd.ke.com/xiaoqu/3011054141150/,高楼层(共6层),2004年建,3室2厅,124.33平米,南,6,4天前发布
4598,精装修，装修保养好，大户型，实得面积大,https://cd.ke.com/ershoufang/20030817710100107231.html,千居朝阳,https://cd.ke.com/xiaoqu/1611041598673/,低楼层(共18层),2008年建,3室2厅,122.79平米,北,0,4天前发布
4599,一环地铁口住宅跃层商品房位置好配套齐全,https://cd.ke.com/ershoufang/20030817710100113041.html,现代北苑,https://cd.ke.com/xiaoqu/3011054732310/,低楼层(共7层),2003年建,2室2厅,82.15平米,南,0,4天前发布
4600,万科金域蓝湾二期3室1厅东,https://cd.ke.com/ershoufang/20030817710100105397.html,万科金域蓝湾二期,https://cd.ke.com/xiaoqu/1620021534806936/,中楼层(共35层),2009年建,3室1厅,84.68平米,东,1,4天前发布
4601,成华区驷马桥河滨丽苑简装大套二,https://cd.ke.com/ershoufang/20030817710100105041.html,河滨丽苑,https://cd.ke.com/xiaoqu/3011055517054/,高楼层(共7层),2000年建,2室2厅,70平米,东南,0,4天前发布
4602,东方丽苑2室1厅西北西南,https://cd.ke.com/ershoufang/20030817710100104479.html,东方丽苑,https://cd.ke.com/xiaoqu/3011055378425/,高楼层(共29层)2室1厅,70.08平米,西北西南,,,10,4天前发布
4603,马克公馆一期3室1厅南,https://cd.ke.com/ershoufang/20030817710100102948.html,马克公馆一期,https://cd.ke.com/xiaoqu/3011052738641/,高楼层(共18层),2015年建,3室1厅,92平米,南,1,4天前发布
4604,首创国际城一期2室1厅南,https://cd.ke.com/ershoufang/20030817710100102377.html,首创国际城一期,https://cd.ke.com/xiaoqu/3011052117274/,低楼层(共34层),2010年建,2室1厅,59.39平米,南,2,4天前发布
4605,蓝光锦绣城四期2室1厅南,https://cd.ke.com/ershoufang/20030817710100102429.html,蓝光锦绣城四期,https://cd.ke.com/xiaoqu/3011052079080/,高楼层(共32层),2014年建,2室1厅,75平米,南,1,4天前发布
4606,首创国际城一期，标准套二拎包入住！,https://cd.ke.com/ershoufang/20030817710100101341.html,首创国际城一期,https://cd.ke.com/xiaoqu/3011052117274/,低楼层(共34层),2010年建,2室2厅,59.39平米,东南,3,4天前发布
4607,蓉铁花园2室1厅东南,https://cd.ke.com/ershoufang/20030817710100100930.html,蓉铁花园,https://cd.ke.com/xiaoqu/3011053860128/,高楼层(共18层),2009年建,2室1厅,86.52平米,东南,2,4天前发布
4608,蓝润V客东区4室1厅北,https://cd.ke.com/ershoufang/20030817710100100597.html,蓝润V客东区,https://cd.ke.com/xiaoqu/1611100037929/,低楼层(共32层),2017年建,4室1厅,95.46平米,北,0,4天前发布
4609,央企开发，园林式改善小区，坐北朝南对中庭，装修好,https://cd.ke.com/ershoufang/20030717710100221155.html,招商雍华府二期,https://cd.ke.com/xiaoqu/3011053944749/,高楼层(共20层),2014年建,3室2厅,99.32平米,西南,1,5天前发布
4610,此房户型方正，采光好，带防霾新风系统，带家具家电。,https://cd.ke.com/ershoufang/20030717710100220265.html,朗诗绿色街区,https://cd.ke.com/xiaoqu/1611062264242/,中楼层(共18层),2014年建,2室1厅,65.39平米,南,0,5天前发布
4611,二环路湖居精装套二，亚热带风情,https://cd.ke.com/ershoufang/20030717710100216614.html,浅水半岛一期,https://cd.ke.com/xiaoqu/1611058934011/,中楼层(共27层),2008年建,2室1厅,89.14平米,西北,0,5天前发布
4612,佳州星城精装套一户型方正带家具家电出售,https://cd.ke.com/ershoufang/20030717710100215943.html,佳州星城,https://cd.ke.com/xiaoqu/1611063124892/,高楼层(共41层),2016年建,1室1厅,51.44平米,南,0,5天前发布
4613,太阳公元大厦2室2厅东,https://cd.ke.com/ershoufang/20030717710100215475.html,太阳公元大厦,https://cd.ke.com/xiaoqu/1611062934361/,中楼层(共26层),2017年建,2室2厅,85.38平米,东,3,5天前发布
4614,蓝光锦绣城1室0厅南,https://cd.ke.com/ershoufang/20030717710100215279.html,蓝光锦绣城,https://cd.ke.com/xiaoqu/3011052082027/,地下室(共1层)1室0厅,35.21平米,南,,,0,5天前发布
4615,首创光和城一期新上好房套三,https://cd.ke.com/ershoufang/20030717710100205333.html,首创光和城,https://cd.ke.com/xiaoqu/1617652322938857/,高楼层(共25层),2016年建,3室2厅,76.48平米,东,1,5天前发布
4616,户型方正采光好配套齐全走过路过别错过,https://cd.ke.com/ershoufang/20030717710100203852.html,金科一城,https://cd.ke.com/xiaoqu/1611059035753/,中楼层(共20层),2012年建,2室1厅,67.71平米,南,0,5天前发布
4617,三环内，精装小套三，对二期，房子安静不吵闹，采光好,https://cd.ke.com/ershoufang/20030717710100203126.html,蓝润v客尚东一期,https://cd.ke.com/xiaoqu/1620037987997587/,高楼层(共34层),2017年建,3室2厅,74.98平米,西,0,5天前发布
4618,兴元华盛三期2室1厅南,https://cd.ke.com/ershoufang/20030717710100202820.html,兴元华盛三期,https://cd.ke.com/xiaoqu/1611058907527/,低楼层(共18层),2010年建,2室1厅,79.34平米,南,0,5天前发布
4619,龙兴嘉苑满两年简装带家具小套三,https://cd.ke.com/ershoufang/20030717710100200449.html,隆兴嘉苑,https://cd.ke.com/xiaoqu/3011053662037/,低楼层(共32层)3室1厅,55.56平米,东南南,,,22,5天前发布
4620,电梯小高层居家套二中间楼层,https://cd.ke.com/ershoufang/20030717710100218233.html,长融一代天骄,https://cd.ke.com/xiaoqu/3011054173419/,高楼层(共11层),2006年建,2室2厅,74.21平米,南,3,5天前发布
4621,理工东苑1室0厅东,https://cd.ke.com/ershoufang/20030717710100198549.html,理工东苑,https://cd.ke.com/xiaoqu/3011053897103/,地下室(共2层)1室0厅,36.97平米,东,,,0,5天前发布
4622,东郊记忆旁万科品质盘优质精装套三,https://cd.ke.com/ershoufang/20030717710100192552.html,万科金色乐府,https://cd.ke.com/xiaoqu/1611064018976/,中楼层(共37层),2016年建,3室1厅,88.86平米,西北,7,5天前发布
4623,东方1+12室1厅东南,https://cd.ke.com/ershoufang/20030717710100193449.html,东方1+1,https://cd.ke.com/xiaoqu/1611061121128/,高楼层(共16层),2007年建,2室1厅,78.95平米,东南,1,5天前发布
4624,蓝润蓝客城小套三，精装修，房东诚心出售，可拎包入住,https://cd.ke.com/ershoufang/20030717710100193658.html,蓝润蓝客城,https://cd.ke.com/xiaoqu/1611064002535/,中楼层(共18层)3室1厅,66.22平米,北南,,,5,5天前发布
4625,双水康城经典跃层，跃层套三，很优质，价格也很优质！,https://cd.ke.com/ershoufang/20030717710100191976.html,双水康城A区,https://cd.ke.com/xiaoqu/3011054010097/,高楼层(共6层),2006年建,3室2厅,107平米,南,6,5天前发布
4626,一环地铁口万科品质标准套一位置好配套齐全,https://cd.ke.com/ershoufang/20030717710100189572.html,万科金色家园,https://cd.ke.com/xiaoqu/1611061654549/,低楼层(共12层),2005年建,1室1厅,60.19平米,南,0,5天前发布
4627,低楼层无公摊交通方便生活方便房屋产权清晰,https://cd.ke.com/ershoufang/20030717710100187899.html,师友路1号,https://cd.ke.com/xiaoqu/3011053761298/,低楼层(共7层),2000年建,2室1厅,66.65平米,东南,1,5天前发布
4628,东林城市花园2室1厅西,https://cd.ke.com/ershoufang/20030717710100182127.html,东林城市花园,https://cd.ke.com/xiaoqu/1611059027015/,低楼层(共18层),2008年建,2室1厅,86.22平米,西,0,5天前发布
4629,万兴街1号院2室1厅东南,https://cd.ke.com/ershoufang/20030717710100184571.html,万兴街1号院,https://cd.ke.com/xiaoqu/3011053865118/,低楼层(共7层),1999年建,2室1厅,63.68平米,东南,0,5天前发布
4630,中国铁建北湖国际城一期3室1厅东,https://cd.ke.com/ershoufang/20030717710100180623.html,中国铁建北湖国际城一期,https://cd.ke.com/xiaoqu/1611062709695/,中楼层(共34层),2016年建,3室1厅,79.79平米,东,1,5天前发布
4631,万象城旁，居家套二，朝南视野开阔,https://cd.ke.com/ershoufang/20030717710100184298.html,华润二十四城一期,https://cd.ke.com/xiaoqu/3011054427433/,高楼层(共32层),2009年建,2室1厅,89.75平米,南,3,5天前发布
4632,香木林花园里3室2厅南北,https://cd.ke.com/ershoufang/20030717710100184654.html,香木林花园里,https://cd.ke.com/xiaoqu/1614604536416627/,中楼层(共30层)3室2厅,112.37平米,南北,,,0,5天前发布
4633,金科一城1室0厅东东南,https://cd.ke.com/ershoufang/20030717710100180266.html,金科一城,https://cd.ke.com/xiaoqu/1611059035753/,地下室(共层),2010年建,1室0厅,29平米,东东南,0,5天前发布
4634,从未住过人的现新房，无抵押，实得面积大,https://cd.ke.com/ershoufang/20030717710100179118.html,首创国际城二期,https://cd.ke.com/xiaoqu/3011052114634/,中楼层(共34层),2012年建,3室2厅,98.1平米,西,2,5天前发布
4635,精装小套三客直接入住次新房没住人,https://cd.ke.com/ershoufang/20030717710100176354.html,蓝光乐彩城,https://cd.ke.com/xiaoqu/1611050189052/,低楼层(共27层)3室1厅,65.34平米,南,,,1,5天前发布
4636,中国铁建北湖国际城一期3室1厅西南,https://cd.ke.com/ershoufang/20030717710100175612.html,中国铁建北湖国际城一期,https://cd.ke.com/xiaoqu/1611062709695/,高楼层(共34层)3室1厅,81平米,西南,,,0,5天前发布
4637,汇融名城套二双卫。。。。。。。,https://cd.ke.com/ershoufang/20030717710100169911.html,汇融名城B区,https://cd.ke.com/xiaoqu/3011056120498/,中楼层(共18层),2008年建,2室1厅,83.79平米,西南西,0,5天前发布
4638,正朝西的刚需小套二，高楼层，户型方正，功能性强,https://cd.ke.com/ershoufang/20030717710100169389.html,正成东区1号,https://cd.ke.com/xiaoqu/1620021204396564/,中楼层(共26层)2室1厅,59.64平米,西,,,4,5天前发布
4639,7号线地铁口，精装套3，诚心出售,https://cd.ke.com/ershoufang/20030717710100166911.html,阳光100米娅中心一期,https://cd.ke.com/xiaoqu/3011054144684/,高楼层(共27层),2012年建,3室1厅,86.16平米,西,0,5天前发布
4640,仙湖公馆2室1厅东西,https://cd.ke.com/ershoufang/20030717710100168655.html,仙湖公馆,https://cd.ke.com/xiaoqu/3011053812644/,低楼层(共20层),2012年建,2室1厅,72平米,东西,0,5天前发布
4641,兴元华盛一期3室2厅东北,https://cd.ke.com/ershoufang/20030717710100169719.html,兴元华盛一期,https://cd.ke.com/xiaoqu/3011053551293/,高楼层(共18层),2008年建,3室2厅,113平米,东北,1,5天前发布
4642,蓉铁花园2室1厅南,https://cd.ke.com/ershoufang/20030717710100166156.html,蓉铁花园,https://cd.ke.com/xiaoqu/3011053860128/,中楼层(共18层),2009年建,2室1厅,86.5平米,南,0,5天前发布
4643,中铁青秀城套四，小区环境优美户型方正。,https://cd.ke.com/ershoufang/20030717710100170969.html,青秀城,https://cd.ke.com/xiaoqu/3011052739893/,低楼层(共18层),2012年建,4室2厅,119.78平米,南,1,5天前发布
4644,蓝润v客尚东一期4室2厅南,https://cd.ke.com/ershoufang/20030717710100165459.html,蓝润v客尚东一期,https://cd.ke.com/xiaoqu/1620037987997587/,低楼层(共32层)4室2厅,94.65平米,南,,,0,5天前发布
4645,华润熙悦广场1室0厅东,https://cd.ke.com/ershoufang/20030717710100164463.html,华润熙悦广场,https://cd.ke.com/xiaoqu/1611061257890/,高楼层(共16层),2015年建,1室0厅,49.56平米,东,0,5天前发布
4646,中房红枫岭三期标准车位诚心出售,https://cd.ke.com/ershoufang/20030717710100153343.html,红枫岭三期,https://cd.ke.com/xiaoqu/3011053904970/,地下室(共层),2009年建,1室0厅,34.05平米,东,0,5天前发布
4647,建材设计院套三带装修交通位置好,https://cd.ke.com/ershoufang/20030717710100154241.html,成都建筑材料工业设计研究院,https://cd.ke.com/xiaoqu/3011053173434/,高楼层(共7层)3室1厅,102.4平米,南,,,3,5天前发布
4648,价格带车位套二小区中间位置科技房,https://cd.ke.com/ershoufang/20030717710100147141.html,朗诗绿色街区,https://cd.ke.com/xiaoqu/1611062264242/,高楼层(共18层),2014年建,2室1厅,89.48平米,东南,1,5天前发布
4649,八里小区金华苑低楼层标准套二带双阳台,https://cd.ke.com/ershoufang/20030717710100145157.html,金华苑,https://cd.ke.com/xiaoqu/3011053710211/,低楼层(共7层)2室1厅,73.6平米,东南,,,2,5天前发布
4650,兴元华盛大套二出售户型方正采光好,https://cd.ke.com/ershoufang/20030717710100144528.html,兴元华盛二期,https://cd.ke.com/xiaoqu/1611058905880/,高楼层(共18层),2009年建,2室2厅,85.9平米,西北,0,5天前发布
4651,中国铁建北湖国际城二期3室1厅南,https://cd.ke.com/ershoufang/20030717710100143717.html,中国铁建北湖国际城二期,https://cd.ke.com/xiaoqu/1615365748592372/,低楼层(共35层),2018年建,3室1厅,83平米,南,2,5天前发布
4652,此房对中庭，视野开阔无遮挡，采光充足,https://cd.ke.com/ershoufang/20030717710100142738.html,花样年花郡,https://cd.ke.com/xiaoqu/1611041612572/,低楼层(共26层),2008年建,2室2厅,83.41平米,西,8,5天前发布
4653,蓝光金悦府超大套四动静分区户型方正,https://cd.ke.com/ershoufang/20030717710100140748.html,蓝光金悦府,https://cd.ke.com/xiaoqu/1611062708652/,低楼层(共24层),2017年建,4室1厅,123平米,南北,0,5天前发布
4654,办公装修，交通方便楼下就是地铁三号线昭觉寺南路站。,https://cd.ke.com/ershoufang/20030717710100139874.html,东立国际广场,https://cd.ke.com/xiaoqu/3011053519890/,低楼层(共20层),2008年建,1室0厅,38.7平米,南,1,5天前发布
4655,融锦城1室0厅西南,https://cd.ke.com/ershoufang/20030717710100139617.html,融锦城,https://cd.ke.com/xiaoqu/3011053787020/,低楼层(共18层),2014年建,1室0厅,60平米,西南,0,5天前发布
4656,融锦城1室0厅西南,https://cd.ke.com/ershoufang/20030717710100139425.html,融锦城,https://cd.ke.com/xiaoqu/3011053787020/,低楼层(共18层),2014年建,1室0厅,70平米,西南,0,5天前发布
4657,万年场标准套二采光好楼层好,https://cd.ke.com/ershoufang/20030717710100139390.html,金宇花园,https://cd.ke.com/xiaoqu/3011053897557/,低楼层(共7层),1996年建,2室1厅,66.68平米,南北,0,5天前发布
4658,万年场二十四城商圈户型方正拎包入住,https://cd.ke.com/ershoufang/20030717710100138626.html,长天路3号,https://cd.ke.com/xiaoqu/3011053903492/,高楼层(共6层),1994年建,1室1厅,41.01平米,东南,2,5天前发布
4659,精装居家大套三明厨明卫拎包入住采光好小高层电梯,https://cd.ke.com/ershoufang/20030717710100137914.html,八里阳光,https://cd.ke.com/xiaoqu/1611060993420/,中楼层(共18层),2007年建,3室2厅,113.61平米,东南,0,5天前发布
4660,华宇品质楼盘，精装套二，户型方正，拎包入住,https://cd.ke.com/ershoufang/20030717710100138079.html,华宇阳光四季,https://cd.ke.com/xiaoqu/1611059346207/,高楼层(共17层),2010年建,2室1厅,75.31平米,西南,0,5天前发布
4661,东三环内精装套二可拎包入住,https://cd.ke.com/ershoufang/20030717710100137655.html,蓝润v客尚东一期,https://cd.ke.com/xiaoqu/1620037987997587/,中楼层(共34层),2016年建,2室1厅,66平米,北,0,5天前发布
4662,驷马桥围合式次新品质小区精装套三,https://cd.ke.com/ershoufang/20030717710100137564.html,领都,https://cd.ke.com/xiaoqu/3011052952072/,高楼层(共22层),2014年建,3室1厅,87.83平米,东,10,5天前发布
4663,东中环理工旁华西花园套二客厅带阳台,https://cd.ke.com/ershoufang/20030717710100136495.html,华西花园二期,https://cd.ke.com/xiaoqu/1611041733164/,高楼层(共34层),2011年建,2室2厅,86.16平米,西北,4,5天前发布
4664,成华奥园广场二期3室1厅东南,https://cd.ke.com/ershoufang/20030717710100136510.html,成华奥园广场二期,https://cd.ke.com/xiaoqu/1613922753851012/,中楼层(共39层),2018年建,3室1厅,95.22平米,东南,4,5天前发布
4665,新鸿一区3室1厅东南,https://cd.ke.com/ershoufang/20030717710100129460.html,新鸿一区,https://cd.ke.com/xiaoqu/3011052901200/,高楼层(共6层),1994年建,3室1厅,58.23平米,东南,0,5天前发布
4666,万象城旁热电厂宿舍两居采光很好,https://cd.ke.com/ershoufang/20030717710100128376.html,热电厂宿舍,https://cd.ke.com/xiaoqu/1611059816494/,中楼层(共7层),2002年建,2室1厅,69.34平米,南,4,5天前发布
4667,金科中心3室1厅西,https://cd.ke.com/ershoufang/20030717710100130452.html,金科中心,https://cd.ke.com/xiaoqu/1611063742385/,低楼层(共21层),2015年建,3室1厅,85.94平米,西,3,5天前发布
4668,兴元华盛三期朝南套三双卫出售,https://cd.ke.com/ershoufang/20030717710100126160.html,兴元华盛三期,https://cd.ke.com/xiaoqu/1611058907527/,高楼层(共18层),2010年建,3室1厅,101.22平米,南,16,5天前发布
4669,富临大厦套三户型方正2000年电梯房,https://cd.ke.com/ershoufang/20030717710100126915.html,富临大厦,https://cd.ke.com/xiaoqu/1611041815790/,高楼层(共32层),2001年建,3室1厅,191.69平米,东南,0,5天前发布
4670,双水康城低楼层标准套一，户型方正对中庭,https://cd.ke.com/ershoufang/20030717710100124012.html,双水康城A区,https://cd.ke.com/xiaoqu/3011054010097/,低楼层(共6层)1室1厅,44.27平米,南,,,15,5天前发布
4671,三环内央企开发商带露台100平,https://cd.ke.com/ershoufang/20030717710100123275.html,电建地产美立方,https://cd.ke.com/xiaoqu/1611062694711/,低楼层(共18层)2室1厅,61.31平米,西,,,0,5天前发布
4672,三环内带100平露台简装套二另外一户套二挨着噢,https://cd.ke.com/ershoufang/20030717710100122656.html,电建地产美立方,https://cd.ke.com/xiaoqu/1611062694711/,低楼层(共18层)2室1厅,61平米,西,,,0,5天前发布
4673,世家东部时空3室2厅西北,https://cd.ke.com/ershoufang/20030717710100116297.html,世家东部时空,https://cd.ke.com/xiaoqu/3011053766728/,低楼层(共27层),2010年建,3室2厅,122.51平米,西北,1,5天前发布
4674,蓝光乐彩城标准套三精装修次新房,https://cd.ke.com/ershoufang/20030717710100115869.html,蓝光乐彩城,https://cd.ke.com/xiaoqu/1611050189052/,高楼层(共40层)3室2厅,71平米,西北,,,2,5天前发布
4675,龙潭寺2015年商品房中间楼层精装小套二,https://cd.ke.com/ershoufang/20030717710100119158.html,时代欣城,https://cd.ke.com/xiaoqu/1620028161446189/,中楼层(共28层)2室1厅,66.27平米,东,,,0,5天前发布
4676,华润二十四城一期3室2厅西北,https://cd.ke.com/ershoufang/20030717710100113596.html,华润二十四城一期,https://cd.ke.com/xiaoqu/3011054427433/,高楼层(共32层),2009年建,3室2厅,89.04平米,西北,1,5天前发布
4677,北湖国际城精装套三，诚心出售。,https://cd.ke.com/ershoufang/20030717710100110992.html,中国铁建北湖国际城二期,https://cd.ke.com/xiaoqu/1615365748592372/,高楼层(共35层),2018年建,3室1厅,83.19平米,东南,0,5天前发布
4678,中迪创世纪2室1厅西南,https://cd.ke.com/ershoufang/20030717710100110125.html,中迪创世纪,https://cd.ke.com/xiaoqu/1611063242577/,中楼层(共30层),2016年建,2室1厅,64平米,西南,0,5天前发布
4679,蓝光锦绣城21栋2室1厅东南,https://cd.ke.com/ershoufang/20030717710100101450.html,蓝光锦绣城21栋,https://cd.ke.com/xiaoqu/1620023577100168/,高楼层(共33层),2015年建,2室1厅,63.39平米,东南,1,5天前发布
4680,红枫岭三期89.7平三居室装修新,https://cd.ke.com/ershoufang/20030617710100205890.html,红枫岭三期,https://cd.ke.com/xiaoqu/3011053904970/,高楼层(共33层),2009年建,3室2厅,89.7平米,东南,1,6天前发布
4681,龙湖三千城套三双卫中间楼层精装修采光好,https://cd.ke.com/ershoufang/20030617710100200932.html,龙湖三千城二期B区,https://cd.ke.com/xiaoqu/3011053812925/,中楼层(共34层),2012年建,3室2厅,129.54平米,南,0,6天前发布
4682,锦绣东方一期2室1厅西南,https://cd.ke.com/ershoufang/20030617710100200661.html,锦绣东方一期,https://cd.ke.com/xiaoqu/3011056122684/,中楼层(共33层),2009年建,2室1厅,67.91平米,西南,0,6天前发布
4683,新里柏仕公馆3室1厅东南,https://cd.ke.com/ershoufang/20030617710100193899.html,新里柏仕公馆,https://cd.ke.com/xiaoqu/3011052122263/,中楼层(共32层),2011年建,3室1厅,86.5平米,东南,3,6天前发布
4684,一环内正规套二户型方正不临街,https://cd.ke.com/ershoufang/20030617710100194087.html,祥和里87号,https://cd.ke.com/xiaoqu/3011053190007/,中楼层(共7层),1995年建,2室1厅,75平米,东南,0,6天前发布
4685,时代欣城3室2厅西南,https://cd.ke.com/ershoufang/20030617710100188897.html,时代欣城,https://cd.ke.com/xiaoqu/1620028161446189/,中楼层(共18层),2014年建,3室2厅,94.84平米,西南,1,6天前发布
4686,华宇阳光四季优质套二，中间楼层，标准套二,https://cd.ke.com/ershoufang/20030617710100188928.html,华宇阳光四季,https://cd.ke.com/xiaoqu/1611059346207/,高楼层(共16层),2010年建,2室2厅,79.49平米,东南,4,6天前发布
4687,东2.5环精装套一，交通便利，配套齐全,https://cd.ke.com/ershoufang/20030617710100188646.html,阳光100米娅中心一期,https://cd.ke.com/xiaoqu/3011054144684/,高楼层(共32层),2012年建,1室1厅,45.78平米,南,16,6天前发布
4688,蜜城(双林南支路)2室1厅北,https://cd.ke.com/ershoufang/20030617710100187152.html,蜜城(双林南支路),https://cd.ke.com/xiaoqu/1611061119681/,中楼层(共22层),2007年建,2室1厅,93.7平米,北,0,6天前发布
4689,套三双卫双阳台，采光充足，安静不临街,https://cd.ke.com/ershoufang/20030617710100187043.html,罗兰小镇,https://cd.ke.com/xiaoqu/3011053899369/,中楼层(共18层),2008年建,3室2厅,111.48平米,东北,0,6天前发布
4690,新华社区2室1厅西南,https://cd.ke.com/ershoufang/20030617710100181039.html,新华社区,https://cd.ke.com/xiaoqu/3011052909017/,中楼层(共7层),1997年建,2室1厅,54.12平米,西南,6,6天前发布
4691,东客站精装套二，带外阳台，交通方便,https://cd.ke.com/ershoufang/20030617710100180225.html,新里柏仕公馆,https://cd.ke.com/xiaoqu/3011052122263/,中楼层(共32层),2011年建,2室1厅,74.17平米,西,0,6天前发布
4692,房子户型方正，产权清晰，过户方便,https://cd.ke.com/ershoufang/20030617710100177541.html,锦电苑,https://cd.ke.com/xiaoqu/1611061250129/,低楼层(共7层),2003年建,2室2厅,85.83平米,西,1,6天前发布
4693,视野好，精装修标准套二，欢迎带看,https://cd.ke.com/ershoufang/20030617710100177389.html,东方丽苑,https://cd.ke.com/xiaoqu/3011055378425/,高楼层(共29层)2室1厅,70.72平米,东,,,0,6天前发布
4694,东客站西广场荣盛香榭兰庭二期精装套一,https://cd.ke.com/ershoufang/20030617710100173640.html,荣盛香榭兰庭二期,https://cd.ke.com/xiaoqu/1620021358646993/,中楼层(共36层),2016年建,1室1厅,46.26平米,西南,0,6天前发布
4695,国光一环大厦1室1厅东南,https://cd.ke.com/ershoufang/20030617710100171930.html,国光一环大厦,https://cd.ke.com/xiaoqu/3011053211689/,中楼层(共26层),1999年建,1室1厅,41.52平米,东南,1,6天前发布
4696,清水套二，可自己装修，中间楼层，采光好,https://cd.ke.com/ershoufang/20030617710100164114.html,龙湖丽景B区,https://cd.ke.com/xiaoqu/3011055389795/,高楼层(共18层),2010年建,2室2厅,87.72平米,西北,0,6天前发布
4697,龙潭立交三环外侧东方丽苑套二业主诚心出售,https://cd.ke.com/ershoufang/20030617710100164074.html,东方丽苑,https://cd.ke.com/xiaoqu/3011055378425/,中楼层(共29层)2室2厅,69.93平米,北,,,0,6天前发布
4698,蓝光coco国际，套三，有装修，朝南对中庭，看房预约,https://cd.ke.com/ershoufang/20030617710100163132.html,蓝光coco国际一期,https://cd.ke.com/xiaoqu/1611100032254/,中楼层(共33层),2016年建,3室2厅,71.19平米,南,4,6天前发布
4699,金科天籁城优质套二，户型方正采光好,https://cd.ke.com/ershoufang/20030617710100162143.html,金科天籁城,https://cd.ke.com/xiaoqu/3011055384260/,低楼层(共25层)2室2厅,72.3平米,北,,,0,6天前发布
4700,建设路龙湖三千里优质套三带阳台,https://cd.ke.com/ershoufang/20030617710100159740.html,龙湖三千里B区二期,https://cd.ke.com/xiaoqu/3011053802952/,中楼层(共33层),2009年建,3室1厅,125.26平米,北东北,17,6天前发布
4701,精装套三拎包入住中高楼层采光好,https://cd.ke.com/ershoufang/20030617710100160161.html,领地海纳时代,https://cd.ke.com/xiaoqu/1611062709383/,中楼层(共34层),2016年建,3室1厅,72.37平米,东北,2,6天前发布
4702,蓉铁花园2室1厅东南,https://cd.ke.com/ershoufang/20030617710100155993.html,蓉铁花园,https://cd.ke.com/xiaoqu/3011053860128/,高楼层(共18层),2009年建,2室1厅,86.57平米,东南,0,6天前发布
4703,双林二巷低楼层近4号线一环边，公园房,https://cd.ke.com/ershoufang/20030617710100160476.html,双林二巷1号,https://cd.ke.com/xiaoqu/1611063773726/,低楼层(共6层),1992年建,2室1厅,56.1平米,东南,0,6天前发布
4704,府青路二段18号2室1厅东南,https://cd.ke.com/ershoufang/20030617710100154071.html,府青路二段18号,https://cd.ke.com/xiaoqu/3011056114230/,中楼层(共18层),2005年建,2室1厅,77.28平米,东南,0,6天前发布
4705,金科一城1室0厅东,https://cd.ke.com/ershoufang/20030617710100153423.html,金科一城,https://cd.ke.com/xiaoqu/1611059035753/,地下室(共层),2010年建,1室0厅,29.6平米,东,0,6天前发布
4706,一环内红星桥电梯套二，精装修,https://cd.ke.com/ershoufang/20030617710100152825.html,嘉通云尚,https://cd.ke.com/xiaoqu/3011053673864/,中楼层(共39层),2011年建,2室1厅,79.14平米,东南,0,6天前发布
4707,建设路精装套二，对中庭，可拎包入住,https://cd.ke.com/ershoufang/20030617710100150763.html,首创爱这城三期,https://cd.ke.com/xiaoqu/1620021532708819/,高楼层(共29层),2009年建,2室1厅,81.34平米,西南,0,6天前发布
4708,红枫岭三期标准户型房子套二带大平台,https://cd.ke.com/ershoufang/20030617710100150065.html,红枫岭三期,https://cd.ke.com/xiaoqu/3011053904970/,低楼层(共28层),2009年建,2室1厅,84.95平米,北,3,6天前发布
4709,二仙桥东二路4号2室1厅西,https://cd.ke.com/ershoufang/20030617710100145918.html,二仙桥东二路4号,https://cd.ke.com/xiaoqu/1620039264673535/,高楼层(共6层)2室1厅,52.86平米,西,,,0,6天前发布
4710,首创国际城一期居家套三视野好采光好,https://cd.ke.com/ershoufang/20030617710100146297.html,首创国际城一期,https://cd.ke.com/xiaoqu/3011052117274/,高楼层(共34层),2010年建,3室2厅,85.25平米,西北,24,6天前发布
4711,五冶医院背后，套二，采光好，安静不临街,https://cd.ke.com/ershoufang/20030617710100147291.html,新鸿路五冶住宅区,https://cd.ke.com/xiaoqu/3011052446816/,高楼层(共6层),2000年建,2室1厅,74.66平米,东南,0,6天前发布
4712,高地3室2厅东南,https://cd.ke.com/ershoufang/20030617710100139695.html,高地,https://cd.ke.com/xiaoqu/3011053178464/,低楼层(共25层),2008年建,3室2厅,123.19平米,东南,4,6天前发布
4713,万科魅力之城一期2室2厅东,https://cd.ke.com/ershoufang/20030617710100137765.html,万科魅力之城一期,https://cd.ke.com/xiaoqu/1611060976111/,中楼层(共11层),2011年建,2室2厅,92.14平米,东,0,6天前发布
4714,精装套三拎包入住户型方正采光好,https://cd.ke.com/ershoufang/20030617710100135078.html,领地海纳时代,https://cd.ke.com/xiaoqu/1611062709383/,高楼层(共29层)3室1厅,77.61平米,西南,,,0,6天前发布
4715,金科一城标准套二带装修，客厅带阳台的户型,https://cd.ke.com/ershoufang/20030617710100129941.html,金科一城,https://cd.ke.com/xiaoqu/1611059035753/,低楼层(共21层),2012年建,2室1厅,63.28平米,东南,1,6天前发布
4716,高地顶跃装修保养好带楼顶花园,https://cd.ke.com/ershoufang/20030617710100129239.html,高地,https://cd.ke.com/xiaoqu/3011053178464/,高楼层(共25层),2008年建,3室2厅,128.29平米,东南,2,6天前发布
4717,建华南巷简装出售，户型方正。采光好，格局好。,https://cd.ke.com/ershoufang/20030617710100124260.html,建华南巷4号,https://cd.ke.com/xiaoqu/1611059508999/,高楼层(共6层),1995年建,2室2厅,62.92平米,西,5,6天前发布
4718,东郊记忆旁，双地铁，品质开发商，家具家电齐全,https://cd.ke.com/ershoufang/20030617710100122012.html,招商中央华城一期,https://cd.ke.com/xiaoqu/1620045820623323/,中楼层(共20层),2017年建,1室1厅,18.24平米,东南,0,6天前发布
4719,正规套二有客厅，包含屋内家具家电,https://cd.ke.com/ershoufang/20030617710100120881.html,双林路136号,https://cd.ke.com/xiaoqu/1611041847623/,高楼层(共6层),1990年建,2室1厅,55.77平米,南北,11,6天前发布
4720,东2.5环次新小区温馨精装套二,https://cd.ke.com/ershoufang/20030617710100121941.html,蓝光东方天地,https://cd.ke.com/xiaoqu/1611100069088/,中楼层(共31层),2015年建,2室1厅,52.68平米,东南,2,6天前发布
4721,标准套一出售清水房随意装修户型方正对中庭,https://cd.ke.com/ershoufang/20030617710100119540.html,华裕路9号,https://cd.ke.com/xiaoqu/1620029716020500/,低楼层(共18层)1室1厅,51.88平米,西,,,0,6天前发布
4722,标准套二，中间楼层朝南，精装修拎包入住,https://cd.ke.com/ershoufang/20030617710100123048.html,首创光和城二期,https://cd.ke.com/xiaoqu/1611062712269/,中楼层(共33层)2室1厅,64.08平米,南,,,0,6天前发布
4723,八里小区安庆苑套二出售，户型好,https://cd.ke.com/ershoufang/20030617710100116696.html,安庆苑,https://cd.ke.com/xiaoqu/3011053798777/,中楼层(共7层)2室1厅,76.31平米,南,,,0,6天前发布
4724,东2.5环，槐树店双地铁口电梯大套二！,https://cd.ke.com/ershoufang/20030617710100110744.html,华天阳光,https://cd.ke.com/xiaoqu/3011054130316/,低楼层(共29层),2012年建,2室1厅,85.08平米,东西,26,6天前发布
4725,柒公馆精装套三户型方正视野开阔,https://cd.ke.com/ershoufang/20030617710100109948.html,华润二十四城七期,https://cd.ke.com/xiaoqu/1611928934298169/,高楼层(共43层),2018年建,3室2厅,92.81平米,西,2,6天前发布
4726,建设路首创精装套二户型方正可拎包入住,https://cd.ke.com/ershoufang/20030617710100109862.html,首创爱这城一二期,https://cd.ke.com/xiaoqu/3011053205624/,中楼层(共33层),2009年建,2室2厅,88.6平米,东,17,6天前发布
4727,上城国际1室1厅东南,https://cd.ke.com/ershoufang/20030617710100102018.html,上城国际,https://cd.ke.com/xiaoqu/3011053903460/,高楼层(共33层),2013年建,1室1厅,78平米,东南,0,6天前发布
4728,客厅带阳台，居家套二，交通方便！,https://cd.ke.com/ershoufang/20030617710100100550.html,天空城,https://cd.ke.com/xiaoqu/3011056104727/,高楼层(共28层),2010年建,2室1厅,86.05平米,东南,1,6天前发布
4729,3号昭觉寺南路站口，办公房，无需资格，单价7000多,https://cd.ke.com/ershoufang/20030517710100207584.html,东立国际广场,https://cd.ke.com/xiaoqu/3011053519890/,中楼层(共20层),2008年建,1室0厅,46.1平米,东南,0,7天前发布
4730,领都带子母车位出售精装带家具家电户型方正,https://cd.ke.com/ershoufang/20030517710100206861.html,领都,https://cd.ke.com/xiaoqu/3011052952072/,高楼层(共22层),2014年建,2室1厅,78.61平米,东南,0,7天前发布
4731,榜样1室1厅西南,https://cd.ke.com/ershoufang/20030517710100205872.html,榜样,https://cd.ke.com/xiaoqu/1611058849499/,高楼层(共21层),2013年建,1室1厅,65.99平米,西南,1,7天前发布
4732,蓝光锦绣城1室1厅西,https://cd.ke.com/ershoufang/20030517710100203961.html,蓝光锦绣城,https://cd.ke.com/xiaoqu/3011052082027/,低楼层(共33层),2014年建,1室1厅,48.54平米,西,1,7天前发布
4733,高地小区+高楼层+带装修+采光通风好,https://cd.ke.com/ershoufang/20030517710100201590.html,高地,https://cd.ke.com/xiaoqu/3011053178464/,高楼层(共25层),2008年建,2室1厅,79.18平米,东,1,7天前发布
4734,兴元华盛三期2室1厅东,https://cd.ke.com/ershoufang/20030517710100200311.html,兴元华盛三期,https://cd.ke.com/xiaoqu/1611058907527/,中楼层(共18层),2010年建,2室1厅,81.96平米,东,0,7天前发布
4735,交通方便，双地铁线，格局有改动,https://cd.ke.com/ershoufang/20030517710100196099.html,东方新城二期,https://cd.ke.com/xiaoqu/3011052617695/,低楼层(共11层),2008年建,2室2厅,78.01平米,东南,2,7天前发布
4736,满五唯一，户型通透，居家装修，位置安静不吵,https://cd.ke.com/ershoufang/20030517710100193611.html,浅水半岛一期,https://cd.ke.com/xiaoqu/1611058934011/,低楼层(共27层),2008年建,3室2厅,127.16平米,西北,2,7天前发布
4737,华润翠林华庭品质大盘，精装套二，房东诚心出售,https://cd.ke.com/ershoufang/20030517710100192882.html,华润翠林华庭,https://cd.ke.com/xiaoqu/1611059334560/,低楼层(共16层),2013年建,2室1厅,79平米,北,2,7天前发布
4738,标准大套二，实木家具装修，等您来看,https://cd.ke.com/ershoufang/20030517710100187679.html,驷马康城,https://cd.ke.com/xiaoqu/3011053587270/,高楼层(共22层),2000年建,2室2厅,80.83平米,南,1,7天前发布
4739,一环路大套三，装修保养好，直接拎包入住。,https://cd.ke.com/ershoufang/20030517710100185729.html,新东方,https://cd.ke.com/xiaoqu/3011053692870/,高楼层(共9层),2000年建,3室2厅,122.28平米,南,1,7天前发布
4740,保利康桥精装套三中低楼层出售随时可看,https://cd.ke.com/ershoufang/20030517710100190596.html,保利康桥,https://cd.ke.com/xiaoqu/1611061270625/,低楼层(共34层),2014年建,3室1厅,123.21平米,东,2,7天前发布
4741,主城区精装跃层带花园装修保养好,https://cd.ke.com/ershoufang/20030517710100182585.html,槐树苑二期宏苑,https://cd.ke.com/xiaoqu/3011054200393/,高楼层(共6层),2003年建,3室2厅,95.25平米,南,22,7天前发布
4742,主城区装修套二，低楼层，拎包入住,https://cd.ke.com/ershoufang/20030517710100182073.html,胜天人居,https://cd.ke.com/xiaoqu/3011053656227/,低楼层(共33层)2室1厅,74.03平米,东,,,3,7天前发布
4743,东林小区2室1厅东南,https://cd.ke.com/ershoufang/20030517710100181181.html,东林小区,https://cd.ke.com/xiaoqu/3011052600185/,低楼层(共6层),2003年建,2室1厅,72.88平米,东南,0,7天前发布
4744,带大平台和车位，交通方便，户型方正,https://cd.ke.com/ershoufang/20030517710100176949.html,上东一号一期,https://cd.ke.com/xiaoqu/3011052291451/,低楼层(共18层),2008年建,3室2厅,86.57平米,南,6,7天前发布
4745,观城高层，客厅带阳台，看洋房，安静不吵,https://cd.ke.com/ershoufang/20030517710100174529.html,观城,https://cd.ke.com/xiaoqu/1611057227209/,低楼层(共33层),2013年建,3室1厅,89.52平米,东南,2,7天前发布
4746,一环路玉双路小区标准套二,https://cd.ke.com/ershoufang/20030517710100175185.html,玉双路5号,https://cd.ke.com/xiaoqu/1611060101185/,高楼层(共6层),1998年建,2室1厅,53.5平米,东南,0,7天前发布
4747,二仙桥地铁口次新房标准套二户型方正,https://cd.ke.com/ershoufang/20030517710100175690.html,交大归谷建设派,https://cd.ke.com/xiaoqu/1611062703209/,中楼层(共21层),2017年建,2室2厅,57.63平米,东南,3,7天前发布
4748,新里柏仕公馆3室1厅东南,https://cd.ke.com/ershoufang/20030517710100175239.html,新里柏仕公馆,https://cd.ke.com/xiaoqu/3011052122263/,低楼层(共32层),2011年建,3室1厅,86平米,东南,4,7天前发布
4749,精装套三，房东自住，保养好，诚心卖,https://cd.ke.com/ershoufang/20030517710100172018.html,朗诗绿色街区,https://cd.ke.com/xiaoqu/1611062264242/,低楼层(共18层),2014年建,3室1厅,95.97平米,北,14,7天前发布
4750,隆兴嘉苑精装套二，满两年，房东诚心出售,https://cd.ke.com/ershoufang/20030517710100170516.html,隆兴嘉苑,https://cd.ke.com/xiaoqu/3011053662037/,低楼层(共32层)2室1厅,57.98平米,西南,,,5,7天前发布
4751,浅水半岛标准套二湖居生活户型方正,https://cd.ke.com/ershoufang/20030517710100169777.html,浅水半岛一期,https://cd.ke.com/xiaoqu/1611058934011/,低楼层(共27层),2008年建,2室2厅,87.49平米,东,0,7天前发布
4752,泛悦城市广场3室1厅南,https://cd.ke.com/ershoufang/20030517710100168070.html,泛悦城市广场,https://cd.ke.com/xiaoqu/168690686767683/,中楼层(共32层),2017年建,3室1厅,78.53平米,南,0,7天前发布
4753,金科一城1室0厅东,https://cd.ke.com/ershoufang/20030517710100160861.html,金科一城,https://cd.ke.com/xiaoqu/1611059035753/,地下室(共层),2010年建,1室0厅,20.51平米,东,0,7天前发布
4754,成华区龙潭寺套三双卫带子母车位出售厅带阳台中楼层,https://cd.ke.com/ershoufang/20030517710100160414.html,北湖龙珠,https://cd.ke.com/xiaoqu/1613130487835931/,中楼层(共33层),2010年建,3室2厅,102.75平米,西北,13,7天前发布
4755,精装修对中庭中间楼层套三双卫经典户型明厨明卫通风好,https://cd.ke.com/ershoufang/20030517710100165171.html,华润二十四城五期,https://cd.ke.com/xiaoqu/1611060845404/,中楼层(共32层),2014年建,3室2厅,95.69平米,东南,2,7天前发布
4756,小套三，新小区，，采光佳，视野无遮挡,https://cd.ke.com/ershoufang/20030517710100160061.html,首创光和城二期,https://cd.ke.com/xiaoqu/1611062712269/,低楼层(共33层),2016年建,3室1厅,78.69平米,东南,0,7天前发布
4757,蓝光coco时代小套三保养好，明厨明卫，视野好，采光佳,https://cd.ke.com/ershoufang/20030517710100160738.html,蓝光COCO时代,https://cd.ke.com/xiaoqu/3011053622524/,低楼层(共31层),2014年建,3室1厅,69.81平米,西南,0,7天前发布
4758,二仙桥石油管理站第二住宅区2室1厅西南,https://cd.ke.com/ershoufang/20030517710100158744.html,二仙桥石油管理站第二住宅区,https://cd.ke.com/xiaoqu/1620030292969131/,中楼层(共6层)2室1厅,55.1平米,西南,,,1,7天前发布
4759,二仙桥石油管理站第二住宅区2室1厅南,https://cd.ke.com/ershoufang/20030517710100158562.html,二仙桥石油管理站第二住宅区,https://cd.ke.com/xiaoqu/1620030292969131/,低楼层(共6层)2室1厅,56平米,南,,,0,7天前发布
4760,招商雍华府二期清水套二采光视野好,https://cd.ke.com/ershoufang/20030517710100156630.html,招商雍华府二期,https://cd.ke.com/xiaoqu/3011053944749/,高楼层(共19层),2014年建,2室1厅,77.75平米,东,6,7天前发布
4761,阳光100米娅一期标准套一户型方正,https://cd.ke.com/ershoufang/20030517710100150744.html,阳光100米娅中心一期,https://cd.ke.com/xiaoqu/3011054144684/,低楼层(共27层),2012年建,1室1厅,45.89平米,东,14,7天前发布
4762,保利品质，人车分流，保利物业，自带英伦风情水街,https://cd.ke.com/ershoufang/20030517710100152557.html,保利林语溪一期,https://cd.ke.com/xiaoqu/1611063955217/,低楼层(共27层),2018年建,3室2厅,96.11平米,北,6,7天前发布
4763,北二环边416医院居家小套二诚心出售,https://cd.ke.com/ershoufang/20030517710100150499.html,成都冶金实验厂宿舍,https://cd.ke.com/xiaoqu/3011056110475/,高楼层(共7层),2010年建,2室1厅,60.57平米,东,0,7天前发布
4764,主城区套二，中间楼层，前后对中庭，采光好,https://cd.ke.com/ershoufang/20030517710100148058.html,东虹路33号院,https://cd.ke.com/xiaoqu/3011053843831/,中楼层(共6层),2008年建,2室2厅,73.08平米,南,2,7天前发布
4765,金科一城标准套二户型方正采光好,https://cd.ke.com/ershoufang/20030517710100139219.html,金科一城,https://cd.ke.com/xiaoqu/1611059035753/,高楼层(共21层),2012年建,2室1厅,63平米,西,15,7天前发布
4766,带家具家电的精装套二，无增值税,https://cd.ke.com/ershoufang/20030517710100140494.html,隆兴嘉苑,https://cd.ke.com/xiaoqu/3011053662037/,低楼层(共33层),2015年建,2室1厅,59.57平米,西南,9,7天前发布
4767,新龙苑西区，中间楼层，套三出售,https://cd.ke.com/ershoufang/20030517710100138825.html,新龙苑西区,https://cd.ke.com/xiaoqu/3011052921803/,中楼层(共7层),2003年建,3室2厅,98.5平米,东,9,7天前发布
4768,花郡精装过套一，对中庭，安静不临街,https://cd.ke.com/ershoufang/20030517710100138364.html,花样年花郡,https://cd.ke.com/xiaoqu/1611041612572/,中楼层(共32层),2008年建,1室1厅,44.1平米,东南,4,7天前发布
4769,成功银玺国际精装套二，户型方正,https://cd.ke.com/ershoufang/20030517710100137493.html,成功银玺国际,https://cd.ke.com/xiaoqu/1611060185688/,低楼层(共31层),2012年建,2室1厅,69.71平米,南,3,7天前发布
4770,驷马桥大套三双卫出售，点击进入看好房，随时看,https://cd.ke.com/ershoufang/20030517710100134838.html,兴元华盛三期,https://cd.ke.com/xiaoqu/1611058907527/,高楼层(共18层),2010年建,3室1厅,101.89平米,东,3,7天前发布
4771,锦都馨苑1室1厅东南,https://cd.ke.com/ershoufang/20030517710100132075.html,锦都馨苑,https://cd.ke.com/xiaoqu/3011053714121/,高楼层(共6层),2003年建,1室1厅,51.36平米,东南,0,7天前发布
4772,招商中央华城一期1室1厅西南,https://cd.ke.com/ershoufang/20030517710100131579.html,招商中央华城一期,https://cd.ke.com/xiaoqu/1620045820623323/,高楼层(共26层),2017年建,1室1厅,39.13平米,西南,0,7天前发布
4773,红枫岭三期负二楼标准车位诚意出售,https://cd.ke.com/ershoufang/20030517710100128996.html,红枫岭三期,https://cd.ke.com/xiaoqu/3011053904970/,地下室(共层),2009年建,1室0厅,34.05平米,东,0,7天前发布
4774,蓝光金悦府1室0厅东,https://cd.ke.com/ershoufang/20030517710100129114.html,蓝光金悦府,https://cd.ke.com/xiaoqu/1611062708652/,高楼层(共21层),2017年建,1室0厅,30平米,东,0,7天前发布
4775,东立国际广场1室0厅东南,https://cd.ke.com/ershoufang/20030517710100126351.html,东立国际广场,https://cd.ke.com/xiaoqu/3011053519890/,中楼层(共20层),2008年建,1室0厅,38.7平米,东南,0,7天前发布
4776,合能精装套二，客厅卧室全朝南，安静,https://cd.ke.com/ershoufang/20030517710100125012.html,合能耀之城,https://cd.ke.com/xiaoqu/3011053771681/,中楼层(共18层),2010年建,2室1厅,62.56平米,南,22,7天前发布
4777,急售-急售-清水户型，中间楼层，采光好！,https://cd.ke.com/ershoufang/20030517710100124949.html,蓝光雍锦阁,https://cd.ke.com/xiaoqu/168687695704852/,高楼层(共43层),2018年建,4室2厅,248.06平米,东,1,7天前发布
4778,精装修满两年刚需小户型视野开阔无遮挡采光好,https://cd.ke.com/ershoufang/20030517710100115463.html,蓝润蓝客城,https://cd.ke.com/xiaoqu/1611064002535/,低楼层(共28层)2室1厅,54.05平米,西北,,,3,7天前发布
4779,户型方正，无异型，客厅带阳台，小区环境优美！,https://cd.ke.com/ershoufang/20030517710100117336.html,时代欣城,https://cd.ke.com/xiaoqu/1620028161446189/,高楼层(共28层)2室2厅,66平米,东西,,,0,7天前发布
4780,双林路44号3室1厅东南,https://cd.ke.com/ershoufang/20030517710100113743.html,双林路44号,https://cd.ke.com/xiaoqu/3011052180555/,中楼层(共6层),1988年建,3室1厅,68平米,东南,0,7天前发布
4781,地铁口户型方正采光好装修过的套三,https://cd.ke.com/ershoufang/20030517710100117869.html,融锦城,https://cd.ke.com/xiaoqu/3011053787020/,低楼层(共20层),2014年建,3室1厅,87.71平米,东南,2,7天前发布
4782,地铁口标准套一，精装，拎包入住,https://cd.ke.com/ershoufang/20030517710100115153.html,阳光100米娅中心二期,https://cd.ke.com/xiaoqu/1611063629037/,中楼层(共26层),2015年建,1室1厅,48.59平米,南,7,7天前发布
4783,蓝润V客东区3室2厅东东南,https://cd.ke.com/ershoufang/20030517710100112471.html,蓝润V客东区,https://cd.ke.com/xiaoqu/1611100037929/,中楼层(共33层),2017年建,3室2厅,83.73平米,东东南,4,7天前发布
4784,动物园地铁站海滨公园旁居家装修小套三,https://cd.ke.com/ershoufang/20030517710100111552.html,蓝光coco国际二期,https://cd.ke.com/xiaoqu/1616547789943599/,中楼层(共38层),2016年建,3室1厅,65.18平米,西,4,7天前发布
4785,北回归线房屋户型方正，居家装修，对中庭,https://cd.ke.com/ershoufang/20030517710100110987.html,北回归线一期,https://cd.ke.com/xiaoqu/3011053561486/,高楼层(共22层),2009年建,3室2厅,90.85平米,东南,9,7天前发布
4786,浅水半岛一期标准车位业主换房出售,https://cd.ke.com/ershoufang/20030517710100107150.html,浅水半岛一期,https://cd.ke.com/xiaoqu/1611058934011/,地下室(共层)1室0厅,28.57平米,东南,,,0,7天前发布
4787,花园洋房，带50平米的花园，通透户型。,https://cd.ke.com/ershoufang/20030517710100107053.html,首创爱这城四期,https://cd.ke.com/xiaoqu/1620021885083954/,低楼层(共14层),2009年建,4室2厅,125.36平米,东南南,13,7天前发布
4788,蓝光锦绣城21栋2室1厅南,https://cd.ke.com/ershoufang/20030517710100105612.html,蓝光锦绣城21栋,https://cd.ke.com/xiaoqu/1620023577100168/,中楼层(共33层),2015年建,2室1厅,62.55平米,南,1,7天前发布
4789,锦绣东方标准套二，户型方正，采光好,https://cd.ke.com/ershoufang/20030517710100105129.html,锦绣东方一期,https://cd.ke.com/xiaoqu/3011056122684/,中楼层(共33层),2008年建,2室1厅,67.62平米,东,6,7天前发布
4790,蓝光富丽花城1室0厅南,https://cd.ke.com/ershoufang/20030517710100103648.html,蓝光富丽花城,https://cd.ke.com/xiaoqu/3011052604851/,地下室(共层),2008年建,1室0厅,26.47平米,南,0,7天前发布
4791,首创光和城3室1厅南,https://cd.ke.com/ershoufang/20030517710100103439.html,首创光和城,https://cd.ke.com/xiaoqu/1617652322938857/,高楼层(共31层),2017年建,3室1厅,71.99平米,南,16,7天前发布
4792,融锦城1室1厅东,https://cd.ke.com/ershoufang/20030517710100102783.html,融锦城,https://cd.ke.com/xiaoqu/3011053787020/,低楼层(共18层),2014年建,1室1厅,59.98平米,东,0,7天前发布
4793,建设路浅水半岛居家大套二满五给您一个不一样的家,https://cd.ke.com/ershoufang/20030517710100102364.html,浅水半岛一期,https://cd.ke.com/xiaoqu/1611058934011/,低楼层(共27层),2008年建,2室2厅,88.79平米,东北,7,7天前发布
4794,新里柏仕公馆1室1厅东南,https://cd.ke.com/ershoufang/20030417710100208992.html,新里柏仕公馆,https://cd.ke.com/xiaoqu/3011052122263/,高楼层(共32层),2011年建,1室1厅,52.09平米,东南,1,8天前发布
4795,居家装修套二双卫，朝南对中庭！,https://cd.ke.com/ershoufang/20030417710100203312.html,红枫岭三期,https://cd.ke.com/xiaoqu/3011053904970/,低楼层(共33层),2009年建,2室1厅,88.11平米,东南,4,8天前发布
4796,居家套二自住保养好，朝南采光好，视野开阔，采光好,https://cd.ke.com/ershoufang/20030417710100203648.html,沙河路苑,https://cd.ke.com/xiaoqu/3011053543481/,高楼层(共18层),2011年建,2室1厅,81平米,东南,0,8天前发布
4797,东客站双地铁，精装套三，看房方便,https://cd.ke.com/ershoufang/20030417710100202257.html,东方新城二期,https://cd.ke.com/xiaoqu/3011052617695/,中楼层(共11层)3室1厅,116.54平米,东南,,,0,8天前发布
4798,红枫岭三期2室1厅东北,https://cd.ke.com/ershoufang/20030417710100200066.html,红枫岭三期,https://cd.ke.com/xiaoqu/3011053904970/,高楼层(共28层),2009年建,2室1厅,86.62平米,东北,5,8天前发布
4799,东2.5环地铁口公园里的小区中庭精装南北通透大套三,https://cd.ke.com/ershoufang/20030417710100195418.html,优品尚东,https://cd.ke.com/xiaoqu/1611041738993/,高楼层(共16层),2009年建,3室2厅,128.01平米,南北,10,8天前发布
4800,万年场标准套二中间楼层采光好,https://cd.ke.com/ershoufang/20030417710100196011.html,长天路16号,https://cd.ke.com/xiaoqu/3011053908723/,中楼层(共7层),1994年建,2室1厅,60平米,东,0,8天前发布
4801,龙湖三千城A区1室0厅南,https://cd.ke.com/ershoufang/20030417710100194888.html,龙湖三千城A区,https://cd.ke.com/xiaoqu/3011053797414/,地下室(共层),2011年建,1室0厅,34.92平米,南,0,8天前发布
4802,华润翠林华庭3室2厅东,https://cd.ke.com/ershoufang/20030417710100192546.html,华润翠林华庭,https://cd.ke.com/xiaoqu/1611059334560/,中楼层(共16层),2013年建,3室2厅,105.47平米,东,4,8天前发布
4803,电子科大东院套二，交通便利，小区环境干净舒适,https://cd.ke.com/ershoufang/20030417710100191811.html,电子科大东院,https://cd.ke.com/xiaoqu/3011053585146/,中楼层(共6层),2000年建,2室2厅,69.75平米,东南,3,8天前发布
4804,华润居家装修，对外面视野好。满两年，无增值税。,https://cd.ke.com/ershoufang/20030417710100187781.html,华润二十四城四期,https://cd.ke.com/xiaoqu/3011055101745/,低楼层(共32层),2013年建,3室1厅,88.34平米,西北,3,8天前发布
4805,驷马桥北回归线一期朝南对中庭套二,https://cd.ke.com/ershoufang/20030417710100188912.html,北回归线一期,https://cd.ke.com/xiaoqu/3011053561486/,低楼层(共22层),2009年建,2室2厅,87.79平米,南,0,8天前发布
4806,优质车位，门口位置不难找，业主诚心出售,https://cd.ke.com/ershoufang/20030417710100186769.html,蓝光富丽花城,https://cd.ke.com/xiaoqu/3011052604851/,地下室(共层),2008年建,1室0厅,18.32平米,南,0,8天前发布
4807,新华公园旁简装套二出售，小区安静不临街,https://cd.ke.com/ershoufang/20030417710100184786.html,新鸿社区,https://cd.ke.com/xiaoqu/3011053133656/,低楼层(共6层),1994年建,2室2厅,78平米,南北,1,8天前发布
4808,金科中心1室1厅南,https://cd.ke.com/ershoufang/20030417710100183340.html,金科中心,https://cd.ke.com/xiaoqu/1611063742385/,低楼层(共21层),2015年建,1室1厅,52.48平米,南,0,8天前发布
4809,建设路万科品优质看河精装标准套三,https://cd.ke.com/ershoufang/20030417710100182452.html,万科金域蓝岸,https://cd.ke.com/xiaoqu/1612247793675920/,中楼层(共40层)3室1厅,89.9平米,北,,,1,8天前发布
4810,东桂一号院2室1厅北,https://cd.ke.com/ershoufang/20030417710100179183.html,东桂一号院,https://cd.ke.com/xiaoqu/1620030301357333/,高楼层(共25层)2室1厅,83.61平米,北,,,2,8天前发布
4811,合能耀之城1室1厅西,https://cd.ke.com/ershoufang/20030417710100181232.html,合能耀之城,https://cd.ke.com/xiaoqu/3011053771681/,高楼层(共27层),2010年建,1室1厅,49.01平米,西,1,8天前发布
4812,标准套二，客厅带阳台。次卧带飘窗，主卧带阳台,https://cd.ke.com/ershoufang/20030417710100177677.html,华西花园一期,https://cd.ke.com/xiaoqu/3011056098026/,高楼层(共16层),2010年建,2室1厅,85.84平米,东南,2,8天前发布
4813,东立国际广场1室0厅东南,https://cd.ke.com/ershoufang/20030417710100174123.html,东立国际广场,https://cd.ke.com/xiaoqu/3011053519890/,中楼层(共20层),2008年建,1室0厅,53.98平米,东南,0,8天前发布
4814,地铁口安静不临街大套二看房方便,https://cd.ke.com/ershoufang/20030417710100175132.html,春熙苑二期,https://cd.ke.com/xiaoqu/3011053717969/,中楼层(共11层),2001年建,2室1厅,88.26平米,南,1,8天前发布
4815,总价低小套二，中间楼层采光好，户型方正,https://cd.ke.com/ershoufang/20030417710100169270.html,双林路44号,https://cd.ke.com/xiaoqu/3011052180555/,中楼层(共6层),1988年建,2室1厅,49.5平米,东,3,8天前发布
4816,凯德广场旁蓝光锦绣城居家装修好,https://cd.ke.com/ershoufang/20030417710100165224.html,蓝光锦绣城,https://cd.ke.com/xiaoqu/3011052082027/,中楼层(共31层),2014年建,2室1厅,55.29平米,东北,3,8天前发布
4817,红花堰标准套二，户型方正，采光好，视野不错,https://cd.ke.com/ershoufang/20030417710100162276.html,红花堰小区,https://cd.ke.com/xiaoqu/1620030296119169/,高楼层(共7层)2室1厅,65.76平米,西南,,,2,8天前发布
4818,坐北朝南安静采光好房东诚心出售价格可谈,https://cd.ke.com/ershoufang/20030417710100159313.html,蓉铁花园,https://cd.ke.com/xiaoqu/3011053860128/,低楼层(共18层),2009年建,2室1厅,86.57平米,西南,13,8天前发布
4819,东2.5环套三双卫带阳台户型方正,https://cd.ke.com/ershoufang/20030417710100158532.html,成华奥园广场二期,https://cd.ke.com/xiaoqu/1613922753851012/,低楼层(共39层),2018年建,3室1厅,92平米,北,4,8天前发布
4820,跳蹬河南路3号3室0厅东,https://cd.ke.com/ershoufang/20030417710100158372.html,跳蹬河南路3号,https://cd.ke.com/xiaoqu/1611061579187/,低楼层(共4层),2000年建,3室0厅,49.8平米,东,0,8天前发布
4821,东中环横厅套二居家装修拎包入住,https://cd.ke.com/ershoufang/20030417710100158163.html,华西花园二期,https://cd.ke.com/xiaoqu/1611041733164/,中楼层(共34层),2011年建,2室1厅,87.34平米,东南,0,8天前发布
4822,青铁家园2室1厅南,https://cd.ke.com/ershoufang/20030417710100155251.html,青铁家园,https://cd.ke.com/xiaoqu/1611062692809/,高楼层(共6层),1997年建,2室1厅,52.17平米,南,0,8天前发布
4823,客厅带阳台，标准套二，有装修，看方便,https://cd.ke.com/ershoufang/20030417710100149096.html,富丽锦城,https://cd.ke.com/xiaoqu/3011053572345/,中楼层(共22层),2008年建,2室2厅,84.7平米,南,20,8天前发布
4824,大套二，中间楼层，对中庭安静。。。。,https://cd.ke.com/ershoufang/20030417710100155140.html,金华苑,https://cd.ke.com/xiaoqu/3011053710211/,中楼层(共7层),2002年建,2室2厅,116.29平米,东南,0,8天前发布
4825,成华区2.5环昭觉寺南路地铁口标准套二,https://cd.ke.com/ershoufang/20030417710100154525.html,泛悦城市广场,https://cd.ke.com/xiaoqu/168690686767683/,中楼层(共32层),2017年建,2室1厅,65.38平米,东,3,8天前发布
4826,上行锦绣1室1厅东,https://cd.ke.com/ershoufang/20030417710100154776.html,上行锦绣,https://cd.ke.com/xiaoqu/3011053797492/,中楼层(共21层),2010年建,1室1厅,56.18平米,东,5,8天前发布
4827,保利品质，人车分流，保利物业，自带英伦风情水街,https://cd.ke.com/ershoufang/20030417710100150357.html,保利林语溪一期,https://cd.ke.com/xiaoqu/1611063955217/,高楼层(共32层),2016年建,3室2厅,88平米,南,1,8天前发布
4828,领地海纳时代2室1厅东南,https://cd.ke.com/ershoufang/20030417710100146873.html,领地海纳时代,https://cd.ke.com/xiaoqu/1611062709383/,低楼层(共29层)2室1厅,59.25平米,东南,,,0,8天前发布
4829,尚东美林三区2室1厅北,https://cd.ke.com/ershoufang/20030417710100146553.html,尚东美林三区,https://cd.ke.com/xiaoqu/3011053651819/,低楼层(共26层),2010年建,2室1厅,64.6平米,北,9,8天前发布
4830,套二居家装修，户型方正，采光好,https://cd.ke.com/ershoufang/20030417710100142562.html,海上海北苑,https://cd.ke.com/xiaoqu/1620020423142074/,中楼层(共22层),2015年建,2室1厅,68.71平米,东南,1,8天前发布
4831,地铁口户型方正采光好装修过的套二,https://cd.ke.com/ershoufang/20030417710100139912.html,融锦城,https://cd.ke.com/xiaoqu/3011053787020/,高楼层(共20层),2014年建,2室2厅,65平米,南,0,8天前发布
4832,东林城市花园套一户型方正客厅带阳台,https://cd.ke.com/ershoufang/20030417710100133745.html,东林城市花园,https://cd.ke.com/xiaoqu/1611059027015/,低楼层(共18层),2008年建,1室1厅,60.96平米,西,21,8天前发布
4833,仙湖公馆2室2厅东南,https://cd.ke.com/ershoufang/20030417710100132850.html,仙湖公馆,https://cd.ke.com/xiaoqu/3011053812644/,高楼层(共18层),2012年建,2室2厅,83.95平米,东南,0,8天前发布
4834,万象城华润精装套一对中庭安静舒适可以拎包入住。,https://cd.ke.com/ershoufang/20030417710100124951.html,华润二十四城五期,https://cd.ke.com/xiaoqu/1611060845404/,中楼层(共17层),2014年建,1室1厅,49.07平米,西北,26,8天前发布
4835,北回归线一期1室1厅南,https://cd.ke.com/ershoufang/20030417710100125874.html,北回归线一期,https://cd.ke.com/xiaoqu/3011053561486/,地下室(共层),2009年建,1室1厅,29平米,南,0,8天前发布
4836,十一设计院标准大套三。适合居家,https://cd.ke.com/ershoufang/20030417710100116771.html,信息产业电子第十一设计研究院宿舍,https://cd.ke.com/xiaoqu/3011053203888/,中楼层(共7层)3室1厅,105平米,东南,,,8,8天前发布
4837,红枫岭三期3室2厅2卫精装修拎包入住,https://cd.ke.com/ershoufang/20030417710100115325.html,红枫岭三期,https://cd.ke.com/xiaoqu/3011053904970/,中楼层(共28层),2009年建,3室2厅,90.53平米,西北,50,8天前发布
4838,标准套三，朝南对中庭，通透户型，看房有钥匙,https://cd.ke.com/ershoufang/20030417710100109038.html,沙河路苑,https://cd.ke.com/xiaoqu/3011053543481/,低楼层(共18层),2011年建,3室1厅,89.63平米,南,7,8天前发布
4839,蓝光锦绣城二期2室2厅东南,https://cd.ke.com/ershoufang/20030417710100115066.html,蓝光锦绣城二期,https://cd.ke.com/xiaoqu/1616460049296411/,高楼层(共32层)2室2厅,76.97平米,东南,,,2,8天前发布
4840,东立国际广场1室1厅东南,https://cd.ke.com/ershoufang/20030417710100103888.html,东立国际广场,https://cd.ke.com/xiaoqu/3011053519890/,中楼层(共22层),2008年建,1室1厅,56.07平米,东南,1,8天前发布
4841,长融一代天骄1室0厅南,https://cd.ke.com/ershoufang/20030417710100105810.html,长融一代天骄,https://cd.ke.com/xiaoqu/3011054173419/,地下室(共层)1室0厅,32.95平米,南,,,0,8天前发布
4842,成都理工大学北苑2室1厅东南南东,https://cd.ke.com/ershoufang/20030417710100104554.html,成都理工大学北苑,https://cd.ke.com/xiaoqu/1613552708496745/,中楼层(共5层)2室1厅,65.8平米,东南南东,,,0,8天前发布
4843,龙湖三千城套三双卫，客厅带阳台、对小区中庭，安静,https://cd.ke.com/ershoufang/20030417710100103137.html,龙湖三千城A区,https://cd.ke.com/xiaoqu/3011053797414/,中楼层(共34层),2011年建,3室2厅,96.65平米,北,36,8天前发布
4844,北三环精装套二品质楼盘值得拥有,https://cd.ke.com/ershoufang/20030417710100103268.html,首创光和城二期,https://cd.ke.com/xiaoqu/1611062712269/,中楼层(共33层)2室1厅,63平米,南,,,1,8天前发布
4845,业主自住，装修保养较好，房龄新，带三个阳台！,https://cd.ke.com/ershoufang/20030417710100100724.html,嘉通云尚,https://cd.ke.com/xiaoqu/3011053673864/,中楼层(共39层),2013年建,2室1厅,79.5平米,西南,0,8天前发布
4846,房子是标准的套二的户型，中间楼层,https://cd.ke.com/ershoufang/20030317710100200488.html,隆兴嘉苑,https://cd.ke.com/xiaoqu/3011053662037/,低楼层(共32层)2室1厅,58.74平米,东南,,,1,9天前发布
4847,绿地世纪城1室1厅北,https://cd.ke.com/ershoufang/20030317710100195175.html,绿地世纪城,https://cd.ke.com/xiaoqu/3011053997428/,低楼层(共16层),2016年建,1室1厅,50.62平米,北,5,9天前发布
4848,华润翠林华庭3室1厅东,https://cd.ke.com/ershoufang/20030317710100192997.html,华润翠林华庭,https://cd.ke.com/xiaoqu/1611059334560/,高楼层(共16层),2013年建,3室1厅,105.46平米,东,15,9天前发布
4849,沙河明珠2室1厅南,https://cd.ke.com/ershoufang/20030317710100193589.html,沙河明珠,https://cd.ke.com/xiaoqu/1611058845016/,中楼层(共18层),2008年建,2室1厅,77.47平米,南,5,9天前发布
4850,隆兴嘉苑精装飘窗套二，满两年，无增值税，诚心出售,https://cd.ke.com/ershoufang/20030317710100188168.html,隆兴嘉苑,https://cd.ke.com/xiaoqu/3011053662037/,中楼层(共32层)2室1厅,58.16平米,北,,,16,9天前发布
4851,东立国际广场1室0厅东,https://cd.ke.com/ershoufang/20030317710100185917.html,东立国际广场,https://cd.ke.com/xiaoqu/3011053519890/,高楼层(共20层),2008年建,1室0厅,52.05平米,东,0,9天前发布
4852,东立国际广场1室0厅东,https://cd.ke.com/ershoufang/20030317710100182750.html,东立国际广场,https://cd.ke.com/xiaoqu/3011053519890/,高楼层(共20层),2008年建,1室0厅,52.05平米,东,0,9天前发布
4853,成功银玺国际优质套二出售，户型方正,https://cd.ke.com/ershoufang/20030317710100184640.html,成功银玺国际,https://cd.ke.com/xiaoqu/1611060185688/,低楼层(共31层),2012年建,2室1厅,67.09平米,北,1,9天前发布
4854,龙城2室1厅南北,https://cd.ke.com/ershoufang/20030317710100180855.html,龙城,https://cd.ke.com/xiaoqu/3011053207984/,中楼层(共20层),2012年建,2室1厅,63.02平米,南北,7,9天前发布
4855,动物园城绵立交三环外套二简装出售,https://cd.ke.com/ershoufang/20030317710100178950.html,蓝润蓝客城,https://cd.ke.com/xiaoqu/1611064002535/,高楼层(共32层)2室1厅,54.27平米,西南,,,1,9天前发布
4856,红枫岭二期精装套二，中间楼层，视野开阔，采光好！,https://cd.ke.com/ershoufang/20030317710100176014.html,红枫岭二期,https://cd.ke.com/xiaoqu/3011053904959/,中楼层(共33层),2009年建,2室1厅,88.16平米,西南,22,9天前发布
4857,蓝光东方天地精装出售，买来就能出租,https://cd.ke.com/ershoufang/20030317710100170922.html,蓝光东方天地,https://cd.ke.com/xiaoqu/1611100069088/,高楼层(共23层),2015年建,2室2厅,47.92平米,东南,2,9天前发布
4858,五块石环境好多层3楼居家套二户型好采光充足。,https://cd.ke.com/ershoufang/20030317710100176710.html,富丽花园,https://cd.ke.com/xiaoqu/3011055530274/,中楼层(共7层),2003年建,2室2厅,86.13平米,东南,0,9天前发布
4859,东方天地精装出售，装修的很好，买来就能出租,https://cd.ke.com/ershoufang/20030317710100177056.html,蓝光东方天地,https://cd.ke.com/xiaoqu/1611100069088/,高楼层(共23层),2015年建,2室2厅,49.05平米,东南,1,9天前发布
4860,开发商精装GY，家具家电齐全，东中环，双地铁,https://cd.ke.com/ershoufang/20030317710100174546.html,招商中央华城一期,https://cd.ke.com/xiaoqu/1620045820623323/,中楼层(共26层),2017年建,1室1厅,40平米,西南,7,9天前发布
4861,龙湖丽景，标准套三户型。纯清水房。,https://cd.ke.com/ershoufang/20030317710100169612.html,龙湖丽景A区,https://cd.ke.com/xiaoqu/3011055387596/,低楼层(共11层),2008年建,3室2厅,109.34平米,东南,0,9天前发布
4862,二环内，低楼层，套一，总价低，安静不临街。,https://cd.ke.com/ershoufang/20030317710100164965.html,北一街小区,https://cd.ke.com/xiaoqu/168804664095559/,低楼层(共6层),1999年建,1室1厅,44.24平米,南北,8,9天前发布
4863,北新苑，低楼层套二，户型方正。,https://cd.ke.com/ershoufang/20030317710100164773.html,北新苑,https://cd.ke.com/xiaoqu/1611041813783/,低楼层(共18层),2010年建,2室1厅,74.71平米,东南,3,9天前发布
4864,一环内水电气三通跃层套一，交通便利户型方正,https://cd.ke.com/ershoufang/20030317710100165534.html,蜜城(望平街),https://cd.ke.com/xiaoqu/1611058942191/,低楼层(共6层),2008年建,1室1厅,32.94平米,东,3,9天前发布
4865,万科金域蓝湾新上优质好房，客厅半挑高，主卧对中庭,https://cd.ke.com/ershoufang/20030317710100163619.html,万科金域蓝湾一期,https://cd.ke.com/xiaoqu/1611059174048/,高楼层(共35层),2009年建,4室1厅,86.88平米,东,11,9天前发布
4866,建设路标准车位，位置好，停车方便,https://cd.ke.com/ershoufang/20030317710100157342.html,高地,https://cd.ke.com/xiaoqu/3011053178464/,地下室(共层),2008年建,1室0厅,30.75平米,南,0,9天前发布
4867,隆鑫九熙三期2室1厅东,https://cd.ke.com/ershoufang/20030317710100160187.html,隆鑫九熙三期,https://cd.ke.com/xiaoqu/1611063022154/,高楼层(共30层),2014年建,2室1厅,62.35平米,东,1,9天前发布
4868,东东环，地铁口精装跃层，家具家电齐全,https://cd.ke.com/ershoufang/20030317710100156074.html,招商中央华城一期,https://cd.ke.com/xiaoqu/1620045820623323/,低楼层(共20层),2017年建,1室1厅,23.56平米,西南,0,9天前发布
4869,汇富大厦1室0厅东南,https://cd.ke.com/ershoufang/20030317710100154279.html,汇富大厦,https://cd.ke.com/xiaoqu/1612397021246371/,中楼层(共27层),2016年建,1室0厅,43.21平米,东南,1,9天前发布
4870,保利康桥3室2厅北南,https://cd.ke.com/ershoufang/20030317710100148274.html,保利康桥,https://cd.ke.com/xiaoqu/1611061270625/,高楼层(共34层),2014年建,3室2厅,123.13平米,北南,4,9天前发布
4871,佳州星城套二出售，位置优越，房龄新。,https://cd.ke.com/ershoufang/20030317710100151399.html,佳州星城,https://cd.ke.com/xiaoqu/1611063124892/,中楼层(共41层),2016年建,2室1厅,78平米,南北,0,9天前发布
4872,红枫岭三期套二改小套三，没有浪费空间,https://cd.ke.com/ershoufang/20030317710100146178.html,红枫岭三期,https://cd.ke.com/xiaoqu/3011053904970/,高楼层(共33层),2009年建,3室1厅,89.64平米,西南,13,9天前发布
4873,八二宿舍一区正规套二户型方正采光好,https://cd.ke.com/ershoufang/20030317710100145740.html,八二宿舍一区,https://cd.ke.com/xiaoqu/3011053629837/,中楼层(共7层)2室2厅,80.36平米,东南,,,0,9天前发布
4874,三环内次新房商品房精装修可拎包入住！！！！,https://cd.ke.com/ershoufang/20030317710100145253.html,正成东区1号,https://cd.ke.com/xiaoqu/1620021204396564/,低楼层(共26层)3室1厅,79.07平米,西,,,23,9天前发布
4875,香澜半岛2室1厅南,https://cd.ke.com/ershoufang/20030317710100144814.html,香澜半岛,https://cd.ke.com/xiaoqu/1611060807240/,高楼层(共21层),2016年建,2室1厅,53.97平米,南,8,9天前发布
4876,1号线韦家碾旁绿地居家三居室朝南精装修,https://cd.ke.com/ershoufang/20030317710100144335.html,绿地世纪城,https://cd.ke.com/xiaoqu/3011053997428/,高楼层(共20层),2016年建,3室1厅,87.21平米,南,1,9天前发布
4877,四季长春A区1室1厅东,https://cd.ke.com/ershoufang/20030317710100138394.html,四季长春A区,https://cd.ke.com/xiaoqu/3011054162291/,高楼层(共18层)1室1厅,53平米,东,,,0,9天前发布
4878,清水套四双卫户型，采光好，小区人车分流，环境优雅,https://cd.ke.com/ershoufang/20030317710100136130.html,二重嘉苑,https://cd.ke.com/xiaoqu/1611100421320/,中楼层(共25层)4室2厅,164.89平米,东,,,1,9天前发布
4879,清水套二户型，采光好，小区人车分流，环境优雅,https://cd.ke.com/ershoufang/20030317710100137148.html,二重嘉苑,https://cd.ke.com/xiaoqu/1611100421320/,高楼层(共18层)2室1厅,95.5平米,东南,,,1,9天前发布
4880,标准套二，户型方正，小区环境优雅，朝南，人车分流,https://cd.ke.com/ershoufang/20030317710100135750.html,二重嘉苑,https://cd.ke.com/xiaoqu/1611100421320/,高楼层(共18层)2室1厅,95.87平米,东南,,,0,9天前发布
4881,标准套二，户型方正，小区环境优雅，朝南，人车分流,https://cd.ke.com/ershoufang/20030317710100134990.html,二重嘉苑,https://cd.ke.com/xiaoqu/1611100421320/,低楼层(共18层)2室1厅,95.53平米,东,,,0,9天前发布
4882,标准套三户型方正采光优质对中庭,https://cd.ke.com/ershoufang/20030317710100133120.html,泰博理想城二期,https://cd.ke.com/xiaoqu/1620036357269618/,低楼层(共28层)3室1厅,74.86平米,东北,,,15,9天前发布
4883,北二环中铁八局修建的电梯大套三，户型好采光充足。,https://cd.ke.com/ershoufang/20030317710100132510.html,站北苑,https://cd.ke.com/xiaoqu/1611061209871/,中楼层(共11层),2000年建,3室2厅,132.97平米,东,1,9天前发布
4884,建设路，标准套二，采光好，视野开阔,https://cd.ke.com/ershoufang/20030317710100127898.html,高地,https://cd.ke.com/xiaoqu/3011053178464/,中楼层(共25层),2008年建,2室2厅,88.89平米,南,2,9天前发布
4885,品质金科自住精装套二保养好朝东视野采光好,https://cd.ke.com/ershoufang/20030317710100125472.html,金科天籁城,https://cd.ke.com/xiaoqu/3011055384260/,高楼层(共28层)2室2厅,71.25平米,东,,,1,9天前发布
4886,标准车位，位于负一楼，车位方正，出行方便。,https://cd.ke.com/ershoufang/20030317710100123960.html,金科一城,https://cd.ke.com/xiaoqu/1611059035753/,地下室(共层),2010年建,1室0厅,20.51平米,南,0,9天前发布
4887,华西花园一期2室2厅北,https://cd.ke.com/ershoufang/20030317710100119370.html,华西花园一期,https://cd.ke.com/xiaoqu/3011056098026/,中楼层(共16层),2010年建,2室2厅,85.83平米,北,7,9天前发布
4888,电梯小高层，南北通透，客厅带阳台，对中庭，全新装修,https://cd.ke.com/ershoufang/20030317710100118842.html,新城俊园,https://cd.ke.com/xiaoqu/1611059127325/,中楼层(共11层),2003年建,3室1厅,103.55平米,南北,5,9天前发布
4889,凯德广场蓝光锦绣城居家装修套三双卫,https://cd.ke.com/ershoufang/20030317710100114236.html,蓝光锦绣城,https://cd.ke.com/xiaoqu/3011052082027/,高楼层(共27层),2014年建,3室2厅,98.12平米,西南,2,9天前发布
4890,该房已满两年，无增值税，简单居家装修，客厅带阳台。,https://cd.ke.com/ershoufang/20030317710100115235.html,罗兰小镇,https://cd.ke.com/xiaoqu/3011053899369/,低楼层(共18层),2008年建,2室2厅,87.13平米,西南,11,9天前发布
4891,东郊记忆旁优质套二好房欢迎大家多多带看,https://cd.ke.com/ershoufang/20030317710100112012.html,红枫岭三期,https://cd.ke.com/xiaoqu/3011053904970/,高楼层(共33层),2009年建,2室1厅,88.72平米,南,2,9天前发布
4892,金科一城标准套二，通透户型诚心出售,https://cd.ke.com/ershoufang/20030317710100111229.html,金科一城,https://cd.ke.com/xiaoqu/1611059035753/,中楼层(共20层),2009年建,2室1厅,77.43平米,南北,12,9天前发布
4893,满两年无增值税刚需小套二，户型方正无浪费,https://cd.ke.com/ershoufang/20030317710100110414.html,蓝光coco国际一期,https://cd.ke.com/xiaoqu/1611100032254/,低楼层(共33层),2016年建,2室1厅,53.75平米,北,11,9天前发布
4894,婚房精装修次新房保养好主卧带衣帽间,https://cd.ke.com/ershoufang/20030317710100109821.html,融锦城,https://cd.ke.com/xiaoqu/3011053787020/,中楼层(共20层),2014年建,2室2厅,80.1平米,西,4,9天前发布
4895,地铁口标准精装套一出售户型方正无浪费,https://cd.ke.com/ershoufang/20030317710100108114.html,荆竹小区8号院,https://cd.ke.com/xiaoqu/3011053855103/,高楼层(共6层),2008年建,1室1厅,47.29平米,东南,2,9天前发布
4896,北一街小区2室1厅东,https://cd.ke.com/ershoufang/20030317710100108839.html,北一街小区,https://cd.ke.com/xiaoqu/168804664095559/,中楼层(共7层),1998年建,2室1厅,74.71平米,东,1,9天前发布
4897,标准套一，看房随时约，居家装修，采光比较好,https://cd.ke.com/ershoufang/20030317710100105237.html,龙城,https://cd.ke.com/xiaoqu/3011053207984/,中楼层(共20层),2012年建,1室1厅,47平米,东南,7,9天前发布
4898,东三环内电梯小高层，套三双卫双阳台,https://cd.ke.com/ershoufang/20030317710100105595.html,尚东美林二区,https://cd.ke.com/xiaoqu/3011053648997/,低楼层(共11层),2008年建,3室2厅,116.99平米,南,44,9天前发布
4899,二环外地铁口正规套三,https://cd.ke.com/ershoufang/20030317710100107297.html,二环路北四段5号,https://cd.ke.com/xiaoqu/3011056111251/,高楼层(共7层),1986年建,3室1厅,69.14平米,东,1,9天前发布
4900,香澜半岛小区唯一在售141.89平套四双卫户型精装修,https://cd.ke.com/ershoufang/20030317710100107810.html,香澜半岛,https://cd.ke.com/xiaoqu/1611060807240/,高楼层(共21层),2016年建,4室2厅,141.98平米,东,5,9天前发布
4901,驷马桥沙河公园旁标准套二出售。,https://cd.ke.com/ershoufang/20030317710100106011.html,华宇阳光水岸,https://cd.ke.com/xiaoqu/3011053510481/,高楼层(共15层),2010年建,2室1厅,67.42平米,东东南,22,9天前发布
4902,上东一号清水套三诚心出售,https://cd.ke.com/ershoufang/20030317710100104383.html,上东一号一期,https://cd.ke.com/xiaoqu/3011052291451/,低楼层(共18层),2008年建,3室1厅,88.01平米,东南,26,9天前发布
4903,满五唯一，业主自住装修，地铁口。,https://cd.ke.com/ershoufang/20030317710100102441.html,上东一号一期,https://cd.ke.com/xiaoqu/3011052291451/,高楼层(共18层),2008年建,2室2厅,72.3平米,南,9,9天前发布
4904,双林中横路8号2室1厅南,https://cd.ke.com/ershoufang/20030317710100101286.html,双林中横路8号,https://cd.ke.com/xiaoqu/1611060075984/,高楼层(共7层)2室1厅,51.86平米,南,,,1,9天前发布
4905,领地海纳时代满两年无增值税小套三,https://cd.ke.com/ershoufang/20030217710100177648.html,领地海纳时代,https://cd.ke.com/xiaoqu/1611062709383/,高楼层(共18层)3室1厅,71.16平米,东南西南,,,7,10天前发布
4906,小套三精装修，全朝南，采光好，保养很好,https://cd.ke.com/ershoufang/20030217710100177165.html,华润二十四城四期,https://cd.ke.com/xiaoqu/3011055101745/,高楼层(共29层),2014年建,3室2厅,89.31平米,南,3,10天前发布
4907,华西花园一期，标准套二，户型方正,https://cd.ke.com/ershoufang/20030217710100176076.html,华西花园一期,https://cd.ke.com/xiaoqu/3011056098026/,高楼层(共6层),2010年建,2室2厅,80.02平米,东南,0,10天前发布
4908,招商雍华府优质套二，对中庭，可拎包入住,https://cd.ke.com/ershoufang/20030217710100174445.html,招商雍华府二期,https://cd.ke.com/xiaoqu/3011053944749/,高楼层(共20层),2014年建,2室2厅,82.25平米,东北,2,10天前发布
4909,优品居家套二，通透户型，采光好,https://cd.ke.com/ershoufang/20030217710100174169.html,优品尚东,https://cd.ke.com/xiaoqu/1611041738993/,低楼层(共25层),2009年建,3室2厅,93.46平米,南,0,10天前发布
4910,舜和家园居家套三，入户花园，低楼层,https://cd.ke.com/ershoufang/20030217710100172011.html,舜和家园A区,https://cd.ke.com/xiaoqu/3011054220447/,低楼层(共28层),2009年建,3室1厅,106.82平米,西,0,10天前发布
4911,华宇阳光水岸车位位置很好，停靠方便，房东诚心卖。,https://cd.ke.com/ershoufang/20030217710100170359.html,华宇阳光水岸,https://cd.ke.com/xiaoqu/3011053510481/,低楼层(共1层)1室0厅,31.57平米,南东南,,,0,10天前发布
4912,浅水半岛有装修套三安静不临街,https://cd.ke.com/ershoufang/20030217710100170013.html,浅水半岛二期,https://cd.ke.com/xiaoqu/1611041740739/,高楼层(共27层),2009年建,3室1厅,107.57平米,西南,1,10天前发布
4913,中铁二局玛塞城标准套三横厅设计装修保养好,https://cd.ke.com/ershoufang/20030217710100169595.html,中铁二局玛塞城,https://cd.ke.com/xiaoqu/1611063965597/,高楼层(共33层),2015年建,3室1厅,86.63平米,南北,2,10天前发布
4914,户型方正，采光无遮挡，标准套三，中间楼层，出行方便,https://cd.ke.com/ershoufang/20030217710100168727.html,天然居,https://cd.ke.com/xiaoqu/3011053770912/,中楼层(共7层),2003年建,3室2厅,103.15平米,南东,0,10天前发布
4915,2.5环理工刚需套一，房东诚心,https://cd.ke.com/ershoufang/20030217710100166960.html,罗兰小镇,https://cd.ke.com/xiaoqu/3011053899369/,高楼层(共14层),2008年建,1室1厅,58.67平米,西,49,10天前发布
4916,金科一城游泳池下面的大车位负一楼,https://cd.ke.com/ershoufang/20030217710100163670.html,金科一城,https://cd.ke.com/xiaoqu/1611059035753/,地下室(共层),2010年建,1室0厅,29平米,南,0,10天前发布
4917,银锣湾优质大套二，门口即海滨公园,https://cd.ke.com/ershoufang/20030217710100163778.html,银锣湾,https://cd.ke.com/xiaoqu/1611061442974/,高楼层(共22层),2012年建,2室1厅,86.31平米,东西,0,10天前发布
4918,金科一城游泳池下面的大车位负一楼,https://cd.ke.com/ershoufang/20030217710100161651.html,金科一城,https://cd.ke.com/xiaoqu/1611059035753/,地下室(共层),2010年建,1室0厅,29平米,南,0,10天前发布
4919,红枫岭二期2室1厅东南,https://cd.ke.com/ershoufang/20030217710100160745.html,红枫岭二期,https://cd.ke.com/xiaoqu/3011053904959/,高楼层(共33层),2009年建,2室1厅,88平米,东南,8,10天前发布
4920,标准套二户型方正居家装修,https://cd.ke.com/ershoufang/20030217710100159959.html,金科一城,https://cd.ke.com/xiaoqu/1611059035753/,低楼层(共20层),2009年建,2室2厅,68.79平米,西,0,10天前发布
4921,水岸花园优质套三+带阳台+满五年,https://cd.ke.com/ershoufang/20030217710100159529.html,水岸花园,https://cd.ke.com/xiaoqu/3011053218999/,高楼层(共6层),2002年建,3室2厅,126.28平米,西南,0,10天前发布
4922,成功银玺国际优质套三出售，装修保养好,https://cd.ke.com/ershoufang/20030217710100155343.html,成功银玺国际,https://cd.ke.com/xiaoqu/1611060185688/,中楼层(共31层),2012年建,3室1厅,93平米,东,21,10天前发布
4923,怡福巷80号，居家装修，明厨明间,https://cd.ke.com/ershoufang/20030217710100154718.html,怡福巷80号,https://cd.ke.com/xiaoqu/167805098012725/,高楼层(共7层),2000年建,2室1厅,71.66平米,东南,20,10天前发布
4924,华润二十四城六期2室1厅南北,https://cd.ke.com/ershoufang/20030217710100153198.html,华润二十四城六期,https://cd.ke.com/xiaoqu/168118048927620/,中楼层(共32层),2016年建,2室1厅,69.79平米,南北,1,10天前发布
4925,红枫岭二期套三出售，家具家电齐全，房子很干净,https://cd.ke.com/ershoufang/20030217710100151880.html,红枫岭二期,https://cd.ke.com/xiaoqu/3011053904959/,低楼层(共33层),2009年建,3室1厅,89平米,西,3,10天前发布
4926,动物园次新小区万科物业，精装修套二业主诚心出售！,https://cd.ke.com/ershoufang/20030217710100150110.html,首创光和城,https://cd.ke.com/xiaoqu/1617652322938857/,低楼层(共25层),2016年建,2室1厅,62.58平米,东南,9,10天前发布
4927,沙河北岸3室2厅东,https://cd.ke.com/ershoufang/20030217710100150356.html,沙河北岸,https://cd.ke.com/xiaoqu/1611059900962/,高楼层(共6层),2006年建,3室2厅,114.01平米,东,0,10天前发布
4928,优品尚东在售优质套二，户型方正大阳台。,https://cd.ke.com/ershoufang/20030217710100149259.html,优品尚东,https://cd.ke.com/xiaoqu/1611041738993/,高楼层(共18层),2009年建,2室2厅,82.94平米,东,0,10天前发布
4929,动物园装修保养好标准套三电梯房,https://cd.ke.com/ershoufang/20030217710100147861.html,上东一号二期,https://cd.ke.com/xiaoqu/3011052292875/,低楼层(共18层),2012年建,3室2厅,87.99平米,南,0,10天前发布
4930,浅水一期，高层套三，视野好，东南朝向,https://cd.ke.com/ershoufang/20030217710100143813.html,浅水半岛一期,https://cd.ke.com/xiaoqu/1611058934011/,高楼层(共27层),2008年建,3室2厅,113.27平米,东南,47,10天前发布
4931,东门低价房源来袭、随时可看、提前联系,https://cd.ke.com/ershoufang/20030217710100144642.html,桃蹊社区,https://cd.ke.com/xiaoqu/3011053483018/,高楼层(共7层),1998年建,2室1厅,75.22平米,东,0,10天前发布
4932,东三环成渝立交旁标准套一户型好采光好,https://cd.ke.com/ershoufang/20030217710100139858.html,胜天人居,https://cd.ke.com/xiaoqu/3011053656227/,高楼层(共31层)1室1厅,48.91平米,东南,,,1,10天前发布
4933,采光良好，位于中间楼层，采光视野无遮挡，交通便利,https://cd.ke.com/ershoufang/20030217710100133890.html,红花堰小区,https://cd.ke.com/xiaoqu/1620030296119169/,高楼层(共7层),1998年建,3室2厅,103平米,东,1,10天前发布
4934,动物园大套一改小套二，客厅正带大阳台,https://cd.ke.com/ershoufang/20030217710100135458.html,东林城市花园,https://cd.ke.com/xiaoqu/1611059027015/,中楼层(共18层),2008年建,1室1厅,60.95平米,东南,11,10天前发布
4935,龙湖三千里二期精装套四，客厅带阳台,https://cd.ke.com/ershoufang/20030217710100132564.html,龙湖三千里B区二期,https://cd.ke.com/xiaoqu/3011053802952/,中楼层(共33层),2009年建,4室1厅,136.53平米,西北,1,10天前发布
4936,驷马桥居家套三提前预约随时可看,https://cd.ke.com/ershoufang/20030217710100131513.html,驷马康城,https://cd.ke.com/xiaoqu/3011053587270/,高楼层(共21层),2000年建,3室1厅,89.9平米,东,3,10天前发布
4937,二话内电子科大附小旁清水套三单卫位置安静,https://cd.ke.com/ershoufang/20030217710100130635.html,府青惠园,https://cd.ke.com/xiaoqu/3011053613771/,高楼层(共27层),1999年建,3室2厅,96.1平米,西,1,10天前发布
4938,龙城，精装套三，户型方正，公摊小,https://cd.ke.com/ershoufang/20030217710100129667.html,龙城,https://cd.ke.com/xiaoqu/3011053207984/,高楼层(共16层),2012年建,3室1厅,89平米,南,14,10天前发布
4939,标准套二，近地铁4号线与6号线,https://cd.ke.com/ershoufang/20030217710100128698.html,祥和里3号,https://cd.ke.com/xiaoqu/3011053187158/,中楼层(共7层),1995年建,2室1厅,84.83平米,南,4,10天前发布
4940,东客站西广场荣盛香榭兰庭二期精装套一,https://cd.ke.com/ershoufang/20030217710100126522.html,荣盛香榭兰庭二期,https://cd.ke.com/xiaoqu/1620021358646993/,中楼层(共36层),2016年建,1室1厅,46.23平米,西南,8,10天前发布
4941,荆竹小区7号院标准套二诚心出售,https://cd.ke.com/ershoufang/20030217710100122665.html,荆竹小区7号院,https://cd.ke.com/xiaoqu/3011053853384/,中楼层(共6层),2008年建,2室1厅,74平米,南北,0,10天前发布
4942,户型好，内跃带花园，安静对中庭,https://cd.ke.com/ershoufang/20030217710100121752.html,郦景东城,https://cd.ke.com/xiaoqu/3011053447650/,高楼层(共6层),2003年建,4室2厅,163.35平米,东南,14,10天前发布
4943,二环路外侧，万象城新装修套二，生活配套成熟,https://cd.ke.com/ershoufang/20030217710100121321.html,花样年花郡,https://cd.ke.com/xiaoqu/1611041612572/,低楼层(共32层),2008年建,2室1厅,62.55平米,东,1,10天前发布
4944,汇融云庭2室2厅南,https://cd.ke.com/ershoufang/20030217710100115542.html,汇融云庭,https://cd.ke.com/xiaoqu/1611061471048/,高楼层(共31层),2009年建,2室2厅,78.37平米,南,0,10天前发布
4945,三室两厅两卫户型，户型方正，采光好，朝东北方向。,https://cd.ke.com/ershoufang/20030217710100112457.html,兴元华盛二期,https://cd.ke.com/xiaoqu/1611058905880/,低楼层(共18层),2009年建,3室2厅,110.67平米,西北,6,10天前发布
4946,地铁口.东立国际标准大套一.带家具家电.诚心出售,https://cd.ke.com/ershoufang/20030217710100110991.html,东立国际广场,https://cd.ke.com/xiaoqu/3011053519890/,中楼层(共22层),2008年建,1室1厅,56.07平米,西南,1,10天前发布
4947,东二环万象城旁，大套二，一楼带花园，居家装修。,https://cd.ke.com/ershoufang/20030217710100108392.html,热电厂宿舍,https://cd.ke.com/xiaoqu/1611059816494/,低楼层(共7层),2002年建,2室2厅,83.56平米,南,2,10天前发布
4948,一环边精装套三户型方正好房出售,https://cd.ke.com/ershoufang/20030217710100103666.html,馨地居,https://cd.ke.com/xiaoqu/1611059287598/,低楼层(共21层),2010年建,3室1厅,91.78平米,东,1,10天前发布
4949,双林中横路8号2室1厅北南,https://cd.ke.com/ershoufang/20030217710100102919.html,双林中横路8号,https://cd.ke.com/xiaoqu/1611060075984/,高楼层(共7层),2009年建,2室1厅,47.5平米,北南,4,10天前发布
4950,上行锦绣，套三出售，户型方正，采光充足,https://cd.ke.com/ershoufang/20030217710100101645.html,上行锦绣,https://cd.ke.com/xiaoqu/3011053797492/,低楼层(共18层),2010年建,3室2厅,80.18平米,东南,0,10天前发布
4951,东林城市花园新上标准套二，精装修，高楼层。,https://cd.ke.com/ershoufang/20030117710100206772.html,东林城市花园,https://cd.ke.com/xiaoqu/1611059027015/,高楼层(共18层),2008年建,2室2厅,76.14平米,东,12,11天前发布
4952,龙湖精装小套三，户型方正无浪费面积，业主诚心卖。,https://cd.ke.com/ershoufang/20030117710100204990.html,龙湖三千里B区二期,https://cd.ke.com/xiaoqu/3011053802952/,低楼层(共33层),2009年建,3室2厅,87.85平米,西北,0,11天前发布
4953,鲁能公馆。户型方正，采光好。适合居住,https://cd.ke.com/ershoufang/20030117710100204213.html,鲁能公馆,https://cd.ke.com/xiaoqu/1610207281558449/,高楼层(共29层)1室1厅,51.18平米,东,,,0,11天前发布
4954,鲁能公馆。户型方正，采光好。适合居住,https://cd.ke.com/ershoufang/20030117710100204164.html,鲁能公馆,https://cd.ke.com/xiaoqu/1610207281558449/,中楼层(共29层)1室1厅,51.18平米,东,,,1,11天前发布
4955,鲁能装修套一户型方正预约看房,https://cd.ke.com/ershoufang/20030117710100203415.html,鲁能公馆,https://cd.ke.com/xiaoqu/1610207281558449/,低楼层(共32层),2017年建,1室1厅,51.13平米,东,2,11天前发布
4956,万年场横街11号大套三精装出售,https://cd.ke.com/ershoufang/20030117710100201325.html,万年场横街11号,https://cd.ke.com/xiaoqu/1620021450918668/,低楼层(共7层)3室2厅,112.2平米,南北,,,0,11天前发布
4957,蓝光金悦府1室1厅南,https://cd.ke.com/ershoufang/20030117710100200672.html,蓝光金悦府,https://cd.ke.com/xiaoqu/1611062708652/,高楼层(共21层)1室1厅,30.07平米,南,,,0,11天前发布
4958,成华区二环（建设路）SM广场背后合能耀之城,https://cd.ke.com/ershoufang/20030117710100200244.html,合能耀之城,https://cd.ke.com/xiaoqu/3011053771681/,高楼层(共29层),2010年建,3室1厅,61.14平米,东,0,11天前发布
4959,7号线地铁口精装跃层，家具家电齐全,https://cd.ke.com/ershoufang/20030117710100199962.html,招商中央华城一期,https://cd.ke.com/xiaoqu/1620045820623323/,低楼层(共20层),2017年建,1室1厅,24平米,东南,0,11天前发布
4960,北2.3环多层标准套二，总价低户型好通风采光俱佳,https://cd.ke.com/ershoufang/20030117710100199899.html,花郡佳园,https://cd.ke.com/xiaoqu/3011055527902/,高楼层(共7层),1998年建,2室1厅,68.41平米,东南,1,11天前发布
4961,青龙广场精装套一采光好房东诚心出售,https://cd.ke.com/ershoufang/20030117710100198369.html,青龙广场,https://cd.ke.com/xiaoqu/1614867409415858/,中楼层(共23层),2017年建,1室1厅,45.53平米,东南,0,11天前发布
4962,东郊记忆旁红枫岭优质小套三拎包入住,https://cd.ke.com/ershoufang/20030117710100194068.html,红枫岭三期,https://cd.ke.com/xiaoqu/3011053904970/,高楼层(共28层),2009年建,3室1厅,88.53平米,东北,9,11天前发布
4963,点我，地铁口精装套三出售，交通便利，配套齐全,https://cd.ke.com/ershoufang/20030117710100192751.html,上东一号二期,https://cd.ke.com/xiaoqu/3011052292875/,高楼层(共18层),2012年建,3室1厅,86.18平米,北,12,11天前发布
4964,此房通透格局，现代风格，采光好，视野无遮挡,https://cd.ke.com/ershoufang/20030117710100191064.html,领地海纳时代,https://cd.ke.com/xiaoqu/1611062709383/,高楼层(共34层),2016年建,3室1厅,77.8平米,西北,1,11天前发布
4965,二环内园林小区电子科大东院多层套二,https://cd.ke.com/ershoufang/20030117710100188834.html,电子科大东院,https://cd.ke.com/xiaoqu/3011053585146/,中楼层(共7层),2000年建,2室1厅,68.11平米,东南,1,11天前发布
4966,理工南苑2室1厅南北,https://cd.ke.com/ershoufang/20030117710100189432.html,理工南苑,https://cd.ke.com/xiaoqu/1620026768385729/,高楼层(共6层)2室1厅,95.71平米,南北,,,0,11天前发布
4967,合能耀之城套二有装修有家具家电,https://cd.ke.com/ershoufang/20030117710100190686.html,合能耀之城,https://cd.ke.com/xiaoqu/3011053771681/,高楼层(共33层),2010年建,2室1厅,68.38平米,西北,12,11天前发布
4968,驷马康城，标准套二，户型方正，带平台。,https://cd.ke.com/ershoufang/20030117710100187070.html,驷马康城,https://cd.ke.com/xiaoqu/3011053587270/,低楼层(共21层),2000年建,2室2厅,78.13平米,南,1,11天前发布
4969,蓝光锦绣城优质房源预约之后可看,https://cd.ke.com/ershoufang/20030117710100185718.html,蓝光锦绣城,https://cd.ke.com/xiaoqu/3011052082027/,低楼层(共31层),2014年建,1室1厅,55.41平米,北东北,2,11天前发布
4970,汇融云庭，标准车位，诚心出售。,https://cd.ke.com/ershoufang/20030117710100185464.html,汇融云庭,https://cd.ke.com/xiaoqu/1611061471048/,地下室(共1层)1室0厅,38.42平米,南,,,0,11天前发布
4971,金科一城1室0厅东,https://cd.ke.com/ershoufang/20030117710100185535.html,金科一城,https://cd.ke.com/xiaoqu/1611059035753/,地下室(共层),2010年建,1室0厅,29.6平米,东,4,11天前发布
4972,万科魅力之城六期1室0厅东东南,https://cd.ke.com/ershoufang/20030117710100183022.html,万科魅力之城六期,https://cd.ke.com/xiaoqu/1610524008919815/,高楼层(共28层)1室0厅,43平米,东东南,,,0,11天前发布
4973,此房户型方正，装修保养好，采光充足。,https://cd.ke.com/ershoufang/20030117710100177469.html,北回归线二期,https://cd.ke.com/xiaoqu/1618203196271720/,高楼层(共15层),2009年建,1室1厅,57.89平米,西,0,11天前发布
4974,高楼层，户型通透，三居室，位于2.5环内侧,https://cd.ke.com/ershoufang/20030117710100176626.html,沙河新居,https://cd.ke.com/xiaoqu/3011053584530/,中楼层(共6层),1997年建,3室2厅,106平米,东南,0,11天前发布
4975,小区人车分流，标准精装套二户型，采光好，配套成熟,https://cd.ke.com/ershoufang/20030117710100174444.html,时代欣城,https://cd.ke.com/xiaoqu/1620028161446189/,高楼层(共18层),2014年建,2室1厅,79.3平米,东南,3,11天前发布
4976,东风路20号2室1厅南北,https://cd.ke.com/ershoufang/20030117710100172861.html,东风路20号,https://cd.ke.com/xiaoqu/1611060779498/,中楼层(共5层),1998年建,2室1厅,57.98平米,南北,0,11天前发布
4977,视野好明厨明卫户型方正采光好可拎包入住,https://cd.ke.com/ershoufang/20030117710100172679.html,隆兴嘉苑,https://cd.ke.com/xiaoqu/3011053662037/,中楼层(共33层)2室1厅,58.91平米,东南,,,0,11天前发布
4978,首创精装套三带入户带阳台位置安静,https://cd.ke.com/ershoufang/20030117710100171872.html,首创国际城二期,https://cd.ke.com/xiaoqu/3011052114634/,中楼层(共34层),2011年建,3室2厅,86.11平米,西南,9,11天前发布
4979,富临理宫精装套三户型方正客厅带阳台,https://cd.ke.com/ershoufang/20030117710100172199.html,富临理宫,https://cd.ke.com/xiaoqu/1611062835808/,中楼层(共32层),2015年建,3室2厅,88平米,西南,0,11天前发布
4980,金科一城标准套三双卫户型朝南对中庭采光视野好,https://cd.ke.com/ershoufang/20030117710100166686.html,金科一城,https://cd.ke.com/xiaoqu/1611059035753/,中楼层(共18层),2011年建,3室2厅,108平米,南,5,11天前发布
4981,二环内侧，标准套二，采光很好，交通方便。,https://cd.ke.com/ershoufang/20030117710100168697.html,恒大豪庭,https://cd.ke.com/xiaoqu/1620030260294428/,低楼层(共34层),2017年建,2室2厅,76.88平米,南,5,11天前发布
4982,华润二十四城二期朝南套二，开发商精装房，户型较好,https://cd.ke.com/ershoufang/20030117710100166486.html,华润二十四城二期,https://cd.ke.com/xiaoqu/3011055110938/,中楼层(共32层),2010年建,2室2厅,65.3平米,南,9,11天前发布
4983,万象城旁，居家小套三，中间楼层,https://cd.ke.com/ershoufang/20030117710100168933.html,水岸华庭,https://cd.ke.com/xiaoqu/1611041735932/,高楼层(共28层),2009年建,3室2厅,71.9平米,东北,21,11天前发布
4984,中环路7号线地铁口电梯套一对中庭户型方正,https://cd.ke.com/ershoufang/20030117710100165478.html,罗兰小镇,https://cd.ke.com/xiaoqu/3011053899369/,中楼层(共14层),2008年建,1室1厅,62.51平米,南,0,11天前发布
4985,首创国际城二期3室2厅东南,https://cd.ke.com/ershoufang/20030117710100164685.html,首创国际城二期,https://cd.ke.com/xiaoqu/3011052114634/,低楼层(共39层),2014年建,3室2厅,94.51平米,东南,2,11天前发布
4986,金科星耀天都1室1厅南,https://cd.ke.com/ershoufang/20030117710100163947.html,金科星耀天都,https://cd.ke.com/xiaoqu/1611062710864/,低楼层(共26层),2017年建,1室1厅,46.01平米,南,0,11天前发布
4987,三环富森熊猫基地新盘蓝润蓝客城小套三精装出售,https://cd.ke.com/ershoufang/20030117710100163146.html,蓝润蓝客城,https://cd.ke.com/xiaoqu/1611064002535/,高楼层(共28层)3室1厅,65.6平米,东南,,,0,11天前发布
4988,保利品质楼盘精装套三户型拎包即住,https://cd.ke.com/ershoufang/20030117710100161630.html,保利林语溪二期,https://cd.ke.com/xiaoqu/1620030191089428/,中楼层(共32层),2017年建,3室1厅,78平米,西北,4,11天前发布
4989,蓝光富丽花城2室1厅东南,https://cd.ke.com/ershoufang/20030117710100161092.html,蓝光富丽花城,https://cd.ke.com/xiaoqu/3011052604851/,高楼层(共18层),2008年建,2室1厅,81.95平米,东南,2,11天前发布
4990,华润居家装修高楼层，户型方正，满两年,https://cd.ke.com/ershoufang/20030117710100158387.html,华润二十四城四期,https://cd.ke.com/xiaoqu/3011055101745/,高楼层(共32层),2013年建,3室1厅,88.43平米,西南,5,11天前发布
4991,标准的套二户型，装修保养好，业主诚心出售。,https://cd.ke.com/ershoufang/20030117710100151512.html,东方丽苑,https://cd.ke.com/xiaoqu/3011055378425/,中楼层(共29层)2室1厅,69.18平米,东南,,,1,11天前发布
4992,上古天地，跃层，采光好，通透户型,https://cd.ke.com/ershoufang/20030117710100151188.html,上古天地,https://cd.ke.com/xiaoqu/1620027743905470/,高楼层(共28层),2018年建,1室1厅,46.65平米,南,0,11天前发布
4993,东晖花园标准套三安静不吵全对中庭,https://cd.ke.com/ershoufang/20030117710100150791.html,东晖花园三期,https://cd.ke.com/xiaoqu/3011053442202/,中楼层(共8层)3室2厅,91.62平米,西南东南,,,1,11天前发布
4994,一环边，交通方便，配套成熟，标准套二。,https://cd.ke.com/ershoufang/20030117710100150699.html,城市博客C城,https://cd.ke.com/xiaoqu/1611059184955/,低楼层(共34层),2010年建,2室1厅,82.24平米,东,3,11天前发布
4995,国光一环大厦1室0厅东南,https://cd.ke.com/ershoufang/20030117710100150168.html,国光一环大厦,https://cd.ke.com/xiaoqu/3011053211689/,中楼层(共26层),1999年建,1室0厅,41.52平米,东南,1,11天前发布
4996,沙河边，品质开发商，精装套二，装修保养好,https://cd.ke.com/ershoufang/20030117710100149530.html,华宇阳光水岸,https://cd.ke.com/xiaoqu/3011053510481/,中楼层(共21层),2010年建,2室1厅,78.39平米,东南,31,11天前发布
4997,台湾开发商，精装修套三适合居家,https://cd.ke.com/ershoufang/20030117710100149328.html,维多利亚富御,https://cd.ke.com/xiaoqu/1611063745483/,中楼层(共16层),2015年建,3室1厅,96.17平米,东南,1,11天前发布
4998,阳光100米娅中心二期1室0厅东,https://cd.ke.com/ershoufang/20030117710100148830.html,阳光100米娅中心二期,https://cd.ke.com/xiaoqu/1611063629037/,地下室(共1层)1室0厅,33.47平米,东,,,0,11天前发布
4999,蓝光标准车位，停车方便，等您！！！,https://cd.ke.com/ershoufang/20030117710100147190.html,蓝光COCO时代,https://cd.ke.com/xiaoqu/3011053622524/,地下室(共层)1室0厅,31.83平米,东,,,0,11天前发布
5000,绿地新里柏仕公馆开发商统一精装修套一，带个小花园,https://cd.ke.com/ershoufang/20030117710100145312.html,新里柏仕公馆,https://cd.ke.com/xiaoqu/3011052122263/,低楼层(共32层),2011年建,1室1厅,49.34平米,西南,2,11天前发布
5001,胜天人居，精装套二，拎包入住。,https://cd.ke.com/ershoufang/20030117710100144042.html,胜天人居,https://cd.ke.com/xiaoqu/3011053656227/,高楼层(共33层)2室1厅,67.21平米,东,,,1,11天前发布
5002,鲁能公馆。户型方正，采光好。适合居住,https://cd.ke.com/ershoufang/20030117710100139392.html,鲁能公馆,https://cd.ke.com/xiaoqu/1610207281558449/,低楼层(共29层)1室1厅,51平米,东,,,1,11天前发布
5003,青龙场致祥路低楼层出行方便,https://cd.ke.com/ershoufang/20030117710100140099.html,致祥路63号,https://cd.ke.com/xiaoqu/1620031673494663/,低楼层(共7层),1993年建,3室1厅,90.51平米,东,0,11天前发布
5004,国光苑标准套二，安静小区，诚心出售,https://cd.ke.com/ershoufang/20030117710100142925.html,国光苑,https://cd.ke.com/xiaoqu/3011053698589/,中楼层(共7层),2000年建,2室2厅,79.29平米,西北,0,11天前发布
5005,海上海南苑3室2厅东南,https://cd.ke.com/ershoufang/20030117710100138747.html,海上海南苑,https://cd.ke.com/xiaoqu/1611063503148/,中楼层(共22层),2015年建,3室2厅,92.31平米,东南,4,11天前发布
5006,中铁二局玛塞城刚需套二，视野开阔中间楼层,https://cd.ke.com/ershoufang/20030117710100137887.html,中铁二局玛塞城,https://cd.ke.com/xiaoqu/1611063965597/,中楼层(共32层),2015年建,2室1厅,61平米,东南,1,11天前发布
5007,华润二十四城三期3室2厅北南,https://cd.ke.com/ershoufang/20030117710100133361.html,华润二十四城三期,https://cd.ke.com/xiaoqu/3011055107784/,中楼层(共32层),2012年建,3室2厅,89.27平米,北南,3,11天前发布
5008,水岸东里，标准套二，临河临公园,https://cd.ke.com/ershoufang/20030117710100131889.html,水岸东里,https://cd.ke.com/xiaoqu/3011056095765/,高楼层(共32层),2013年建,2室1厅,83.95平米,东南,9,11天前发布
5009,精装套二，双地铁口，畅享龙湖天街购物,https://cd.ke.com/ershoufang/20030117710100131613.html,中粮锦云,https://cd.ke.com/xiaoqu/1611063169388/,中楼层(共33层),2016年建,2室2厅,60平米,东,4,11天前发布
5010,五冶社区2室1厅东,https://cd.ke.com/ershoufang/20030117710100130870.html,五冶社区,https://cd.ke.com/xiaoqu/3011053285401/,高楼层(共6层),1992年建,2室1厅,68.38平米,东,0,11天前发布
5011,央企大盘中房红枫岭新上精装套二,https://cd.ke.com/ershoufang/20030117710100130074.html,红枫岭三期,https://cd.ke.com/xiaoqu/3011053904970/,低楼层(共33层),2009年建,2室2厅,91.93平米,北,1,11天前发布
5012,汇融云庭套二带大阳台户型方正采光好视野开阔,https://cd.ke.com/ershoufang/20030117710100127799.html,汇融云庭,https://cd.ke.com/xiaoqu/1611061471048/,高楼层(共31层),2009年建,2室1厅,78.63平米,西南,1,11天前发布
5013,新华公园新鸿路口低楼层标准套三诚心出售,https://cd.ke.com/ershoufang/20030117710100127934.html,菽香里社区,https://cd.ke.com/xiaoqu/3011053117774/,低楼层(共6层),1994年建,3室2厅,80.92平米,南,1,11天前发布
5014,金科一城1室0厅东,https://cd.ke.com/ershoufang/20030117710100124721.html,金科一城,https://cd.ke.com/xiaoqu/1611059035753/,地下室(共层),2010年建,1室0厅,29.64平米,东,0,11天前发布
5015,保利一级物业，保利林语溪一期负一楼的标准车位,https://cd.ke.com/ershoufang/20030117710100123329.html,保利林语溪一期,https://cd.ke.com/xiaoqu/1611063955217/,地下室(共层),2017年建,1室0厅,31.61平米,南,0,11天前发布
5016,成华荆竹小区3号院，采光好，户型方正，客厅带阳台,https://cd.ke.com/ershoufang/20030117710100122963.html,荆竹小区3号院,https://cd.ke.com/xiaoqu/3011053892902/,中楼层(共6层),2000年建,2室2厅,74.3平米,东西,26,11天前发布
5017,红枫岭新上居家全部对中庭套二。,https://cd.ke.com/ershoufang/20030117710100122664.html,红枫岭二期,https://cd.ke.com/xiaoqu/3011053904959/,高楼层(共33层),2009年建,2室2厅,88.92平米,东,4,11天前发布
5018,东立国际广场1室0厅东南,https://cd.ke.com/ershoufang/20030117710100121595.html,东立国际广场,https://cd.ke.com/xiaoqu/3011053519890/,中楼层(共20层),2008年建,1室0厅,52.05平米,东南,1,11天前发布
5019,蓝光金悦府1室0厅南,https://cd.ke.com/ershoufang/20030117710100121110.html,蓝光金悦府,https://cd.ke.com/xiaoqu/1611062708652/,中楼层(共21层),2017年建,1室0厅,33平米,南,0,11天前发布
5020,成华区三环内精装带家具家电带车位拎包入住,https://cd.ke.com/ershoufang/20030117710100120686.html,蓝润v客尚东一期,https://cd.ke.com/xiaoqu/1620037987997587/,低楼层(共34层),2015年建,2室1厅,66.33平米,东,32,11天前发布
5021,蓝光金悦府1室0厅南,https://cd.ke.com/ershoufang/20030117710100120160.html,蓝光金悦府,https://cd.ke.com/xiaoqu/1611062708652/,中楼层(共21层),2017年建,1室0厅,33平米,南,0,11天前发布
5022,居家套一客厅带阳台户型方正,https://cd.ke.com/ershoufang/20030117710100119688.html,舜和家园B区,https://cd.ke.com/xiaoqu/3011054225552/,中楼层(共28层),2009年建,1室1厅,54.81平米,西南,15,11天前发布
5023,蓝光金悦府标准带装修套一，房东诚心出售,https://cd.ke.com/ershoufang/20030117710100114041.html,蓝光金悦府,https://cd.ke.com/xiaoqu/1611062708652/,高楼层(共21层),2017年建,1室0厅,41平米,东南,0,11天前发布
5024,浅水半岛三期优质套二安静舒适中间楼层,https://cd.ke.com/ershoufang/20030117710100114216.html,浅水半岛三期,https://cd.ke.com/xiaoqu/1611059057623/,中楼层(共27层),2010年建,2室1厅,88.54平米,东南,1,11天前发布
5025,锦绣东方一期3室1厅南,https://cd.ke.com/ershoufang/20030117710100116244.html,锦绣东方一期,https://cd.ke.com/xiaoqu/3011056122684/,低楼层(共33层),2008年建,3室1厅,82.84平米,南,1,11天前发布
5026,浅水半岛三期2室2厅西北,https://cd.ke.com/ershoufang/20030117710100115772.html,浅水半岛三期,https://cd.ke.com/xiaoqu/1611059057623/,低楼层(共27层),2010年建,2室2厅,86.05平米,西北,0,11天前发布
5027,2017年电梯次新房套四双卫三阳台看沙河,https://cd.ke.com/ershoufang/20030117710100115595.html,云翔金座,https://cd.ke.com/xiaoqu/169501464866783/,低楼层(共27层),2016年建,4室2厅,132.3平米,东南,9,11天前发布
5028,中环路居家小套二客厅带阳台户型方正,https://cd.ke.com/ershoufang/20030117710100117397.html,和泓东28,https://cd.ke.com/xiaoqu/1611062701490/,低楼层(共34层),2015年建,2室2厅,65.51平米,东南,6,11天前发布
5029,标准套三双卫产权清晰看房方便,https://cd.ke.com/ershoufang/20030117710100112436.html,凤翔华庭,https://cd.ke.com/xiaoqu/3011053850416/,高楼层(共17层),2006年建,3室2厅,108.39平米,东,3,11天前发布
5030,领都2室1厅南,https://cd.ke.com/ershoufang/20030117710100108420.html,领都,https://cd.ke.com/xiaoqu/3011052952072/,高楼层(共21层),2014年建,2室1厅,58.38平米,南,6,11天前发布
5031,青龙广场1室1厅东,https://cd.ke.com/ershoufang/20030117710100105858.html,青龙广场,https://cd.ke.com/xiaoqu/1614867409415858/,中楼层(共23层),2017年建,1室1厅,47平米,东,6,11天前发布
5032,长天路12号2室1厅东,https://cd.ke.com/ershoufang/20030117710100104981.html,长天路12号,https://cd.ke.com/xiaoqu/3011053907897/,中楼层(共7层),1995年建,2室1厅,68.38平米,东,1,11天前发布
5033,蓝光东方天地2015年次新小区小套二对小区中庭,https://cd.ke.com/ershoufang/20030117710100104556.html,蓝光东方天地,https://cd.ke.com/xiaoqu/1611100069088/,高楼层(共31层),2015年建,2室1厅,52平米,东南,0,11天前发布
5034,沙河北岸3室2厅南北,https://cd.ke.com/ershoufang/20030117710100104155.html,沙河北岸,https://cd.ke.com/xiaoqu/1611059900962/,中楼层(共6层),2006年建,3室2厅,115.85平米,南北,1,11天前发布
5035,春熙苑电梯标准套一客厅带阳台,https://cd.ke.com/ershoufang/20030117710100101294.html,春熙苑一期,https://cd.ke.com/xiaoqu/3011053711566/,低楼层(共11层),2007年建,1室1厅,54.18平米,西南,1,11天前发布
5036,户型方正空间利用合理,https://cd.ke.com/ershoufang/20030117710100101644.html,观城,https://cd.ke.com/xiaoqu/1611057227209/,低楼层(共33层),2013年建,1室0厅,42.88平米,东南,2,11天前发布
5037,户型方正采光好人车分流居家装修临公园近小区,https://cd.ke.com/ershoufang/20022917710100195863.html,银锣湾,https://cd.ke.com/xiaoqu/1611061442974/,低楼层(共22层),2012年建,3室1厅,68平米,南,5,12天前发布
5038,合能耀之城温馨小套一正对小区中庭,https://cd.ke.com/ershoufang/20022917710100195670.html,合能耀之城,https://cd.ke.com/xiaoqu/3011053771681/,高楼层(共18层),2010年建,1室1厅,43.32平米,北,20,12天前发布
5039,钢管厂三区精装大套二双阳台中间楼层采光好,https://cd.ke.com/ershoufang/20022917710100194449.html,钢管厂三区,https://cd.ke.com/xiaoqu/3011053894806/,中楼层(共7层),1998年建,2室2厅,80.02平米,南,0,12天前发布
5040,中粮锦云2室1厅西北,https://cd.ke.com/ershoufang/20022917710100188840.html,中粮锦云,https://cd.ke.com/xiaoqu/1611063169388/,中楼层(共40层),2016年建,2室1厅,59.6平米,西北,6,12天前发布
5041,楼层好，采光充足，安静，户型方正，交通便利,https://cd.ke.com/ershoufang/20022917710100187767.html,华润翠林华庭,https://cd.ke.com/xiaoqu/1611059334560/,高楼层(共16层),2013年建,2室2厅,71.47平米,东,1,12天前发布
5042,阳光100精装套一+2/7双地铁+中间楼层+双面采光,https://cd.ke.com/ershoufang/20022917710100185889.html,阳光100米娅中心一期,https://cd.ke.com/xiaoqu/3011054144684/,低楼层(共32层),2012年建,1室1厅,44.5平米,南,2,12天前发布
5043,浅水半岛优质套二，户型方正，带弧形阳台。,https://cd.ke.com/ershoufang/20022917710100181342.html,浅水半岛三期,https://cd.ke.com/xiaoqu/1611059057623/,中楼层(共27层),2010年建,2室1厅,88.7平米,东南,1,12天前发布
5044,白莲小区二号院1室1厅南,https://cd.ke.com/ershoufang/20022917710100178274.html,白莲小区二号院,https://cd.ke.com/xiaoqu/1620020905522192/,中楼层(共6层)1室1厅,48.55平米,南,,,11,12天前发布
5045,二环内，次新房，精装小区，户型方正，采光好,https://cd.ke.com/ershoufang/20022917710100173559.html,恒大豪庭,https://cd.ke.com/xiaoqu/1620030260294428/,高楼层(共30层),2017年建,2室1厅,69.95平米,西南,16,12天前发布
5046,二环边公园旁大套三安静不临街,https://cd.ke.com/ershoufang/20022917710100174965.html,圣地名居,https://cd.ke.com/xiaoqu/1611061526773/,高楼层(共6层),2004年建,3室2厅,120.68平米,东南,0,12天前发布
5047,金科一城，标准车位，诚心出售。,https://cd.ke.com/ershoufang/20022917710100175387.html,金科一城,https://cd.ke.com/xiaoqu/1611059035753/,地下室(共层),2010年建,1室0厅,28.41平米,东,0,12天前发布
5048,小区安静不临街，采光较好，装修保养好，配套成熟。,https://cd.ke.com/ershoufang/20022917710100171179.html,东风路居民点,https://cd.ke.com/xiaoqu/1611060702105/,高楼层(共6层),2000年建,1室1厅,48.1平米,北,0,12天前发布
5049,动物园海滨公园旁精装小套三诚意出售,https://cd.ke.com/ershoufang/20022917710100170928.html,蓝光coco国际二期,https://cd.ke.com/xiaoqu/1616547789943599/,中楼层(共38层),2016年建,3室1厅,65.21平米,南,1,12天前发布
5050,多层套三，中楼层，一梯两户，户型方正，安静不临街。,https://cd.ke.com/ershoufang/20022917710100167443.html,祥和里118号,https://cd.ke.com/xiaoqu/3011053190731/,高楼层(共7层),1995年建,3室1厅,99.95平米,南,0,12天前发布
5051,三环内银锣湾标准套一物业强环境好,https://cd.ke.com/ershoufang/20022917710100165466.html,银锣湾,https://cd.ke.com/xiaoqu/1611061442974/,中楼层(共22层),2012年建,1室0厅,30.12平米,北,5,12天前发布
5052,首创国际城一期新上套二双阳台对中庭采光好,https://cd.ke.com/ershoufang/20022917710100165984.html,首创国际城一期,https://cd.ke.com/xiaoqu/3011052117274/,低楼层(共34层),2010年建,2室1厅,61.29平米,西北,15,12天前发布
5053,万象城小套二安静对中庭不临街,https://cd.ke.com/ershoufang/20022917710100164622.html,华润二十四城二期,https://cd.ke.com/xiaoqu/3011055110938/,中楼层(共26层),2010年建,2室1厅,56.23平米,东南,13,12天前发布
5054,青龙小区3室1厅南北,https://cd.ke.com/ershoufang/20022917710100164171.html,青龙小区,https://cd.ke.com/xiaoqu/1611062692365/,高楼层(共7层),2002年建,3室1厅,67平米,南北,0,12天前发布
5055,府青路低楼层优质套二出售房东诚心出售！！！,https://cd.ke.com/ershoufang/20022917710100161756.html,府青路二段18号,https://cd.ke.com/xiaoqu/3011056114230/,中楼层(共6层),2005年建,2室1厅,54.5平米,东南,0,12天前发布
5056,电梯套三，采光视野好，装修保养不错,https://cd.ke.com/ershoufang/20022917710100162659.html,春熙苑一期,https://cd.ke.com/xiaoqu/3011053711566/,中楼层(共11层),2007年建,3室2厅,115.06平米,南,0,12天前发布
5057,中国铁建北湖国际城二期3室1厅北,https://cd.ke.com/ershoufang/20022917710100160078.html,中国铁建北湖国际城二期,https://cd.ke.com/xiaoqu/1615365748592372/,高楼层(共41层),2018年建,3室1厅,83.81平米,北,0,12天前发布
5058,成都露天音乐公园旁，带花园套四。,https://cd.ke.com/ershoufang/20022917710100159273.html,绿地世纪城,https://cd.ke.com/xiaoqu/3011053997428/,低楼层(共20层),2016年建,4室2厅,103.88平米,西,1,12天前发布
5059,蓝光coco国际二期，简单装修，套三,https://cd.ke.com/ershoufang/20022917710100157437.html,蓝光coco国际二期,https://cd.ke.com/xiaoqu/1616547789943599/,中楼层(共38层),2016年建,3室1厅,66平米,南,1,12天前发布
5060,二环内双桥路北一街正规大套二、,https://cd.ke.com/ershoufang/20022917710100157052.html,北一街小区,https://cd.ke.com/xiaoqu/168804664095559/,中楼层(共7层),1998年建,2室1厅,74.49平米,南,0,12天前发布
5061,地铁口金科星耀天都办公简单装修,https://cd.ke.com/ershoufang/20022917710100152771.html,金科星耀天都,https://cd.ke.com/xiaoqu/1611062710864/,中楼层(共21层),2018年建,1室1厅,43.94平米,南,0,12天前发布
5062,自住装修，视野开阔，采光充足，未住过,https://cd.ke.com/ershoufang/20022917710100150546.html,华润二十四城七期,https://cd.ke.com/xiaoqu/1611928934298169/,高楼层(共47层),2019年建,3室2厅,91.64平米,东南,16,12天前发布
5063,精装修采光好，小套三，房屋去年一月份交房，业主急售,https://cd.ke.com/ershoufang/20022917710100151935.html,成华奥园广场二期,https://cd.ke.com/xiaoqu/1613922753851012/,中楼层(共32层),2018年建,3室1厅,76.29平米,南西南,5,12天前发布
5064,现代风精装小三居次新楼盘朝南对中庭谁看谁喜欢,https://cd.ke.com/ershoufang/20022917710100153130.html,首创光和城,https://cd.ke.com/xiaoqu/1617652322938857/,高楼层(共25层),2016年建,3室2厅,72.16平米,南,10,12天前发布
5065,万象城旁，品质华润，空中别野，楼顶花园,https://cd.ke.com/ershoufang/20022917710100153688.html,华润二十四城一期,https://cd.ke.com/xiaoqu/3011054427433/,高楼层(共32层),2009年建,5室1厅,144.03平米,南北,8,12天前发布
5066,精装修套三，中间楼层前后对中庭，小通透户型,https://cd.ke.com/ershoufang/20022917710100153339.html,华润二十四城二期,https://cd.ke.com/xiaoqu/3011055110938/,中楼层(共32层),2010年建,3室1厅,80.97平米,东西,4,12天前发布
5067,满两年，朝南采光好，户型方正，交通便利,https://cd.ke.com/ershoufang/20022917710100149717.html,蓝光锦绣城,https://cd.ke.com/xiaoqu/3011052082027/,中楼层(共31层)3室1厅,78.08平米,东南,,,19,12天前发布
5068,居家装修，可拎包入住！户型好。,https://cd.ke.com/ershoufang/20022917710100146478.html,千居朝阳,https://cd.ke.com/xiaoqu/1611041598673/,低楼层(共18层),2008年建,3室1厅,118.94平米,西,0,12天前发布
5069,中海新华府装修保养好套三户型出售，采光好,https://cd.ke.com/ershoufang/20022917710100144465.html,中海新华府,https://cd.ke.com/xiaoqu/1611064050512/,中楼层(共41层),2017年建,3室1厅,83平米,东南,1,12天前发布
5070,1号线韦家碾旁双水康城中间楼层套二诚心出售,https://cd.ke.com/ershoufang/20022917710100143971.html,双水康城A区,https://cd.ke.com/xiaoqu/3011054010097/,低楼层(共6层),2003年建,2室1厅,72.46平米,北,8,12天前发布
5071,4AAAA景区东郊记忆旁，套一，看沙河，视野无遮挡,https://cd.ke.com/ershoufang/20022917710100143485.html,万科天荟,https://cd.ke.com/xiaoqu/1620025994897501/,低楼层(共35层)1室1厅,30.82平米,西,,,1,12天前发布
5072,新鸿路五冶住宅区2室1厅南,https://cd.ke.com/ershoufang/20022917710100142528.html,新鸿路五冶住宅区,https://cd.ke.com/xiaoqu/3011052446816/,中楼层(共6层),2000年建,2室1厅,50.04平米,南,5,12天前发布
5073,富丽东方套二，有装修，采光好。,https://cd.ke.com/ershoufang/20022917710100142275.html,富丽东方,https://cd.ke.com/xiaoqu/3011052041151/,中楼层(共33层),2008年建,2室1厅,78.94平米,西北,12,12天前发布
5074,此房满两年无增值税，低楼层，采光一般，出租装修。,https://cd.ke.com/ershoufang/20022917710100142075.html,嘉通云尚,https://cd.ke.com/xiaoqu/3011053673864/,低楼层(共39层),2011年建,2室1厅,62.3平米,南,2,12天前发布
5075,套二户型，精装，户型方正。户型通透,https://cd.ke.com/ershoufang/20022917710100140016.html,首创国际城二期,https://cd.ke.com/xiaoqu/3011052114634/,中楼层(共34层),2011年建,2室1厅,77.19平米,北,0,12天前发布
5076,一环边近地铁客厅带阳台户型方正,https://cd.ke.com/ershoufang/20022917710100139624.html,财富又一城,https://cd.ke.com/xiaoqu/3011053217749/,中楼层(共34层),2010年建,1室1厅,58平米,南,2,12天前发布
5077,保利次新房，满两年无增值税，精装套三，拎包入住,https://cd.ke.com/ershoufang/20022917710100137815.html,保利林语溪一期,https://cd.ke.com/xiaoqu/1611063955217/,低楼层(共27层),2017年建,3室1厅,68.46平米,北,33,12天前发布
5078,摩玛新城1室0厅北,https://cd.ke.com/ershoufang/20022917710100135378.html,摩玛新城,https://cd.ke.com/xiaoqu/3011052092483/,高楼层(共23层),2013年建,1室0厅,41.54平米,北,0,12天前发布
5079,驷马桥居家套一，有装修，可以拎包入住,https://cd.ke.com/ershoufang/20022917710100136133.html,融锦城,https://cd.ke.com/xiaoqu/3011053787020/,低楼层(共20层),2014年建,1室1厅,50.03平米,东北,1,12天前发布
5080,摩玛新城1室0厅北,https://cd.ke.com/ershoufang/20022917710100135962.html,摩玛新城,https://cd.ke.com/xiaoqu/3011052092483/,高楼层(共23层),2013年建,1室0厅,41.54平米,北,0,12天前发布
5081,户型方正，采光好，安静不临街，带楼顶套二,https://cd.ke.com/ershoufang/20022917710100133052.html,东泰苑,https://cd.ke.com/xiaoqu/3011053423211/,高楼层(共7层),2003年建,2室2厅,91平米,北南,0,12天前发布
5082,二环内对中庭蓝水湾套三精装拎包入住,https://cd.ke.com/ershoufang/20022917710100133135.html,中房蓝水湾,https://cd.ke.com/xiaoqu/3011056164116/,低楼层(共18层),2007年建,3室1厅,97.91平米,西,0,12天前发布
5083,户型方正对中庭清水套三采光好,https://cd.ke.com/ershoufang/20022917710100131171.html,蓝光coco国际二期,https://cd.ke.com/xiaoqu/1616547789943599/,低楼层(共38层),2016年建,3室1厅,64.82平米,东南,0,12天前发布
5084,水映兰庭新上　靠沙河大套三出售　,https://cd.ke.com/ershoufang/20022917710100129614.html,水映兰庭,https://cd.ke.com/xiaoqu/3011056163733/,高楼层(共26层),2008年建,3室1厅,122.62平米,东北,5,12天前发布
5085,招商雍华府二期3室1厅南,https://cd.ke.com/ershoufang/20022917710100126290.html,招商雍华府二期,https://cd.ke.com/xiaoqu/3011053944749/,中楼层(共20层),2014年建,3室1厅,99.32平米,南,0,12天前发布
5086,标准套一，户型方正，采光好，配套齐全,https://cd.ke.com/ershoufang/20022917710100123478.html,泛悦城市广场,https://cd.ke.com/xiaoqu/168690686767683/,低楼层(共26层),2017年建,1室1厅,40.7平米,东南,1,12天前发布
5087,标准套二，中间楼层采光好，装修保养好,https://cd.ke.com/ershoufang/20022917710100119367.html,北新苑,https://cd.ke.com/xiaoqu/1611041813783/,中楼层(共18层),2010年建,2室1厅,79.23平米,东,6,12天前发布
5088,浅水半岛新上对中庭经典双阳台套三,https://cd.ke.com/ershoufang/20022917710100120058.html,浅水半岛二期,https://cd.ke.com/xiaoqu/1611041740739/,高楼层(共27层),2009年建,3室2厅,111.95平米,西北,6,12天前发布
5089,蓝光coco国际，精装套三，诚心出售,https://cd.ke.com/ershoufang/20022917710100119577.html,蓝光coco国际一期,https://cd.ke.com/xiaoqu/1611100032254/,中楼层(共33层),2016年建,3室2厅,72平米,东西南,11,12天前发布
5090,高楼层，小套二，明厨明卫，视野开阔，小区环境好,https://cd.ke.com/ershoufang/20022917710100117844.html,双桥北二街,https://cd.ke.com/xiaoqu/3011053249658/,中楼层(共8层),1988年建,2室1厅,60.8平米,东南,2,12天前发布
5091,李家沱套三，交通方便，带屋顶花园,https://cd.ke.com/ershoufang/20022917710100116682.html,金城商住楼,https://cd.ke.com/xiaoqu/3011055841027/,高楼层(共7层),1995年建,3室2厅,111.81平米,东南,1,12天前发布
5092,沙河边，3.1米层高套二，带阳台。,https://cd.ke.com/ershoufang/20022917710100114540.html,华府沙河,https://cd.ke.com/xiaoqu/3011053896725/,高楼层(共27层),2012年建,2室2厅,81.02平米,西北,16,12天前发布
5093,郦景东城车位，业主诚心出售，位置好,https://cd.ke.com/ershoufang/20022917710100113822.html,郦景东城,https://cd.ke.com/xiaoqu/3011053447650/,地下室(共1层)1室0厅,25.87平米,北,,,0,12天前发布
5094,动物园熊猫基地富森新盘蓝润蓝客城简装套三出售,https://cd.ke.com/ershoufang/20022917710100112487.html,蓝润蓝客城,https://cd.ke.com/xiaoqu/1611064002535/,低楼层(共33层)3室2厅,83.47平米,东,,,0,12天前发布
5095,东方丽苑2室2厅东,https://cd.ke.com/ershoufang/20022917710100110533.html,东方丽苑,https://cd.ke.com/xiaoqu/3011055378425/,高楼层(共29层)2室2厅,78.94平米,东,,,1,12天前发布
5096,东林城市花园客厅带阳台套二朝东视野开阔,https://cd.ke.com/ershoufang/20022917710100107435.html,东林城市花园,https://cd.ke.com/xiaoqu/1611059027015/,高楼层(共18层),2008年建,2室2厅,85.7平米,东,0,12天前发布
5097,蓝光coco国际二期，居家套三，诚心出售,https://cd.ke.com/ershoufang/20022917710100106910.html,蓝光coco国际二期,https://cd.ke.com/xiaoqu/1616547789943599/,低楼层(共33层),2016年建,3室1厅,65.24平米,东西南,3,12天前发布
5098,龙潭寺龙潭新城东方丽苑套二朝南户型,https://cd.ke.com/ershoufang/20022917710100106693.html,东方丽苑,https://cd.ke.com/xiaoqu/3011055378425/,高楼层(共29层)2室1厅,78.94平米,东,,,0,12天前发布
5099,双桥路南二街标准套二带阳台，户型方正无浪费,https://cd.ke.com/ershoufang/20022917710100106141.html,双桥路南二街,https://cd.ke.com/xiaoqu/1611047583841/,中楼层(共8层),2001年建,2室1厅,65.31平米,东,1,12天前发布
5100,满五年，配套完善，交通出行方便，配套成熟,https://cd.ke.com/ershoufang/20022917710100105710.html,蓝光富丽花城,https://cd.ke.com/xiaoqu/3011052604851/,高楼层(共18层),2008年建,3室1厅,89.7平米,西,3,12天前发布
5101,御龙山一期3室2厅南,https://cd.ke.com/ershoufang/20022917710100105391.html,御龙山一期,https://cd.ke.com/xiaoqu/1611062910484/,高楼层(共30层),2015年建,3室2厅,118.42平米,南,0,12天前发布
5102,龙湖三千城二期B区1室0厅东,https://cd.ke.com/ershoufang/20022917710100102555.html,龙湖三千城二期B区,https://cd.ke.com/xiaoqu/3011053812925/,地下室(共层)1室0厅,34平米,东,,,0,12天前发布
5103,低楼层居家套三安静不临街，低密度小区,https://cd.ke.com/ershoufang/20022917710100102295.html,田园,https://cd.ke.com/xiaoqu/3011053490590/,低楼层(共6层),2002年建,3室2厅,116平米,东,0,12天前发布
5104,中粮锦云，龙湖梵城，地下负1楼。,https://cd.ke.com/ershoufang/20022917710100101966.html,中粮锦云,https://cd.ke.com/xiaoqu/1611063169388/,地下室(共层),2016年建,1室0厅,21.73平米,东南,0,12天前发布
5105,御龙山，避难层清水套四，户型方正。,https://cd.ke.com/ershoufang/20022817710100168953.html,御龙山二期,https://cd.ke.com/xiaoqu/1620020444106025/,低楼层(共44层),2015年建,4室2厅,148.62平米,西南,6,13天前发布
5106,荣盛香榭兰庭一期装修套三单卫临地铁,https://cd.ke.com/ershoufang/20022817710100165437.html,荣盛香榭兰庭二期,https://cd.ke.com/xiaoqu/1620021358646993/,低楼层(共36层),2016年建,3室1厅,74.43平米,东南,12,13天前发布
5107,机车厂宿舍，成都理工大学旁边，楼梯房，中间楼层,https://cd.ke.com/ershoufang/20022817710100165569.html,机车厂宿舍,https://cd.ke.com/xiaoqu/1611058819156/,中楼层(共6层),1990年建,2室1厅,58.01平米,南北,3,13天前发布
5108,动物园首创光和城一期标准车位,https://cd.ke.com/ershoufang/20022817710100164118.html,首创光和城,https://cd.ke.com/xiaoqu/1617652322938857/,地下室(共层)1室0厅,31.07平米,南,,,0,13天前发布
5109,优品尚东3室2厅东西,https://cd.ke.com/ershoufang/20022817710100162517.html,优品尚东,https://cd.ke.com/xiaoqu/1611041738993/,低楼层(共18层),2009年建,3室2厅,92平米,东西,1,13天前发布
5110,蓝润蓝客城3室2厅西南,https://cd.ke.com/ershoufang/20022817710100160088.html,蓝润蓝客城,https://cd.ke.com/xiaoqu/1611064002535/,中楼层(共24层),2017年建,3室2厅,78.59平米,西南,0,13天前发布
5111,融锦城1室1厅东南,https://cd.ke.com/ershoufang/20022817710100160575.html,融锦城,https://cd.ke.com/xiaoqu/3011053787020/,高楼层(共14层),2014年建,1室1厅,60.28平米,东南,0,13天前发布
5112,花样年花郡南北通透精装大套三带16平的入户花园,https://cd.ke.com/ershoufang/20022817710100159174.html,花样年花郡,https://cd.ke.com/xiaoqu/1611041612572/,高楼层(共24层),2008年建,3室1厅,131.29平米,南北,24,13天前发布
5113,户型方正采光好朝南户型明厨明卫,https://cd.ke.com/ershoufang/20022817710100158720.html,沙河锦庭,https://cd.ke.com/xiaoqu/1611061437598/,高楼层(共25层),2014年建,2室2厅,80.05平米,南,16,13天前发布
5114,富临理宫居家装修中间楼层的标准小套二户型,https://cd.ke.com/ershoufang/20022817710100158217.html,富临理宫,https://cd.ke.com/xiaoqu/1611062835808/,中楼层(共32层),2015年建,2室1厅,56.74平米,东,8,13天前发布
5115,万科金色家园，套二，临小街，中间楼层，装修好,https://cd.ke.com/ershoufang/20022817710100156695.html,万科金色家园,https://cd.ke.com/xiaoqu/1611061654549/,中楼层(共11层),2005年建,2室1厅,100.62平米,东南西,1,13天前发布
5116,二环内园林小区电子科大东院多层套二,https://cd.ke.com/ershoufang/20022817710100156384.html,电子科大东院,https://cd.ke.com/xiaoqu/3011053585146/,高楼层(共6层),2000年建,2室1厅,71.73平米,南北,0,13天前发布
5117,标准大套三户型方正，底层，出行方便，视野广阔,https://cd.ke.com/ershoufang/20022817710100156160.html,金科一城,https://cd.ke.com/xiaoqu/1611059035753/,低楼层(共18层),2011年建,3室1厅,98.9平米,南,0,13天前发布
5118,香木林花园3室2厅东东南,https://cd.ke.com/ershoufang/20022817710100154268.html,香木林花园,https://cd.ke.com/xiaoqu/3011053741916/,中楼层(共6层),2002年建,3室2厅,105平米,东东南,0,13天前发布
5119,仁和苑(成华)3室1厅南,https://cd.ke.com/ershoufang/20022817710100154548.html,仁和苑(成华),https://cd.ke.com/xiaoqu/3011056136185/,高楼层(共6层),1998年建,3室1厅,91.16平米,南,0,13天前发布
5120,动物园荆竹小区3号院标准套二户型采光好,https://cd.ke.com/ershoufang/20022817710100151827.html,荆竹小区3号院,https://cd.ke.com/xiaoqu/3011053892902/,低楼层(共6层),2000年建,2室1厅,74平米,南,0,13天前发布
5121,御龙山清水大套四，方便装修，诚心出售。,https://cd.ke.com/ershoufang/20022817710100153369.html,御龙山二期,https://cd.ke.com/xiaoqu/1620020444106025/,中楼层(共44层),2015年建,4室2厅,148.61平米,西南,2,13天前发布
5122,东二环SM广场旁套二有装修,https://cd.ke.com/ershoufang/20022817710100148725.html,合能耀之城,https://cd.ke.com/xiaoqu/3011053771681/,低楼层(共33层),2010年建,2室1厅,67.92平米,北,2,13天前发布
5123,华润水电气三通，40年产权，动物园旁。,https://cd.ke.com/ershoufang/20022817710100148630.html,华润翠林华庭,https://cd.ke.com/xiaoqu/1611059334560/,中楼层(共7层),2013年建,1室0厅,42.55平米,东,1,13天前发布
5124,清水套四，方便装修，对中庭，户型方正。,https://cd.ke.com/ershoufang/20022817710100147380.html,御龙山二期,https://cd.ke.com/xiaoqu/1620020444106025/,低楼层(共44层),2015年建,4室2厅,147.74平米,西南,1,13天前发布
5125,标准套二，户型方正，采光好，视野开阔,https://cd.ke.com/ershoufang/20022817710100144683.html,蓝光coco国际二期,https://cd.ke.com/xiaoqu/1616547789943599/,高楼层(共38层),2016年建,2室1厅,53.39平米,西,0,13天前发布
5126,东方丽苑3室1厅南,https://cd.ke.com/ershoufang/20022817710100141834.html,东方丽苑,https://cd.ke.com/xiaoqu/3011055378425/,中楼层(共29层)3室1厅,89.34平米,南,,,4,13天前发布
5127,驷马桥富丽锦城标准套三带双阳台有装修,https://cd.ke.com/ershoufang/20022817710100141144.html,富丽锦城,https://cd.ke.com/xiaoqu/3011053572345/,低楼层(共22层),2008年建,3室2厅,102.23平米,西北,12,13天前发布
5128,华润二十四城五期精装修的套二基本没住过人,https://cd.ke.com/ershoufang/20022817710100139146.html,华润二十四城五期,https://cd.ke.com/xiaoqu/1611060845404/,中楼层(共20层),2014年建,2室1厅,81.07平米,东南东,26,13天前发布
5129,建设路东2.5环地铁口对中庭客厅带阳台,https://cd.ke.com/ershoufang/20022817710100138961.html,宝泰家园,https://cd.ke.com/xiaoqu/3011053403926/,高楼层(共27层),2011年建,2室2厅,92.32平米,东东北,1,13天前发布
5130,东郊记忆旁中间楼层居家装修,https://cd.ke.com/ershoufang/20022817710100138496.html,万科金色乐府,https://cd.ke.com/xiaoqu/1611064018976/,中楼层(共37层),2016年建,2室1厅,77.15平米,西,3,13天前发布
5131,锦绣城简单装修小套二，中间楼层，刚需客户的选择,https://cd.ke.com/ershoufang/20022817710100138116.html,蓝光锦绣城,https://cd.ke.com/xiaoqu/3011052082027/,低楼层(共31层),2014年建,2室1厅,55.29平米,东南,1,13天前发布
5132,锦绣城一期居家精装套二，提前预约随时可看,https://cd.ke.com/ershoufang/20022817710100137872.html,蓝光锦绣城一期,https://cd.ke.com/xiaoqu/3011052076911/,中楼层(共30层),2012年建,2室1厅,80.38平米,东,1,13天前发布
5133,金科一城标准套二出售户型通透采光好,https://cd.ke.com/ershoufang/20022817710100137192.html,金科一城,https://cd.ke.com/xiaoqu/1611059035753/,中楼层(共20层),2012年建,2室1厅,70.62平米,东,11,13天前发布
5134,博闻八里锦汇3室2厅东南,https://cd.ke.com/ershoufang/20022817710100136829.html,博闻八里锦汇,https://cd.ke.com/xiaoqu/3011053708670/,高楼层(共30层),2011年建,3室2厅,93.05平米,东南,2,13天前发布
5135,横厅高楼层套二，朝东采光视野不错,https://cd.ke.com/ershoufang/20022817710100136578.html,隆鑫九熙,https://cd.ke.com/xiaoqu/3011054139339/,高楼层(共34层),2012年建,2室1厅,79平米,东,1,13天前发布
5136,蓝光coco国际二期2室2厅南,https://cd.ke.com/ershoufang/20022817710100135829.html,蓝光coco国际二期,https://cd.ke.com/xiaoqu/1616547789943599/,高楼层(共33层),2016年建,2室2厅,54平米,南,0,13天前发布
5137,标准套二，户型通透，配套成熟。,https://cd.ke.com/ershoufang/20022817710100135215.html,宝泰家园,https://cd.ke.com/xiaoqu/3011053403926/,高楼层(共27层),2011年建,2室2厅,92.88平米,西北,2,13天前发布
5138,东方惠城装修套二，户型方正，客厅带阳台，无遮挡。,https://cd.ke.com/ershoufang/20022817710100132091.html,东方惠城A区,https://cd.ke.com/xiaoqu/3011054188029/,中楼层(共26层),2011年建,2室2厅,73平米,东南,4,13天前发布
5139,地铁4号线万年场旁，沙河边，超大阳台套二,https://cd.ke.com/ershoufang/20022817710100128381.html,水岸华庭,https://cd.ke.com/xiaoqu/1611041735932/,中楼层(共28层),2009年建,2室2厅,75.33平米,西南,3,13天前发布
5140,户型方正，中间楼层，采光很好、视野无遮挡,https://cd.ke.com/ershoufang/20022817710100127792.html,安庆苑,https://cd.ke.com/xiaoqu/3011053798777/,中楼层(共7层),2000年建,2室1厅,75.63平米,西南,0,13天前发布
5141,金科一城精装套二，户型方正采光好,https://cd.ke.com/ershoufang/20022817710100126870.html,金科一城,https://cd.ke.com/xiaoqu/1611059035753/,低楼层(共18层),2011年建,2室1厅,71.62平米,北,0,13天前发布
5142,福晟钱隆天下1室0厅东,https://cd.ke.com/ershoufang/20022817710100125535.html,福晟钱隆天下,https://cd.ke.com/xiaoqu/3011053241350/,地下室(共层)1室0厅,34.06平米,东,,,0,13天前发布
5143,福晟钱隆天下2室1厅东,https://cd.ke.com/ershoufang/20022817710100124786.html,福晟钱隆天下,https://cd.ke.com/xiaoqu/3011053241350/,高楼层(共32层),2013年建,2室1厅,74.52平米,东,1,13天前发布
5144,泛悦城市广场朝南中楼层标准套三,https://cd.ke.com/ershoufang/20022817710100122994.html,泛悦城市广场,https://cd.ke.com/xiaoqu/168690686767683/,中楼层(共32层),2017年建,3室2厅,90.51平米,东北,7,13天前发布
5145,首创国际城二期自住保养好大套二,https://cd.ke.com/ershoufang/20022817710100122388.html,首创国际城二期,https://cd.ke.com/xiaoqu/3011052114634/,中楼层(共34层),2011年建,2室1厅,77.19平米,东北,0,13天前发布
5146,融锦城套二，交通方便，配套成熟，房东诚心出售,https://cd.ke.com/ershoufang/20022817710100122139.html,融锦城,https://cd.ke.com/xiaoqu/3011053787020/,中楼层(共20层),2014年建,2室1厅,76.19平米,西北,4,13天前发布
5147,北回归线一期标准车位随时可看,https://cd.ke.com/ershoufang/20022817710100121868.html,北回归线一期,https://cd.ke.com/xiaoqu/3011053561486/,地下室(共层),2009年建,1室0厅,21.21平米,南,0,13天前发布
5148,万兴街3号3室1厅南,https://cd.ke.com/ershoufang/20022817710100119959.html,万兴街3号,https://cd.ke.com/xiaoqu/3011053869715/,高楼层(共7层),1996年建,3室1厅,76.68平米,南,6,13天前发布
5149,标准精装套三户型，小区环境优雅，人车分流,https://cd.ke.com/ershoufang/20022817710100115858.html,保利林语溪二期,https://cd.ke.com/xiaoqu/1620030191089428/,中楼层(共32层),2017年建,3室1厅,86.67平米,南,13,13天前发布
5150,一环内精装视野好，采光好可以看河看公园,https://cd.ke.com/ershoufang/20022817710100108154.html,世茂玉锦湾一期,https://cd.ke.com/xiaoqu/3011053692604/,中楼层(共53层),2015年建,1室0厅,38.12平米,南,1,13天前发布
5151,白莲小区标准套三交通便利中间楼层采光好户型好,https://cd.ke.com/ershoufang/20022817710100105213.html,白莲小区壹号院,https://cd.ke.com/xiaoqu/1620042345906510/,高楼层(共6层),2000年建,3室2厅,109平米,东南,1,13天前发布
5152,万象城旁沙河明珠精装套二家具家电都不拿走,https://cd.ke.com/ershoufang/20022817710100103696.html,沙河明珠,https://cd.ke.com/xiaoqu/1611058845016/,低楼层(共18层),2008年建,2室1厅,77.8平米,东南,60,13天前发布
5153,上东一号车位户型方正,https://cd.ke.com/ershoufang/20022817710100103466.html,上东一号一期,https://cd.ke.com/xiaoqu/3011052291451/,地下室(共层)1室0厅,43.69平米,南,,,0,13天前发布
5154,汇融名城A区4室1厅东,https://cd.ke.com/ershoufang/20022817710100101650.html,汇融名城A区,https://cd.ke.com/xiaoqu/3011056161998/,低楼层(共18层),2010年建,4室1厅,122.8平米,东,1,13天前发布
5155,上行锦绣，精装套三，不临街，采光好,https://cd.ke.com/ershoufang/20022717710100166433.html,上行锦绣,https://cd.ke.com/xiaoqu/3011053797492/,中楼层(共18层),2010年建,3室1厅,83.7平米,东南,5,14天前发布
5156,本房为38平套一，有装修，东南朝向。,https://cd.ke.com/ershoufang/20022717710100166046.html,万科天荟,https://cd.ke.com/xiaoqu/1620025994897501/,低楼层(共44层),2019年建,1室1厅,38平米,东南,0,14天前发布
5157,金科品质社区业主自住精装套二九成新拎包入住,https://cd.ke.com/ershoufang/20022717710100165818.html,金科天籁城,https://cd.ke.com/xiaoqu/3011055384260/,中楼层(共28层)2室1厅,65.46平米,西,,,3,14天前发布
5158,精装套三带家具家电，户型方正，采光良好,https://cd.ke.com/ershoufang/20022717710100161145.html,时代欣城,https://cd.ke.com/xiaoqu/1620028161446189/,低楼层(共28层)3室2厅,86.59平米,东南,,,0,14天前发布
5159,二环内侧，跃层户型，精装修，采光好,https://cd.ke.com/ershoufang/20022717710100156630.html,恒大豪庭,https://cd.ke.com/xiaoqu/1620030260294428/,中楼层(共37层),2017年建,3室2厅,144平米,南,4,14天前发布
5160,东林城市花园套二出售客厅带阳台，采光好,https://cd.ke.com/ershoufang/20022717710100155958.html,东林城市花园,https://cd.ke.com/xiaoqu/1611059027015/,低楼层(共18层),2008年建,2室2厅,73.56平米,东,6,14天前发布
5161,御龙山精装竖厅套二全新未入住，对中庭,https://cd.ke.com/ershoufang/20022717710100156045.html,御龙山二期,https://cd.ke.com/xiaoqu/1620020444106025/,中楼层(共44层),2018年建,2室1厅,82.81平米,东南,16,14天前发布
5162,满两年，保养好，采光好，安静视野开阔,https://cd.ke.com/ershoufang/20022717710100153139.html,阳光100米娅中心一期,https://cd.ke.com/xiaoqu/3011054144684/,低楼层(共22层),2012年建,2室1厅,77.54平米,北,1,14天前发布
5163,金科一城标准套二，客厅带阳台，对中庭，安静,https://cd.ke.com/ershoufang/20022717710100144591.html,金科一城,https://cd.ke.com/xiaoqu/1611059035753/,高楼层(共20层),2011年建,2室1厅,67.71平米,北,15,14天前发布
5164,就它了荣盛紫提东郡精装套三拎包入住,https://cd.ke.com/ershoufang/20022717710100144662.html,荣盛紫提东郡,https://cd.ke.com/xiaoqu/1611063532231/,高楼层(共31层),2015年建,3室2厅,74.7平米,东,12,14天前发布
5165,建设路精装套二，户型方正，朝东采光好，满五且唯一,https://cd.ke.com/ershoufang/20022717710100143471.html,合能耀之城,https://cd.ke.com/xiaoqu/3011053771681/,低楼层(共29层),2010年建,2室1厅,47.05平米,西南,4,14天前发布
5166,蓝光锦绣城方正套三面向小区中庭位置安静视野好,https://cd.ke.com/ershoufang/20022717710100142149.html,蓝光锦绣城,https://cd.ke.com/xiaoqu/3011052082027/,中楼层(共31层),2014年建,2室2厅,85.24平米,西南,12,14天前发布
5167,龙锦雅苑一室一厅53万,https://cd.ke.com/ershoufang/20022717710100140996.html,龙锦雅苑,https://cd.ke.com/xiaoqu/1620022948731832/,中楼层(共18层)1室1厅,50.69平米,南北,,,40,14天前发布
5168,金科一城3室1厅南北,https://cd.ke.com/ershoufang/20022717710100139722.html,金科一城,https://cd.ke.com/xiaoqu/1611059035753/,中楼层(共20层),2012年建,3室1厅,88.09平米,南北,0,14天前发布
5169,融锦城标准精装套一房东诚心出售,https://cd.ke.com/ershoufang/20022717710100136387.html,融锦城,https://cd.ke.com/xiaoqu/3011053787020/,高楼层(共18层),2014年建,1室0厅,59.98平米,南,0,14天前发布
5170,观城1室0厅东,https://cd.ke.com/ershoufang/20022717710100137731.html,观城,https://cd.ke.com/xiaoqu/1611057227209/,高楼层(共33层),2013年建,1室0厅,52.35平米,东,0,14天前发布
5171,金悦府，标间出售，房东诚心卖,https://cd.ke.com/ershoufang/20022717710100135242.html,蓝光金悦府,https://cd.ke.com/xiaoqu/1611062708652/,中楼层(共21层),2017年建,1室0厅,29.92平米,东西,0,14天前发布
5172,海棠名居3室2厅北,https://cd.ke.com/ershoufang/20022717710100132163.html,海棠名居,https://cd.ke.com/xiaoqu/3011056118243/,高楼层(共5层),2000年建,3室2厅,100.77平米,北,4,14天前发布
5173,万象城小套二安静对中庭不临街,https://cd.ke.com/ershoufang/20022717710100131494.html,华润二十四城二期,https://cd.ke.com/xiaoqu/3011055110938/,低楼层(共26层),2010年建,2室1厅,56.23平米,南,36,14天前发布
5174,蓝光锦绣城一期2室1厅东南,https://cd.ke.com/ershoufang/20022717710100130930.html,蓝光锦绣城一期,https://cd.ke.com/xiaoqu/3011052076911/,高楼层(共30层),2012年建,2室1厅,77.06平米,东南,1,14天前发布
5175,八里小区安心出售好房，局部改动套一变套二,https://cd.ke.com/ershoufang/20022717710100128642.html,安庆苑,https://cd.ke.com/xiaoqu/3011053798777/,高楼层(共7层),2000年建,2室1厅,54.28平米,南,1,14天前发布
5176,标准套二对小区中庭安静采光好,https://cd.ke.com/ershoufang/20022717710100127482.html,龙城,https://cd.ke.com/xiaoqu/3011053207984/,高楼层(共18层),2012年建,2室1厅,83.61平米,南,6,14天前发布
5177,城投东庐2室2厅东,https://cd.ke.com/ershoufang/20022717710100125190.html,城投东庐,https://cd.ke.com/xiaoqu/3011054183818/,中楼层(共29层)2室2厅,74.55平米,东,,,6,14天前发布
5178,冶金宿舍标准套二有装修诚心出售,https://cd.ke.com/ershoufang/20022717710100114944.html,冶金宿舍,https://cd.ke.com/xiaoqu/1611099618850/,中楼层(共7层)2室2厅,85.6平米,东北,,,0,14天前发布
5179,装修小套三中间楼层户型不错,https://cd.ke.com/ershoufang/20022717710100112339.html,合能耀之城,https://cd.ke.com/xiaoqu/3011053771681/,中楼层(共29层),2010年建,3室1厅,59.2平米,西,6,14天前发布
5180,耀之城装修套二朝向不错中间楼层,https://cd.ke.com/ershoufang/20022717710100111951.html,合能耀之城,https://cd.ke.com/xiaoqu/3011053771681/,中楼层(共33层),2010年建,2室1厅,64.33平米,南,5,14天前发布
5181,东润豪庭一期2室1厅东,https://cd.ke.com/ershoufang/20022717710100109219.html,东润豪庭一期,https://cd.ke.com/xiaoqu/3011055382801/,中楼层(共15层)2室1厅,73.5平米,东,,,1,14天前发布
5182,东润豪庭标准套二出售采光好户型方正,https://cd.ke.com/ershoufang/20022717710100108796.html,东润豪庭一期,https://cd.ke.com/xiaoqu/3011055382801/,高楼层(共17层)2室2厅,86.5平米,东,,,0,14天前发布
5183,浅水半岛二期优质房源，户型方正，动静分明，明厨明卫,https://cd.ke.com/ershoufang/20022717710100100215.html,浅水半岛二期,https://cd.ke.com/xiaoqu/1611041740739/,低楼层(共27层),2009年建,2室2厅,87.65平米,西南,0,14天前发布
5184,地铁口优质套二配套齐全户型方正采光好,https://cd.ke.com/ershoufang/20022617710100163362.html,金科中心,https://cd.ke.com/xiaoqu/1611063742385/,中楼层(共21层),2015年建,2室1厅,77.7平米,东,6,15天前发布
5185,一环边离地铁近户型方正配套成熟,https://cd.ke.com/ershoufang/20022617710100160452.html,前锋小区,https://cd.ke.com/xiaoqu/3011054738370/,低楼层(共7层),1995年建,1室1厅,43.35平米,东,2,15天前发布
5186,佳州星城1室1厅西,https://cd.ke.com/ershoufang/20022617710100158785.html,佳州星城,https://cd.ke.com/xiaoqu/1611063124892/,中楼层(共41层),2016年建,1室1厅,51.28平米,西,0,15天前发布
5187,仙湖公馆品质小区居家装修采光好,https://cd.ke.com/ershoufang/20022617710100154863.html,仙湖公馆,https://cd.ke.com/xiaoqu/3011053812644/,中楼层(共18层),2012年建,2室2厅,83.91平米,西南,0,15天前发布
5188,，安静不临街，生活配套齐全，......,https://cd.ke.com/ershoufang/20022617710100153919.html,师友路4号,https://cd.ke.com/xiaoqu/3011053764347/,高楼层(共6层),2008年建,1室1厅,37.11平米,东,0,15天前发布
5189,标准套三，户型方正，，高层，采光好，小区环境优美,https://cd.ke.com/ershoufang/20022617710100149315.html,华宇阳光尚座,https://cd.ke.com/xiaoqu/1611059604355/,高楼层(共17层),2013年建,3室2厅,78.47平米,北,5,15天前发布
5190,底楼安静三居室，成熟社区配套齐全,https://cd.ke.com/ershoufang/20022617710100148163.html,大观里12号院,https://cd.ke.com/xiaoqu/1620021075430678/,低楼层(共6层)3室2厅,90.94平米,东南,,,1,15天前发布
5191,观城1室1厅东南,https://cd.ke.com/ershoufang/20022617710100148058.html,观城,https://cd.ke.com/xiaoqu/1611057227209/,高楼层(共33层),2013年建,1室1厅,50平米,东南,0,15天前发布
5192,金科大盘，金科一城标准套二房东诚心出售,https://cd.ke.com/ershoufang/20022617710100144654.html,金科一城,https://cd.ke.com/xiaoqu/1611059035753/,中楼层(共20层),2012年建,2室1厅,51.89平米,南,1,15天前发布
5193,万象城旁精装套五房东自己在住带入户和阳台,https://cd.ke.com/ershoufang/20022617710100143913.html,华润二十四城一期,https://cd.ke.com/xiaoqu/3011054427433/,中楼层(共32层),2009年建,5室2厅,144平米,南北,26,15天前发布
5194,隆鑫九熙标准套二出售，视野无遮挡，采光好,https://cd.ke.com/ershoufang/20022617710100142176.html,隆鑫九熙,https://cd.ke.com/xiaoqu/3011054139339/,低楼层(共34层),2012年建,2室1厅,78.61平米,西,7,15天前发布
5195,动物园地铁口金科一城小套二有装修刚需交通方便,https://cd.ke.com/ershoufang/20022617710100139340.html,金科一城,https://cd.ke.com/xiaoqu/1611059035753/,低楼层(共18层),2011年建,2室1厅,49.25平米,西北,27,15天前发布
5196,一环内多层套二有装修客厅带阳台,https://cd.ke.com/ershoufang/20022617710100137631.html,一环路东二段48号,https://cd.ke.com/xiaoqu/1613176269451895/,中楼层(共6层)2室2厅,69.9平米,东,,,0,15天前发布
5197,城北品质改善大盘，自持物业环境管理好,https://cd.ke.com/ershoufang/20022617710100136387.html,招商雍华府二期,https://cd.ke.com/xiaoqu/3011053944749/,低楼层(共20层),2014年建,3室1厅,91.62平米,东南,1,15天前发布
5198,浅水半岛三期1室0厅东,https://cd.ke.com/ershoufang/20022617710100135961.html,浅水半岛三期,https://cd.ke.com/xiaoqu/1611059057623/,地下室(共层),2010年建,1室0厅,35平米,东,0,15天前发布
5199,东2.5环地铁口经典套一复式精装,https://cd.ke.com/ershoufang/20022617710100134599.html,招商中央华城一期,https://cd.ke.com/xiaoqu/1620045820623323/,高楼层(共20层),2017年建,1室1厅,23.56平米,西南,0,15天前发布
5200,浅水半岛套三双卫安静不临街对中庭,https://cd.ke.com/ershoufang/20022617710100132023.html,浅水半岛二期,https://cd.ke.com/xiaoqu/1611041740739/,低楼层(共27层),2009年建,3室2厅,105.09平米,东,2,15天前发布
5201,中国铁建开发商，套三单卫住家装修，户型方正，采光好,https://cd.ke.com/ershoufang/20022617710100126815.html,青秀城,https://cd.ke.com/xiaoqu/3011052739893/,中楼层(共18层),2012年建,3室1厅,105.16平米,南北,0,15天前发布
5202,龙潭新城东方丽苑标准套二明厨明卫明窗户型,https://cd.ke.com/ershoufang/20022617710100122820.html,东方丽苑,https://cd.ke.com/xiaoqu/3011055378425/,高楼层(共29层),2012年建,2室1厅,71.89平米,东南,1,15天前发布
5203,八里小区标准套二清水房户型方正,https://cd.ke.com/ershoufang/20022617710100122577.html,双建路60号,https://cd.ke.com/xiaoqu/3011053732030/,低楼层(共7层),2000年建,2室1厅,63.97平米,西北,0,15天前发布
5204,五冶医院背后，标准套二，采光好，安静不临街，,https://cd.ke.com/ershoufang/20022617710100116156.html,新鸿路五冶住宅区,https://cd.ke.com/xiaoqu/3011052446816/,低楼层(共6层),2000年建,2室1厅,68.2平米,南,6,15天前发布
5205,万科魅力之城四期2室2厅南,https://cd.ke.com/ershoufang/20022617710100115442.html,万科魅力之城四期,https://cd.ke.com/xiaoqu/1611060998108/,高楼层(共32层),2009年建,2室2厅,87.27平米,南,1,15天前发布
5206,协信113套三户型双阳台采光好,https://cd.ke.com/ershoufang/20022617710100111999.html,协信中心,https://cd.ke.com/xiaoqu/1611061549482/,中楼层(共31层),2013年建,3室2厅,112.76平米,西南,2,15天前发布
5207,东润豪庭一期1室1厅东,https://cd.ke.com/ershoufang/20022617710100111620.html,东润豪庭一期,https://cd.ke.com/xiaoqu/3011055382801/,中楼层(共15层)1室1厅,37平米,东,,,1,15天前发布
5208,御龙山一期满两年，无增值税，70万装修标准。,https://cd.ke.com/ershoufang/20022617710100109067.html,御龙山一期,https://cd.ke.com/xiaoqu/1611062910484/,低楼层(共29层),2015年建,4室2厅,160.03平米,南,4,15天前发布
5209,华润二十四城三期3室1厅西北,https://cd.ke.com/ershoufang/20022617710100107727.html,华润二十四城三期,https://cd.ke.com/xiaoqu/3011055107784/,中楼层(共32层),2012年建,3室1厅,89.02平米,西北,6,15天前发布
5210,兴元华盛一期3室1厅东南,https://cd.ke.com/ershoufang/20022617710100105066.html,兴元华盛一期,https://cd.ke.com/xiaoqu/3011053551293/,高楼层(共18层),2008年建,3室1厅,100.42平米,东南,1,15天前发布
5211,世茂玉锦湾精装洋房，带两个车位,https://cd.ke.com/ershoufang/20022617710100103825.html,世茂玉锦湾一期,https://cd.ke.com/xiaoqu/3011053692604/,高楼层(共11层),2015年建,4室1厅,158.11平米,南,6,15天前发布
5212,御龙山套二精装带地暖保养好,https://cd.ke.com/ershoufang/20022617710100103378.html,御龙山一期,https://cd.ke.com/xiaoqu/1611062910484/,高楼层(共27层),2016年建,2室2厅,86.05平米,西南,7,15天前发布
5213,恒大豪庭次新小区精装套三户型方正采光视野好,https://cd.ke.com/ershoufang/20022617710100100998.html,恒大豪庭,https://cd.ke.com/xiaoqu/1620030260294428/,中楼层(共34层),2017年建,3室1厅,87.65平米,东南,0,15天前发布
5214,领地海纳时代，居家装修，优质套三,https://cd.ke.com/ershoufang/20022517710100158018.html,领地海纳时代,https://cd.ke.com/xiaoqu/1611062709383/,低楼层(共34层),2016年建,3室1厅,73.79平米,东南,11,16天前发布
5215,五块石老小区，低楼层，进出门方便,https://cd.ke.com/ershoufang/20022517710100157519.html,站东一组小区,https://cd.ke.com/xiaoqu/3011055072906/,低楼层(共6层),2000年建,1室2厅,52.47平米,东南,4,16天前发布
5216,户型方正，朝南对中庭，安静，居家装修，可拎包入住,https://cd.ke.com/ershoufang/20022517710100155241.html,蓝光富丽花城,https://cd.ke.com/xiaoqu/3011052604851/,低楼层(共18层),2008年建,3室2厅,87.87平米,南,48,16天前发布
5217,标准套一，电梯房，户型方正，采光良好,https://cd.ke.com/ershoufang/20022517710100152384.html,嘉通云尚,https://cd.ke.com/xiaoqu/3011053673864/,高楼层(共39层),2011年建,1室1厅,54.8平米,东东南南,1,16天前发布
5218,东润豪庭一期2室2厅南,https://cd.ke.com/ershoufang/20022517710100151293.html,东润豪庭一期,https://cd.ke.com/xiaoqu/3011055382801/,低楼层(共15层)2室2厅,83.5平米,南,,,0,16天前发布
5219,户型方正，安静不临街，交通方便,https://cd.ke.com/ershoufang/20022517710100149890.html,汇厦沙河锦庭二期,https://cd.ke.com/xiaoqu/1611901096440815/,中楼层(共31层)3室1厅,78.28平米,西南,,,4,16天前发布
5220,次新房，精致小两居，特地为你而建，属于你的专属,https://cd.ke.com/ershoufang/20022517710100148080.html,蓝光东方天地,https://cd.ke.com/xiaoqu/1611100069088/,中楼层(共30层),2015年建,2室1厅,52.9平米,东北,0,16天前发布
5221,万科精装套三，带家具家电，还有车位,https://cd.ke.com/ershoufang/20022517710100148235.html,万科金色乐府,https://cd.ke.com/xiaoqu/1611064018976/,中楼层(共39层),2016年建,3室2厅,110平米,西南,15,16天前发布
5222,标准套二，居家装修，拎包入住.,https://cd.ke.com/ershoufang/20022517710100146326.html,华宇阳光水岸,https://cd.ke.com/xiaoqu/3011053510481/,中楼层(共21层),2010年建,2室1厅,76.43平米,西北,8,16天前发布
5223,建设路电梯房，中高楼层，标间户型。,https://cd.ke.com/ershoufang/20022517710100145297.html,东辰瑞景(成华),https://cd.ke.com/xiaoqu/3011053735162/,高楼层(共14层),2006年建,1室0厅,27.88平米,东南,0,16天前发布
5224,锦绣城二期标准套三，南北通透，视野无遮挡,https://cd.ke.com/ershoufang/20022517710100141715.html,蓝光锦绣城二期,https://cd.ke.com/xiaoqu/1616460049296411/,中楼层(共28层)3室1厅,102.24平米,南北,,,1,16天前发布
5225,万科天荟1室0厅东北,https://cd.ke.com/ershoufang/20022517710100140459.html,万科天荟,https://cd.ke.com/xiaoqu/1620025994897501/,中楼层(共35层)1室0厅,25平米,东北,,,0,16天前发布
5226,上东一号一期2室1厅南,https://cd.ke.com/ershoufang/20022517710100140050.html,上东一号一期,https://cd.ke.com/xiaoqu/3011052291451/,低楼层(共18层),2008年建,2室1厅,71.8平米,南,1,16天前发布
5227,二仙桥中间楼层标准套二可当套三,https://cd.ke.com/ershoufang/20022517710100138819.html,二仙桥北二路9号,https://cd.ke.com/xiaoqu/1620021526416513/,中楼层(共4层),2000年建,2室2厅,62.83平米,东南,24,16天前发布
5228,一环内电梯清水套二环境优美带一个产权车位价格另算,https://cd.ke.com/ershoufang/20022517710100137260.html,嘉通云尚,https://cd.ke.com/xiaoqu/3011053673864/,高楼层(共39层),2011年建,2室1厅,79.53平米,东,4,16天前发布
5229,品质太阳公元，精装带地暖，坐北朝南采光好,https://cd.ke.com/ershoufang/20022517710100133939.html,太阳公元大厦,https://cd.ke.com/xiaoqu/1611062934361/,中楼层(共25层),2015年建,1室1厅,62.38平米,南,14,16天前发布
5230,红枫岭三期2室1厅东东南南,https://cd.ke.com/ershoufang/20022517710100133269.html,红枫岭三期,https://cd.ke.com/xiaoqu/3011053904970/,中楼层(共33层),2009年建,2室1厅,89平米,东东南南,1,16天前发布
5231,华宇阳光水岸精装套二带阳台对中庭,https://cd.ke.com/ershoufang/20022517710100132988.html,华宇阳光水岸,https://cd.ke.com/xiaoqu/3011053510481/,低楼层(共21层),2010年建,2室2厅,76.42平米,东南,0,16天前发布
5232,华润二十四城七期套三单卫朝南清水,https://cd.ke.com/ershoufang/20022517710100131637.html,华润二十四城七期,https://cd.ke.com/xiaoqu/1611928934298169/,中楼层(共47层),2018年建,3室2厅,91.55平米,南,39,16天前发布
5233,成华区龙潭寺中国铁建北湖国际城一期,https://cd.ke.com/ershoufang/20022517710100129222.html,中国铁建北湖国际城一期,https://cd.ke.com/xiaoqu/1611062709695/,中楼层(共34层),2016年建,3室1厅,79.12平米,西南,0,16天前发布
5234,成华区东2.3环，东郊记忆旁边，红枫岭三期。,https://cd.ke.com/ershoufang/20022517710100127479.html,红枫岭三期,https://cd.ke.com/xiaoqu/3011053904970/,高楼层(共33层),2009年建,2室2厅,88平米,东东南,19,16天前发布
5235,金科新上套二对中庭客厅带阳台,https://cd.ke.com/ershoufang/20022517710100126631.html,金科一城,https://cd.ke.com/xiaoqu/1611059035753/,低楼层(共20层),2011年建,2室1厅,67.71平米,北,22,16天前发布
5236,永立星城都1室1厅北,https://cd.ke.com/ershoufang/20022517710100124121.html,永立星城都,https://cd.ke.com/xiaoqu/1611063503826/,中楼层(共39层),2017年建,1室1厅,43.95平米,北,0,16天前发布
5237,金科一城得顶跃，户型方正，采光好，有装修,https://cd.ke.com/ershoufang/20022517710100123699.html,金科一城,https://cd.ke.com/xiaoqu/1611059035753/,高楼层(共18层),2011年建,3室2厅,94.75平米,南,6,16天前发布
5238,2017年新小区，临地铁，交通方便，户型方正，精装修,https://cd.ke.com/ershoufang/20022517710100123127.html,上寓,https://cd.ke.com/xiaoqu/1611063840546/,低楼层(共28层)2室1厅,61.39平米,北,,,1,16天前发布
5239,卖点：一环边，小区门口在修市政工程。,https://cd.ke.com/ershoufang/20022517710100122078.html,八二宿舍二区,https://cd.ke.com/xiaoqu/3011053200536/,高楼层(共7层),1994年建,2室1厅,74.86平米,东,0,16天前发布
5240,标准套三双卫户型，精装修，采光好，视野无遮挡,https://cd.ke.com/ershoufang/20022517710100119050.html,蜀都惠园,https://cd.ke.com/xiaoqu/1611041603509/,高楼层(共33层),2010年建,3室1厅,100.42平米,西南,23,16天前发布
5241,标准套三，明厨明卫，通风采光，客厅带阳台。,https://cd.ke.com/ershoufang/20022517710100118681.html,双建路60号,https://cd.ke.com/xiaoqu/3011053732030/,高楼层(共7层),2000年建,3室1厅,83.74平米,南,4,16天前发布
5242,户型方正，采光好，简单装修设计。,https://cd.ke.com/ershoufang/20022517710100116947.html,华润翠林华庭,https://cd.ke.com/xiaoqu/1611059334560/,高楼层(共7层)3室1厅,47.45平米,南,,,0,16天前发布
5243,东润豪庭一期2室1厅东,https://cd.ke.com/ershoufang/20022517710100112975.html,东润豪庭一期,https://cd.ke.com/xiaoqu/3011055382801/,低楼层(共15层)2室1厅,136平米,东,,,0,16天前发布
5244,东润豪庭一期2室1厅东,https://cd.ke.com/ershoufang/20022517710100109641.html,东润豪庭一期,https://cd.ke.com/xiaoqu/3011055382801/,高楼层(共15层)2室1厅,89平米,东,,,0,16天前发布
5245,双桥路南二街低楼层标准套二带阳台，小区温馨,https://cd.ke.com/ershoufang/20022517710100106027.html,420厂宿舍,https://cd.ke.com/xiaoqu/1611048035758/,中楼层(共7层),1996年建,2室1厅,61.78平米,东,37,16天前发布
5246,海滨公园畔居家小户型带家具家电,https://cd.ke.com/ershoufang/20022517710100105159.html,银锣湾,https://cd.ke.com/xiaoqu/1611061442974/,中楼层(共22层),2012年建,1室0厅,31平米,南,1,16天前发布
5247,浅水半岛三期安静对中庭套二出售,https://cd.ke.com/ershoufang/20022517710100104564.html,浅水半岛三期,https://cd.ke.com/xiaoqu/1611059057623/,高楼层(共27层),2010年建,2室1厅,78.78平米,东南西北,4,16天前发布
5248,开发商精装交付，可拎包入住，建设路万象城商圈,https://cd.ke.com/ershoufang/20022517710100102868.html,恒大豪庭,https://cd.ke.com/xiaoqu/1620030260294428/,高楼层(共34层),2017年建,2室1厅,76平米,南,2,16天前发布
5249,隆鑫九熙三期精装修标间，户型方正，安静不临街,https://cd.ke.com/ershoufang/20022517710100102375.html,隆鑫九熙三期,https://cd.ke.com/xiaoqu/1611063022154/,中楼层(共30层),2014年建,1室1厅,52.35平米,东,1,16天前发布
5250,阳光100米娅一期标准套一房子，落地窗，全朝南,https://cd.ke.com/ershoufang/20022517710100102179.html,阳光100米娅中心一期,https://cd.ke.com/xiaoqu/3011054144684/,高楼层(共27层),2012年建,1室1厅,41.79平米,南,16,16天前发布
5251,舒适大两居，舒适惬意的居家生活。,https://cd.ke.com/ershoufang/20022517710100101752.html,华西花园一期,https://cd.ke.com/xiaoqu/3011056098026/,中楼层(共16层),2010年建,2室1厅,85.74平米,东南,6,16天前发布
5252,东三环外侧精装标准套二产权清晰无抵押,https://cd.ke.com/ershoufang/20022517710100101429.html,隆兴嘉苑,https://cd.ke.com/xiaoqu/3011053662037/,高楼层(共32层)2室2厅,58.4平米,南,,,7,16天前发布
5253,富丽花城套三房，急售啦。。。。。。。,https://cd.ke.com/ershoufang/20022517710100100759.html,蓝光富丽花城,https://cd.ke.com/xiaoqu/3011052604851/,低楼层(共18层),2008年建,3室1厅,112.73平米,南,3,16天前发布
5254,红枫岭二期，户型方正，套三双卫,https://cd.ke.com/ershoufang/20022417710100141181.html,红枫岭二期,https://cd.ke.com/xiaoqu/3011053904959/,低楼层(共33层),2009年建,3室2厅,110.55平米,东,7,17天前发布
5255,机车厂宿舍3室2厅东北,https://cd.ke.com/ershoufang/20022417710100131078.html,机车厂宿舍,https://cd.ke.com/xiaoqu/1611058819156/,低楼层(共2层)3室2厅,112.98平米,东北,,,2,17天前发布
5256,协信大套二户型无增值税户型好,https://cd.ke.com/ershoufang/20022417710100128541.html,协信中心,https://cd.ke.com/xiaoqu/1611061549482/,低楼层(共31层),2013年建,2室2厅,80.94平米,东南,0,17天前发布
5257,一环边小房子　交通便利，出门就是双地铁,https://cd.ke.com/ershoufang/20022417710100126033.html,万科金色家园,https://cd.ke.com/xiaoqu/1611061654549/,高楼层(共12层),2005年建,1室0厅,41.57平米,东,5,17天前发布
5258,东二环锦绣东方精装套二朝东，采光好，视野无遮挡,https://cd.ke.com/ershoufang/20022417710100124724.html,锦绣东方一期,https://cd.ke.com/xiaoqu/3011056122684/,低楼层(共33层),2009年建,2室1厅,67.96平米,东,2,17天前发布
5259,房子明厨明卫，装修保养好，安静，对中庭。,https://cd.ke.com/ershoufang/20022417710100123063.html,高地,https://cd.ke.com/xiaoqu/3011053178464/,中楼层(共25层),2008年建,2室1厅,88.52平米,西北北,4,17天前发布
5260,精装套三对中庭视野采光良好！,https://cd.ke.com/ershoufang/20022417710100119859.html,中国铁建北湖国际城二期,https://cd.ke.com/xiaoqu/1615365748592372/,中楼层(共35层),2018年建,3室2厅,83平米,西北,17,17天前发布
5261,品质小区，次新房，业主诚心出售。,https://cd.ke.com/ershoufang/20022417710100119493.html,中国铁建北湖国际城二期,https://cd.ke.com/xiaoqu/1615365748592372/,低楼层(共35层),2018年建,3室2厅,91平米,南,0,17天前发布
5262,优质车位，小区环境优美，出行方便,https://cd.ke.com/ershoufang/20022417710100117280.html,城投东庐,https://cd.ke.com/xiaoqu/3011054183818/,地下室(共层)1室0厅,30.56平米,东,,,3,17天前发布
5263,上霖东方装修三房采光视野好,https://cd.ke.com/ershoufang/20022417710100115364.html,上霖东方,https://cd.ke.com/xiaoqu/3011056102759/,中楼层(共26层),2010年建,3室2厅,88.01平米,东南,8,17天前发布
5264,浅水半岛二期3室1厅东南,https://cd.ke.com/ershoufang/20022417710100114413.html,浅水半岛二期,https://cd.ke.com/xiaoqu/1611041740739/,中楼层(共27层),2009年建,3室1厅,135.92平米,东南,0,17天前发布
5265,房子没有按揭抵押，房子户型方正,https://cd.ke.com/ershoufang/20022417710100113014.html,怡福社区,https://cd.ke.com/xiaoqu/3011053789007/,高楼层(共7层),2006年建,2室1厅,74平米,南北,1,17天前发布
5266,成渝立交板块蓝光锦绣城居家装修方正套三,https://cd.ke.com/ershoufang/20022417710100112343.html,蓝光锦绣城,https://cd.ke.com/xiaoqu/3011052082027/,高楼层(共33层),2014年建,3室2厅,85.69平米,东南,1,17天前发布
5267,万科金色乐府车位，房东诚心出售,https://cd.ke.com/ershoufang/20022417710100112033.html,万科金色乐府,https://cd.ke.com/xiaoqu/1611064018976/,地下室(共层)1室0厅,54.7平米,东,,,0,17天前发布
5268,新东方2000年小区绿化好交通方便,https://cd.ke.com/ershoufang/20022417710100110917.html,新东方,https://cd.ke.com/xiaoqu/3011053692870/,低楼层(共9层),2000年建,3室2厅,105.11平米,南北,0,17天前发布
5269,马克公馆一期2室1厅西南,https://cd.ke.com/ershoufang/20022417710100109673.html,马克公馆一期,https://cd.ke.com/xiaoqu/3011052738641/,高楼层(共18层),2015年建,2室1厅,77.14平米,西南,3,17天前发布
5270,中粮锦云横厅套三通透户型视野开阔,https://cd.ke.com/ershoufang/20022417710100107920.html,中粮锦云,https://cd.ke.com/xiaoqu/1611063169388/,高楼层(共30层),2016年建,3室1厅,85.02平米,西南,27,17天前发布
5271,花样年花郡1室1厅东,https://cd.ke.com/ershoufang/20022417710100101989.html,花样年花郡,https://cd.ke.com/xiaoqu/1611041612572/,高楼层(共32层),2008年建,1室1厅,44平米,东,1,17天前发布
5272,青秀城标准车位，房东这边诚心出售,https://cd.ke.com/ershoufang/20022317710100143177.html,青秀城,https://cd.ke.com/xiaoqu/3011052739893/,地下室(共1层)1室0厅,35.9平米,南,,,0,18天前发布
5273,居家套三安静看房方便户型方正,https://cd.ke.com/ershoufang/20022317710100139874.html,明波花园北苑,https://cd.ke.com/xiaoqu/3011053758037/,中楼层(共7层),2003年建,3室2厅,96.83平米,西南,0,18天前发布
5274,刚需套三，3.6米层高，开发商精装修，拎包入住。,https://cd.ke.com/ershoufang/20022317710100139166.html,阳光100米娅中心二期,https://cd.ke.com/xiaoqu/1611063629037/,中楼层(共26层),2015年建,3室1厅,74.57平米,南,8,18天前发布
5275,机车厂宿舍3室2厅东南,https://cd.ke.com/ershoufang/20022317710100138828.html,机车厂宿舍,https://cd.ke.com/xiaoqu/1611058819156/,低楼层(共2层)3室2厅,108.27平米,东南,,,4,18天前发布
5276,动物园地铁口优质套二，业主诚心出售！,https://cd.ke.com/ershoufang/20022317710100138329.html,东林小区,https://cd.ke.com/xiaoqu/3011052600185/,高楼层(共6层),2003年建,2室1厅,69.67平米,南北,1,18天前发布
5277,兴元华盛三期有房卖，套一，有装修,https://cd.ke.com/ershoufang/20022317710100138019.html,兴元华盛三期,https://cd.ke.com/xiaoqu/1611058907527/,低楼层(共18层),2010年建,1室1厅,48.5平米,西北,2,18天前发布
5278,都市花城双卫套四户型方正客厅带阳台,https://cd.ke.com/ershoufang/20022317710100135578.html,都市花城,https://cd.ke.com/xiaoqu/3011055062960/,高楼层(共6层),2002年建,4室2厅,138.12平米,东,0,18天前发布
5279,金科物业水电气三通三环内交通方便,https://cd.ke.com/ershoufang/20022317710100133387.html,金科中心,https://cd.ke.com/xiaoqu/1611063742385/,中楼层(共20层),2015年建,1室0厅,50.47平米,南,0,18天前发布
5280,标准套二，中间楼层，卧室带阳台，业主诚心出售。,https://cd.ke.com/ershoufang/20022317710100130457.html,财富又一城,https://cd.ke.com/xiaoqu/3011053217749/,中楼层(共34层),2010年建,2室2厅,74.36平米,东南,1,18天前发布
5281,融锦城大套三横厅对中庭采光好,https://cd.ke.com/ershoufang/20022317710100126717.html,融锦城,https://cd.ke.com/xiaoqu/3011053787020/,中楼层(共20层),2014年建,3室1厅,123.8平米,西北,8,18天前发布
5282,近地铁口，简装套二，房屋户型方正，看房方便,https://cd.ke.com/ershoufang/20022317710100126627.html,和泓东28,https://cd.ke.com/xiaoqu/1611062701490/,低楼层(共34层),2015年建,2室1厅,58.5平米,西,12,18天前发布
5283,本小区少有的，在售的标准套三单卫住宅,https://cd.ke.com/ershoufang/20022317710100126283.html,站北东横街83号,https://cd.ke.com/xiaoqu/1611061788369/,高楼层(共7层),1999年建,3室2厅,96.66平米,东南,1,18天前发布
5284,2.5环内侧兴元华盛套二，有装修，朝南,https://cd.ke.com/ershoufang/20022317710100125496.html,兴元华盛一期,https://cd.ke.com/xiaoqu/3011053551293/,中楼层(共18层),2008年建,2室1厅,60.91平米,南,1,18天前发布
5285,标准套二，采光好，居家装修，很安静,https://cd.ke.com/ershoufang/20022317710100122934.html,平安正街43号,https://cd.ke.com/xiaoqu/3011055843971/,高楼层(共7层),1999年建,2室1厅,77.34平米,南,0,18天前发布
5286,三环内动物园商圈人流量大交通方便总价低,https://cd.ke.com/ershoufang/20022317710100122413.html,金科中心,https://cd.ke.com/xiaoqu/1611063742385/,高楼层(共20层),2015年建,1室0厅,48.01平米,东,1,18天前发布
5287,中国铁建北湖国际城二期3室1厅北,https://cd.ke.com/ershoufang/20022317710100120438.html,中国铁建北湖国际城二期,https://cd.ke.com/xiaoqu/1615365748592372/,中楼层(共41层),2018年建,3室1厅,83.93平米,北,0,18天前发布
5288,东润豪庭标准套二出售户型方正,https://cd.ke.com/ershoufang/20022317710100119664.html,东润豪庭一期,https://cd.ke.com/xiaoqu/3011055382801/,低楼层(共15层)2室2厅,86.5平米,南,,,2,18天前发布
5289,东润豪庭一期2室2厅东南,https://cd.ke.com/ershoufang/20022317710100119199.html,东润豪庭一期,https://cd.ke.com/xiaoqu/3011055382801/,中楼层(共17层)2室2厅,87平米,东南,,,0,18天前发布
5290,兴元华盛二期3室2厅东南,https://cd.ke.com/ershoufang/20022317710100119054.html,兴元华盛二期,https://cd.ke.com/xiaoqu/1611058905880/,低楼层(共18层),2009年建,3室2厅,116.26平米,东南,0,18天前发布
5291,横厅套二对中庭中间楼层安静,https://cd.ke.com/ershoufang/20022317710100116316.html,御龙山一期,https://cd.ke.com/xiaoqu/1611062910484/,中楼层(共21层),2015年建,2室2厅,84.12平米,西南,35,18天前发布
5292,泛悦城市广场标准套一户型方正。,https://cd.ke.com/ershoufang/20022317710100116468.html,泛悦城市广场,https://cd.ke.com/xiaoqu/168690686767683/,高楼层(共19层)1室0厅,27.94平米,南,,,4,18天前发布
5293,华宇开发商，总高6楼洋房，标准套三，高楼层，采光好,https://cd.ke.com/ershoufang/20022317710100115287.html,华宇旭辉锦绣花城,https://cd.ke.com/xiaoqu/1620024904222522/,高楼层(共6层),2019年建,3室1厅,109.62平米,南,3,18天前发布
5294,东客站精装居家套三，装修后，只住了一个月。,https://cd.ke.com/ershoufang/20022317710100114037.html,阳光100米娅中心一期,https://cd.ke.com/xiaoqu/3011054144684/,中楼层(共27层),2012年建,3室1厅,86.16平米,东北,32,18天前发布
5295,佳州星城装修套一带中央空调,https://cd.ke.com/ershoufang/20022317710100113886.html,佳州星城,https://cd.ke.com/xiaoqu/1611063124892/,低楼层(共41层),2016年建,1室1厅,51.46平米,东,0,18天前发布
5296,二环边上套三采光好户型通透,https://cd.ke.com/ershoufang/20022317710100113455.html,天伦花园(成华),https://cd.ke.com/xiaoqu/3011053815204/,低楼层(共6层),2005年建,3室1厅,107.58平米,南北,4,18天前发布
5297,华宇阳光尚座1室0厅东北,https://cd.ke.com/ershoufang/20022317710100112928.html,华宇阳光尚座,https://cd.ke.com/xiaoqu/1611059604355/,高楼层(共17层),2013年建,1室0厅,35平米,东北,0,18天前发布
5298,保利品质，人车分流，保利物业，自带英伦风情步行街,https://cd.ke.com/ershoufang/20022317710100109870.html,保利林语溪二期,https://cd.ke.com/xiaoqu/1620030191089428/,高楼层(共27层),2017年建,3室1厅,78.4平米,南,17,18天前发布
5299,观城套三，朝南对中庭，安静采光好,https://cd.ke.com/ershoufang/20022317710100109695.html,观城,https://cd.ke.com/xiaoqu/1611057227209/,中楼层(共33层),2013年建,3室1厅,88.67平米,南,8,18天前发布
5300,鹤林小区标准套一，简装带家具家电。,https://cd.ke.com/ershoufang/20022317710100105218.html,鹤林小区,https://cd.ke.com/xiaoqu/1620029685538048/,中楼层(共6层)1室1厅,43.76平米,东,,,0,18天前发布
5301,市区太古里339电梯楼层适中钻石户型套三,https://cd.ke.com/ershoufang/20022317710100104918.html,天祥大厦,https://cd.ke.com/xiaoqu/3011052438423/,中楼层(共18层),1998年建,3室1厅,106.89平米,南北,0,18天前发布
5302,40栋的大院子生活氛围好居家套三,https://cd.ke.com/ershoufang/20022317710100103048.html,东林小区,https://cd.ke.com/xiaoqu/3011052600185/,中楼层(共6层),2003年建,3室2厅,111.16平米,西,18,18天前发布
5303,华西花园二期，客厅带阳台，居家装修，交通方便,https://cd.ke.com/ershoufang/20022317710100102129.html,华西花园二期,https://cd.ke.com/xiaoqu/1611041733164/,低楼层(共34层),2011年建,2室1厅,87.15平米,西北,26,18天前发布
5304,新上精装大套三，视野好，位置安静，正对小区中庭,https://cd.ke.com/ershoufang/20022317710100100742.html,浅水半岛二期,https://cd.ke.com/xiaoqu/1611041740739/,高楼层(共27层),2009年建,3室2厅,135.99平米,南北,0,18天前发布
5305,成华区二环边标准大套二带入户花园诚心出售,https://cd.ke.com/ershoufang/20022217710100136126.html,浅水半岛一期,https://cd.ke.com/xiaoqu/1611058934011/,中楼层(共27层),2008年建,2室1厅,89.14平米,东,0,19天前发布
5306,蓝光COCO国际有房出售简单装修,https://cd.ke.com/ershoufang/20022217710100136057.html,蓝光coco国际二期,https://cd.ke.com/xiaoqu/1616547789943599/,低楼层(共38层),2016年建,3室1厅,64.82平米,东,2,19天前发布
5307,甲壳特区1室0厅东,https://cd.ke.com/ershoufang/20022217710100134261.html,甲壳特区,https://cd.ke.com/xiaoqu/1611061004052/,中楼层(共7层),2007年建,1室0厅,37.1平米,东,2,19天前发布
5308,清水套二，户型方正，对小区中庭，低楼层。,https://cd.ke.com/ershoufang/20022217710100132446.html,龙湖丽景A区,https://cd.ke.com/xiaoqu/3011055387596/,低楼层(共11层),2010年建,2室2厅,91.13平米,东南,5,19天前发布
5309,中铁青秀城标准套二带车位出售。,https://cd.ke.com/ershoufang/20022217710100124882.html,青秀城,https://cd.ke.com/xiaoqu/3011052739893/,低楼层(共18层),2012年建,2室1厅,78.68平米,东南,3,19天前发布
5310,华润二十四城二期精装套二，竖厅朝南采光好，格局漂亮,https://cd.ke.com/ershoufang/20022217710100123534.html,华润二十四城二期,https://cd.ke.com/xiaoqu/3011055110938/,中楼层(共32层),2010年建,2室2厅,65.3平米,南西南,4,19天前发布
5311,3号地铁动物园站三通,https://cd.ke.com/ershoufang/20022217710100121881.html,金科中心,https://cd.ke.com/xiaoqu/1611063742385/,中楼层(共20层),2015年建,1室0厅,53.37平米,东,1,19天前发布
5312,东郊记忆万科套三双卫出售,https://cd.ke.com/ershoufang/20022217710100121591.html,万科金色乐府,https://cd.ke.com/xiaoqu/1611064018976/,低楼层(共40层),2016年建,3室1厅,89平米,东南,7,19天前发布
5313,居家精装横厅大套三，中间楼层，可拎包入住,https://cd.ke.com/ershoufang/20022217710100121391.html,蓝光锦绣城,https://cd.ke.com/xiaoqu/3011052082027/,中楼层(共27层)3室1厅,98.12平米,东,,,15,19天前发布
5314,清水套一对小区中庭户型方正,https://cd.ke.com/ershoufang/20022217710100120535.html,东方惠城A区,https://cd.ke.com/xiaoqu/3011054188029/,高楼层(共26层),2011年建,1室1厅,49.3平米,南,13,19天前发布
5315,房子是兴元华盛二期套三双卫户型，居家装修,https://cd.ke.com/ershoufang/20022217710100119551.html,兴元华盛二期,https://cd.ke.com/xiaoqu/1611058905880/,高楼层(共18层),2009年建,3室2厅,101.35平米,东,69,19天前发布
5316,成都东站精装房套二+7号线地铁口+2015年品质小区,https://cd.ke.com/ershoufang/20022217710100114157.html,阳光100米娅中心二期,https://cd.ke.com/xiaoqu/1611063629037/,低楼层(共30层),2015年建,2室1厅,65.12平米,东,30,19天前发布
5317,万象城旁东二环外侧华润品质精装套二对中庭安静,https://cd.ke.com/ershoufang/20022217710100113875.html,华润二十四城一期,https://cd.ke.com/xiaoqu/3011054427433/,中楼层(共32层),2007年建,2室1厅,86.16平米,东,3,19天前发布
5318,该房为标准套三户型方正对中庭,https://cd.ke.com/ershoufang/20022217710100113695.html,驷马康城,https://cd.ke.com/xiaoqu/3011053587270/,中楼层(共22层),2000年建,3室1厅,86.16平米,北,1,19天前发布
5319,新华公园五冶社区家带店，位置好，离地铁站近,https://cd.ke.com/ershoufang/20022217710100112641.html,五冶社区,https://cd.ke.com/xiaoqu/3011053285401/,低楼层(共7层),1992年建,2室1厅,49.53平米,东北,1,19天前发布
5320,龙湖梵城旁，沙河边，次新房，精装修直接入住。,https://cd.ke.com/ershoufang/20022217710100110790.html,蓝光东方天地,https://cd.ke.com/xiaoqu/1611100069088/,中楼层(共31层),2015年建,3室1厅,73.9平米,东,0,19天前发布
5321,蓝润V客东区2室1厅东,https://cd.ke.com/ershoufang/20022217710100110222.html,蓝润V客东区,https://cd.ke.com/xiaoqu/1611100037929/,低楼层(共33层),2017年建,2室1厅,74.42平米,东,5,19天前发布
5322,此房满两年，交通方便，户型舒适，电梯住宅,https://cd.ke.com/ershoufang/20022217710100109417.html,仙湖公馆,https://cd.ke.com/xiaoqu/3011053812644/,低楼层(共18层),2012年建,3室1厅,88.73平米,东南,2,19天前发布
5323,近地铁朝南中间楼层标准套二诚心卖,https://cd.ke.com/ershoufang/20022217710100108651.html,蓉铁花园,https://cd.ke.com/xiaoqu/3011053860128/,中楼层(共18层),2009年建,2室1厅,87.2平米,南,10,19天前发布
5324,精装套三，新小区，环境优美，物业成熟。,https://cd.ke.com/ershoufang/20022217710100108384.html,首创光和城,https://cd.ke.com/xiaoqu/1617652322938857/,中楼层(共31层),2016年建,3室1厅,71.33平米,南,0,19天前发布
5325,中房红枫岭三期标准小套三，拿出来卖的比较少。,https://cd.ke.com/ershoufang/20022217710100107614.html,红枫岭三期,https://cd.ke.com/xiaoqu/3011053904970/,高楼层(共28层),2009年建,3室1厅,90.53平米,西北,6,19天前发布
5326,金科一城朝南套二，采光好视野开阔，有阳台。,https://cd.ke.com/ershoufang/20022217710100105679.html,金科一城,https://cd.ke.com/xiaoqu/1611059035753/,低楼层(共20层),2012年建,2室2厅,65.15平米,南,20,19天前发布
5327,蓝光富丽花城3室2厅北,https://cd.ke.com/ershoufang/20022217710100105486.html,蓝光富丽花城,https://cd.ke.com/xiaoqu/3011052604851/,中楼层(共18层),2008年建,3室2厅,111.11平米,北,1,19天前发布
5328,地铁A口，居家装修，紧凑三房，华润开发,https://cd.ke.com/ershoufang/20022217710100102241.html,华润翠林华庭,https://cd.ke.com/xiaoqu/1611059334560/,高楼层(共16层),2013年建,3室2厅,89.95平米,南,3,19天前发布
5329,一环内家益锦华苑15年次新房，小区环境好,https://cd.ke.com/ershoufang/20022217710100100966.html,家益锦华苑,https://cd.ke.com/xiaoqu/3011053670960/,高楼层(共16层),2015年建,4室2厅,163.77平米,东南,3,19天前发布
5330,成都东站7号线地铁口+2015品质小区+精装套三,https://cd.ke.com/ershoufang/20022117710100148724.html,阳光100米娅中心二期,https://cd.ke.com/xiaoqu/1611063629037/,高楼层(共30层),2015年建,3室1厅,86.18平米,东南,38,20天前发布
5331,东客站御龙山二期套二精装保养好,https://cd.ke.com/ershoufang/20022117710100147768.html,御龙山二期,https://cd.ke.com/xiaoqu/1620020444106025/,中楼层(共44层),2018年建,2室1厅,82.23平米,南,0,20天前发布
5332,东二环万象城旁二十四城精装套三,https://cd.ke.com/ershoufang/20022117710100144047.html,华润二十四城三期,https://cd.ke.com/xiaoqu/3011055107784/,高楼层(共30层),2012年建,3室1厅,89.21平米,东,16,20天前发布
5333,合能耀之城精装套二，对中庭，安静不吵。,https://cd.ke.com/ershoufang/20022117710100128259.html,合能耀之城,https://cd.ke.com/xiaoqu/3011053771681/,低楼层(共27层),2010年建,2室2厅,47.82平米,西,0,20天前发布
5334,新里柏仕公馆3室2厅南北,https://cd.ke.com/ershoufang/20022117710100127839.html,新里柏仕公馆,https://cd.ke.com/xiaoqu/3011052122263/,中楼层(共32层),2011年建,3室2厅,104平米,南北,8,20天前发布
5335,招商雍华府二期3室2厅西南,https://cd.ke.com/ershoufang/20022117710100127158.html,招商雍华府二期,https://cd.ke.com/xiaoqu/3011053944749/,低楼层(共21层),2014年建,3室2厅,91.23平米,西南,4,20天前发布
5336,兴元华盛二期3室1厅东南,https://cd.ke.com/ershoufang/20022117710100126018.html,兴元华盛二期,https://cd.ke.com/xiaoqu/1611058905880/,低楼层(共18层),2009年建,3室1厅,101.36平米,东南,1,20天前发布
5337,上霖东方小户型两居室，满二，客厅无浪费,https://cd.ke.com/ershoufang/20022117710100125990.html,上霖东方,https://cd.ke.com/xiaoqu/3011056102759/,高楼层(共24层),2010年建,2室2厅,68.78平米,西北,3,20天前发布
5338,上行锦绣3室2厅东南,https://cd.ke.com/ershoufang/20022117710100124410.html,上行锦绣,https://cd.ke.com/xiaoqu/3011053797492/,中楼层(共21层),2010年建,3室2厅,72平米,东南,0,20天前发布
5339,兴元华盛二期3室1厅东南,https://cd.ke.com/ershoufang/20022117710100123760.html,兴元华盛二期,https://cd.ke.com/xiaoqu/1611058905880/,高楼层(共18层),2009年建,3室1厅,101.36平米,东南,18,20天前发布
5340,兴元华盛二期3室1厅东南,https://cd.ke.com/ershoufang/20022117710100123760.html,兴元华盛二期,https://cd.ke.com/xiaoqu/1611058905880/,高楼层(共18层),2009年建,3室1厅,101.36平米,东南,18,20天前发布
5341,新里柏仕公馆1室1厅东南,https://cd.ke.com/ershoufang/20022117710100122166.html,新里柏仕公馆,https://cd.ke.com/xiaoqu/3011052122263/,低楼层(共18层),2011年建,1室1厅,50.38平米,东南,1,20天前发布
5342,富丽东方2室1厅东北,https://cd.ke.com/ershoufang/20022117710100120980.html,富丽东方,https://cd.ke.com/xiaoqu/3011052041151/,低楼层(共33层),2008年建,2室1厅,65.58平米,东北,13,20天前发布
5343,驷马桥沙河新居户型方正大套二,https://cd.ke.com/ershoufang/20022117710100120292.html,沙河新居,https://cd.ke.com/xiaoqu/3011053584530/,高楼层(共6层),1997年建,2室1厅,72.39平米,东,19,20天前发布
5344,祥和苑东区2室1厅东南,https://cd.ke.com/ershoufang/20022117710100116064.html,祥和苑东区,https://cd.ke.com/xiaoqu/3011053777340/,中楼层(共7层),1999年建,2室1厅,97.9平米,东南,1,20天前发布
5345,绿地新里柏仕公馆开发商统一精装修套三,https://cd.ke.com/ershoufang/20022117710100116183.html,新里柏仕公馆,https://cd.ke.com/xiaoqu/3011052122263/,中楼层(共32层),2011年建,3室1厅,86.5平米,东南,29,20天前发布
5346,观城1室1厅南,https://cd.ke.com/ershoufang/20022117710100115760.html,观城,https://cd.ke.com/xiaoqu/1611057227209/,中楼层(共33层),2013年建,1室1厅,34.01平米,南,0,20天前发布
5347,动物园后门装修小户型采光不错,https://cd.ke.com/ershoufang/20022117710100114897.html,青龙广场,https://cd.ke.com/xiaoqu/1614867409415858/,高楼层(共23层),2017年建,1室0厅,59平米,东南,0,20天前发布
5348,首创国际城二期3室1厅东北,https://cd.ke.com/ershoufang/20022117710100113779.html,首创国际城二期,https://cd.ke.com/xiaoqu/3011052114634/,低楼层(共34层),2012年建,3室1厅,110.96平米,东北,2,20天前发布
5349,东二环品质九龙仓朝南对中庭，高楼层视野开阔采光好,https://cd.ke.com/ershoufang/20022117710100110593.html,九龙仓御园四期,https://cd.ke.com/xiaoqu/1611058968626/,高楼层(共31层),2014年建,2室1厅,82.29平米,南,4,20天前发布
5350,沙河边，品质楼盘，居家装修，诚心卖,https://cd.ke.com/ershoufang/20022117710100108462.html,华宇阳光水岸,https://cd.ke.com/xiaoqu/3011053510481/,中楼层(共21层),2010年建,2室2厅,76.43平米,南东南,0,20天前发布
5351,万科魅力之城三期3室1厅东西,https://cd.ke.com/ershoufang/20022117710100105277.html,万科魅力之城三期,https://cd.ke.com/xiaoqu/1611060984444/,低楼层(共15层),2008年建,3室1厅,109.88平米,东西,0,20天前发布
5352,华润熙悦广场1室0厅东南,https://cd.ke.com/ershoufang/20022117710100104834.html,华润熙悦广场,https://cd.ke.com/xiaoqu/1611061257890/,中楼层(共16层),2015年建,1室0厅,50平米,东南,0,20天前发布
5353,金科一城2室1厅南北,https://cd.ke.com/ershoufang/20022117710100103957.html,金科一城,https://cd.ke.com/xiaoqu/1611059035753/,中楼层(共21层),2012年建,2室1厅,67.53平米,南北,1,20天前发布
5354,青龙广场优质套一通水电诚心出售,https://cd.ke.com/ershoufang/20022117710100103521.html,青龙广场,https://cd.ke.com/xiaoqu/1614867409415858/,中楼层(共23层),2017年建,1室1厅,45.54平米,南,15,20天前发布
5355,驷马桥华宇阳光水岸居家装修套二出售,https://cd.ke.com/ershoufang/20022117710100103285.html,华宇阳光水岸,https://cd.ke.com/xiaoqu/3011053510481/,低楼层(共21层),2010年建,2室2厅,65.56平米,东南,17,20天前发布
5356,必看好房！双林二区套二，金三银四楼层好，户型通透,https://cd.ke.com/ershoufang/20022117710100103362.html,双林路136号,https://cd.ke.com/xiaoqu/1611041847623/,中楼层(共6层)2室1厅,55.45平米,南,,,4,20天前发布
5357,中间楼层，标准套二保养好，自住装修,https://cd.ke.com/ershoufang/20022117710100101951.html,420厂宿舍,https://cd.ke.com/xiaoqu/1611048035758/,中楼层(共7层),1996年建,2室1厅,61.78平米,南北,0,20天前发布
5358,荆竹3号院顶楼带花园套二出售,https://cd.ke.com/ershoufang/20022017710100137561.html,荆竹小区3号院,https://cd.ke.com/xiaoqu/3011053892902/,高楼层(共6层)2室1厅,74.59平米,东南,,,0,21天前发布
5359,一楼带花园，套三，实得面积大，适合居家,https://cd.ke.com/ershoufang/20022017710100137054.html,蓝光富丽花城,https://cd.ke.com/xiaoqu/3011052604851/,低楼层(共18层),2008年建,3室2厅,83.87平米,北,10,21天前发布
5360,招商雍华府二期2室1厅南东北,https://cd.ke.com/ershoufang/20022017710100136814.html,招商雍华府二期,https://cd.ke.com/xiaoqu/3011053944749/,中楼层(共18层),2014年建,2室1厅,81.85平米,南东北,13,21天前发布
5361,万年场长天路套二，诚心出售。交通方便,https://cd.ke.com/ershoufang/20022017710100134299.html,长天路10号社区,https://cd.ke.com/xiaoqu/3011053906901/,中楼层(共7层),1995年建,2室1厅,58.01平米,东南西北,6,21天前发布
5362,富丽锦城1室0厅东,https://cd.ke.com/ershoufang/20022017710100133535.html,富丽锦城,https://cd.ke.com/xiaoqu/3011053572345/,地下室(共层),2008年建,1室0厅,24.34平米,东,0,21天前发布
5363,华宇阳光四季1室1厅东南,https://cd.ke.com/ershoufang/20022017710100133419.html,华宇阳光四季,https://cd.ke.com/xiaoqu/1611059346207/,高楼层(共16层),2010年建,1室1厅,51平米,东南,3,21天前发布
5364,驷马桥套三户型，安静不吵，精装修,https://cd.ke.com/ershoufang/20022017710100133088.html,北回归线二期,https://cd.ke.com/xiaoqu/1618203196271720/,中楼层(共22层),2009年建,3室2厅,90.85平米,东南南,1,21天前发布
5365,香澜半岛2室1厅南北,https://cd.ke.com/ershoufang/20022017710100127322.html,香澜半岛,https://cd.ke.com/xiaoqu/1611060807240/,低楼层(共21层),2016年建,2室1厅,86平米,南北,12,21天前发布
5366,三环路内侧，小户型套二出售，诚心可谈,https://cd.ke.com/ershoufang/20022017710100126218.html,蓝润v客尚东一期,https://cd.ke.com/xiaoqu/1620037987997587/,高楼层(共26层)2室1厅,66.43平米,南,,,1,21天前发布
5367,金科中心1室0厅东,https://cd.ke.com/ershoufang/20022017710100122188.html,金科中心,https://cd.ke.com/xiaoqu/1611063742385/,中楼层(共20层),2015年建,1室0厅,50.15平米,东,0,21天前发布
5368,二环路东一段27号2室2厅东南西南,https://cd.ke.com/ershoufang/20022017710100122014.html,二环路东一段27号,https://cd.ke.com/xiaoqu/3011053605768/,高楼层(共6层)2室2厅,56.78平米,东南西南,,,3,21天前发布
5369,金科中心1室0厅东,https://cd.ke.com/ershoufang/20022017710100121452.html,金科中心,https://cd.ke.com/xiaoqu/1611063742385/,中楼层(共20层),2015年建,1室0厅,50.15平米,东,0,21天前发布
5370,大套二，大阳台，采光好，近地铁，价格可谈,https://cd.ke.com/ershoufang/20022017710100118097.html,华油路95号新37号,https://cd.ke.com/xiaoqu/3011056118913/,高楼层(共7层),1999年建,2室2厅,92.01平米,南北,1,21天前发布
5371,蓝光乐彩优质套三，诚心出售，随时可看！！,https://cd.ke.com/ershoufang/20022017710100117720.html,蓝光乐彩城,https://cd.ke.com/xiaoqu/1611050189052/,低楼层(共41层),2015年建,3室2厅,80.4平米,东东南,6,21天前发布
5372,双桥路240号标准套一，户型方正，采光好。,https://cd.ke.com/ershoufang/20022017710100115781.html,双桥路240号,https://cd.ke.com/xiaoqu/1612790943200161/,中楼层(共7层)1室1厅,40.53平米,东南,,,1,21天前发布
5373,兴元华盛二期大套二出售，地铁口,https://cd.ke.com/ershoufang/20022017710100115638.html,兴元华盛二期,https://cd.ke.com/xiaoqu/1611058905880/,高楼层(共18层),2009年建,2室1厅,79平米,西北东北,1,21天前发布
5374,万年场下街121号3室0厅东,https://cd.ke.com/ershoufang/20022017710100115156.html,万年场下街121号,https://cd.ke.com/xiaoqu/1613650346388689/,高楼层(共6层)3室0厅,75.52平米,东,,,0,21天前发布
5375,蜀都惠园2室1厅东南,https://cd.ke.com/ershoufang/20022017710100113640.html,蜀都惠园,https://cd.ke.com/xiaoqu/1611041603509/,低楼层(共31层),2010年建,2室1厅,68.11平米,东南,0,21天前发布
5376,宝源驷马城3室1厅东东北,https://cd.ke.com/ershoufang/20022017710100111999.html,宝源驷马城,https://cd.ke.com/xiaoqu/1611061437730/,高楼层(共18层),2008年建,3室1厅,67.01平米,东东北,15,21天前发布
5377,一环路东三段内侧，祥和里电梯房，套四双卫,https://cd.ke.com/ershoufang/20022017710100110211.html,祥和里1号,https://cd.ke.com/xiaoqu/1611059502306/,高楼层(共7层),1995年建,4室2厅,131.4平米,东,2,21天前发布
5378,首创天禧68房东诚心卖交通便利视野开阔,https://cd.ke.com/ershoufang/20022017710100108355.html,首创天禧68,https://cd.ke.com/xiaoqu/166986148097817/,高楼层(共33层),2017年建,3室1厅,89平米,北,2,21天前发布
5379,精装套三，可拎包入住，交通便利,https://cd.ke.com/ershoufang/20022017710100105684.html,首创天禧68,https://cd.ke.com/xiaoqu/166986148097817/,中楼层(共40层),2017年建,3室1厅,87.63平米,西南,29,21天前发布
5380,金科天籁城品质小区装修套二对中庭中间楼层,https://cd.ke.com/ershoufang/20022017710100104677.html,金科天籁城,https://cd.ke.com/xiaoqu/3011055384260/,中楼层(共33层)2室1厅,65.54平米,西,,,1,21天前发布
5381,10栋大套二远离三环喧闹，居家装修，拎包入住,https://cd.ke.com/ershoufang/20022017710100103497.html,新里柏仕公馆,https://cd.ke.com/xiaoqu/3011052122263/,中楼层(共32层),2011年建,2室2厅,89.13平米,南北,8,21天前发布
5382,精装修，户型无改动空间变动方便,https://cd.ke.com/ershoufang/20022017710100100933.html,蓝光东方天地,https://cd.ke.com/xiaoqu/1611100069088/,高楼层(共20层),2015年建,1室2厅,49平米,东,11,21天前发布
5383,北城鑫街2室1厅东,https://cd.ke.com/ershoufang/20021917710100120727.html,北城鑫街,https://cd.ke.com/xiaoqu/1612972299662082/,高楼层(共17层),2016年建,2室1厅,77.52平米,东,0,22天前发布
5384,蓝光富丽花城套三带装修带阳台户型方正,https://cd.ke.com/ershoufang/20021917710100119416.html,蓝光富丽花城,https://cd.ke.com/xiaoqu/3011052604851/,高楼层(共18层),2008年建,3室1厅,89.08平米,东,18,22天前发布
5385,新鸿社区107号大院1室1厅南,https://cd.ke.com/ershoufang/20021917710100118912.html,新鸿社区107号大院,https://cd.ke.com/xiaoqu/3011053143771/,低楼层(共7层),1990年建,1室1厅,49.3平米,南,12,22天前发布
5386,户型方正，采光好，交通方便，配套成熟,https://cd.ke.com/ershoufang/20021917710100118314.html,青龙广场,https://cd.ke.com/xiaoqu/1614867409415858/,中楼层(共23层),2017年建,1室1厅,48.05平米,南,0,22天前发布
5387,标准套三双卫精装修保养好舒适楼层采光视野好,https://cd.ke.com/ershoufang/20021917710100115249.html,金科一城,https://cd.ke.com/xiaoqu/1611059035753/,低楼层(共20层),2009年建,3室2厅,118.51平米,南北,5,22天前发布
5388,北城鑫街1室0厅东南,https://cd.ke.com/ershoufang/20021917710100112237.html,北城鑫街,https://cd.ke.com/xiaoqu/1612972299662082/,中楼层(共17层),2016年建,1室0厅,43.17平米,东南,0,22天前发布
5389,青秀城1室0厅南,https://cd.ke.com/ershoufang/20021917710100112112.html,青秀城,https://cd.ke.com/xiaoqu/3011052739893/,地下室(共1层)1室0厅,35.9平米,南,,,0,22天前发布
5390,建设路标准大套二，龙湖品质开发商，简单装修。,https://cd.ke.com/ershoufang/20021917710100112063.html,龙湖三千里B区二期,https://cd.ke.com/xiaoqu/3011053802952/,高楼层(共34层),2009年建,2室1厅,84.86平米,东南,1,22天前发布
5391,万科物业套二中间楼层开发商统一装修,https://cd.ke.com/ershoufang/20021917710100111510.html,万科金色乐府,https://cd.ke.com/xiaoqu/1611064018976/,中楼层(共39层),2016年建,2室1厅,77平米,北,0,22天前发布
5392,兴元华盛一期1室1厅东南南,https://cd.ke.com/ershoufang/20021917710100110892.html,兴元华盛一期,https://cd.ke.com/xiaoqu/3011053551293/,高楼层(共18层),2008年建,1室1厅,47.52平米,东南南,3,22天前发布
5393,华宇阳光尚座1室1厅东南,https://cd.ke.com/ershoufang/20021917710100107837.html,华宇阳光尚座,https://cd.ke.com/xiaoqu/1611059604355/,高楼层(共17层),2013年建,1室1厅,49.41平米,东南,3,22天前发布
5394,全新装修标准套四房小区环境好,https://cd.ke.com/ershoufang/20021917710100103687.html,蓝润蓝客城,https://cd.ke.com/xiaoqu/1611064002535/,高楼层(共33层)4室2厅,93.25平米,东南,,,0,22天前发布
5395,浅水半岛，套三双卫，视野开阔，拎包入住,https://cd.ke.com/ershoufang/20021917710100101612.html,浅水半岛一期,https://cd.ke.com/xiaoqu/1611058934011/,中楼层(共27层),2008年建,3室2厅,105.24平米,西南,0,22天前发布
5396,东站精装套三没有增值税过户方便,https://cd.ke.com/ershoufang/20021817710100131510.html,荣盛香榭兰庭一期,https://cd.ke.com/xiaoqu/1611062711387/,高楼层(共27层),2015年建,3室1厅,86.58平米,西南,3,23天前发布
5397,精装三居室，低楼层，西北朝向，175万,https://cd.ke.com/ershoufang/20021817710100130888.html,云水苑,https://cd.ke.com/xiaoqu/3011056100495/,低楼层(共38层),2012年建,3室1厅,88.86平米,西北,0,23天前发布
5398,八里小区金津苑标准套一客厅带阳台,https://cd.ke.com/ershoufang/20021817710100130779.html,金津苑,https://cd.ke.com/xiaoqu/3011053756306/,中楼层(共7层),2006年建,2室1厅,64.92平米,东南,0,23天前发布
5399,居家套一，装修保养完好，拧包入住,https://cd.ke.com/ershoufang/20021817710100129935.html,锦都馨苑,https://cd.ke.com/xiaoqu/3011053714121/,低楼层(共11层),2007年建,1室1厅,62.18平米,东,3,23天前发布
5400,浅水半岛，套三双卫，视野开阔，拎包入住,https://cd.ke.com/ershoufang/20021917710100101612.html,浅水半岛一期,https://cd.ke.com/xiaoqu/1611058934011/,中楼层(共27层),2008年建,3室2厅,105.24平米,西南,0,22天前发布
5401,东站精装套三没有增值税过户方便,https://cd.ke.com/ershoufang/20021817710100131510.html,荣盛香榭兰庭一期,https://cd.ke.com/xiaoqu/1611062711387/,高楼层(共27层),2015年建,3室1厅,86.58平米,西南,3,23天前发布
5402,精装三居室，低楼层，西北朝向，175万,https://cd.ke.com/ershoufang/20021817710100130888.html,云水苑,https://cd.ke.com/xiaoqu/3011056100495/,低楼层(共38层),2012年建,3室1厅,88.86平米,西北,0,23天前发布
5403,八里小区金津苑标准套一客厅带阳台,https://cd.ke.com/ershoufang/20021817710100130779.html,金津苑,https://cd.ke.com/xiaoqu/3011053756306/,中楼层(共7层),2006年建,2室1厅,64.92平米,东南,0,23天前发布
5404,居家套一，装修保养完好，拧包入住,https://cd.ke.com/ershoufang/20021817710100129935.html,锦都馨苑,https://cd.ke.com/xiaoqu/3011053714121/,低楼层(共11层),2007年建,1室1厅,62.18平米,东,3,23天前发布
5405,兴元华盛三期标准大套三出售,https://cd.ke.com/ershoufang/20021817710100126840.html,兴元华盛三期,https://cd.ke.com/xiaoqu/1611058907527/,低楼层(共18层),2010年建,3室2厅,114.97平米,东南,2,23天前发布
5406,此房产权满两年，安静居家装修视野好，客厅带阳台,https://cd.ke.com/ershoufang/20021817710100126545.html,蓝光锦绣城二期,https://cd.ke.com/xiaoqu/1616460049296411/,高楼层(共32层)2室1厅,80.29平米,东南西南,,,31,23天前发布
5407,地铁口精装套三可拎包入住，配套设施齐全,https://cd.ke.com/ershoufang/20021817710100124023.html,兴元华盛三期,https://cd.ke.com/xiaoqu/1611058907527/,中楼层(共18层),2010年建,3室2厅,109.95平米,南,1,23天前发布
5408,居家精装横厅套三双卫，保养得当可拎包入住,https://cd.ke.com/ershoufang/20021817710100120947.html,海上海北苑,https://cd.ke.com/xiaoqu/1620020423142074/,中楼层(共33层),2015年建,3室1厅,108.49平米,南,5,23天前发布
5409,兴元华盛二期2室1厅东,https://cd.ke.com/ershoufang/20021817710100115178.html,兴元华盛二期,https://cd.ke.com/xiaoqu/1611058905880/,中楼层(共18层),2009年建,2室1厅,90.27平米,东,0,23天前发布
5410,二环内侧，配套齐全，标准套二，交通方便。,https://cd.ke.com/ershoufang/20021817710100114343.html,和信融锦云湾,https://cd.ke.com/xiaoqu/1611060919325/,高楼层(共33层),2012年建,2室1厅,76.31平米,西南,0,23天前发布
5411,万象城旁边对中庭的套三实得面积大,https://cd.ke.com/ershoufang/20021817710100112912.html,华润二十四城一期,https://cd.ke.com/xiaoqu/3011054427433/,中楼层(共32层),2009年建,3室2厅,89.83平米,西,1,23天前发布
5412,正朝南小套二采光很好户型方正带新风系统,https://cd.ke.com/ershoufang/20021817710100110413.html,朗诗绿色街区,https://cd.ke.com/xiaoqu/1611062264242/,低楼层(共18层),2014年建,2室1厅,65.39平米,南,15,23天前发布
5413,蓝光COCO时代2室1厅南,https://cd.ke.com/ershoufang/20021817710100110586.html,蓝光COCO时代,https://cd.ke.com/xiaoqu/3011053622524/,高楼层(共32层),2014年建,2室1厅,63平米,南,0,23天前发布
5414,央企招商雍华府改善套二，装修及保养好，户型反正通透,https://cd.ke.com/ershoufang/20021817710100109495.html,招商雍华府二期,https://cd.ke.com/xiaoqu/3011053944749/,高楼层(共20层),2014年建,2室1厅,82.34平米,东南,4,23天前发布
5415,青龙广场优质套一通水电诚心出售,https://cd.ke.com/ershoufang/20021817710100109254.html,青龙广场,https://cd.ke.com/xiaoqu/1614867409415858/,中楼层(共23层),2017年建,1室1厅,46平米,南北,0,23天前发布
5416,景碧园3室1厅东南,https://cd.ke.com/ershoufang/20021817710100108981.html,景碧园,https://cd.ke.com/xiaoqu/167646208863574/,中楼层(共11层),2001年建,3室1厅,136.72平米,东南,2,23天前发布
5417,招商中央华城一期1室1厅东南,https://cd.ke.com/ershoufang/20021817710100108437.html,招商中央华城一期,https://cd.ke.com/xiaoqu/1620045820623323/,中楼层(共20层),2017年建,1室1厅,23.56平米,东南,0,23天前发布
5418,"精装标准套三,满两年，采光好，通风好，视野佳",https://cd.ke.com/ershoufang/20021817710100106220.html,中国铁建北湖国际城一期,https://cd.ke.com/xiaoqu/1611062709695/,低楼层(共42层),2016年建,3室1厅,84.25平米,北,9,23天前发布
5419,马克公馆二期3室2厅东南,https://cd.ke.com/ershoufang/20021817710100105126.html,马克公馆二期,https://cd.ke.com/xiaoqu/1620024092197429/,中楼层(共18层)3室2厅,89.08平米,东南,,,0,23天前发布
5420,佳州星城标准套一中间楼层满2年满2年满2年,https://cd.ke.com/ershoufang/20021817710100102980.html,佳州星城,https://cd.ke.com/xiaoqu/1611063124892/,低楼层(共41层),2016年建,1室1厅,51.41平米,西南,0,23天前发布
5421,华润紫云府精装三房看小区中庭,https://cd.ke.com/ershoufang/20021817710100101291.html,华润二十四城三期,https://cd.ke.com/xiaoqu/3011055107784/,高楼层(共30层),2012年建,3室2厅,114.34平米,南,10,23天前发布
5422,交通便利，生活配套齐全套二。诚心卖,https://cd.ke.com/ershoufang/20021717710100121770.html,兴元华盛一期,https://cd.ke.com/xiaoqu/3011053551293/,中楼层(共18层),2008年建,2室1厅,69平米,北,18,24天前发布
5423,成华区二环边浅水半岛三期居家套三,https://cd.ke.com/ershoufang/20021717710100121213.html,浅水半岛三期,https://cd.ke.com/xiaoqu/1611059057623/,高楼层(共27层),2010年建,3室2厅,107平米,东南,1,24天前发布
5424,天空城装修套二带阳台东南向,https://cd.ke.com/ershoufang/20021717710100119044.html,天空城,https://cd.ke.com/xiaoqu/3011056104727/,高楼层(共32层),2010年建,2室2厅,89.56平米,东南,6,24天前发布
5425,动物园金科一城精装套二，拎包入住！,https://cd.ke.com/ershoufang/20021717710100119292.html,金科一城,https://cd.ke.com/xiaoqu/1611059035753/,低楼层(共21层),2012年建,2室1厅,63.28平米,东南,0,24天前发布
5426,品质小区+地铁口+精装修+通透户型+采光好+不临街,https://cd.ke.com/ershoufang/20021717710100117838.html,优品尚东三期,https://cd.ke.com/xiaoqu/1611100348992/,高楼层(共33层),2015年建,3室1厅,77.88平米,东南,9,24天前发布
5427,春熙苑一期标准套一有装修,https://cd.ke.com/ershoufang/20021717710100114987.html,春熙苑一期,https://cd.ke.com/xiaoqu/3011053711566/,低楼层(共11层),2007年建,1室1厅,54.18平米,西,0,24天前发布
5428,泛悦城市广场1室0厅东,https://cd.ke.com/ershoufang/20021717710100113835.html,泛悦城市广场,https://cd.ke.com/xiaoqu/168690686767683/,高楼层(共19层)1室0厅,27.93平米,东,,,0,24天前发布
5429,招商东城国际1室0厅南,https://cd.ke.com/ershoufang/20021717710100113382.html,招商东城国际,https://cd.ke.com/xiaoqu/1611061445682/,中楼层(共27层),2012年建,1室0厅,57平米,南,0,24天前发布
5430,丽水澜庭A区1室1厅东,https://cd.ke.com/ershoufang/20021717710100112622.html,丽水澜庭A区,https://cd.ke.com/xiaoqu/3011053749399/,低楼层(共18层)1室1厅,46.6平米,东,,,19,24天前发布
5431,二环边锦绣东方有装修套三，朝南，中间楼层视野开阔,https://cd.ke.com/ershoufang/20021717710100111499.html,锦绣东方一期,https://cd.ke.com/xiaoqu/3011056122684/,中楼层(共33层),2009年建,3室1厅,83.03平米,南,34,24天前发布
5432,业主诚心出售配套成熟围合式小区安全无隐患,https://cd.ke.com/ershoufang/20021717710100111088.html,金华苑,https://cd.ke.com/xiaoqu/3011053710211/,中楼层(共5层)2室1厅,69.29平米,东,,,16,24天前发布
5433,此房对中庭安静不吵，装修保养好拎包入住。,https://cd.ke.com/ershoufang/20021717710100107686.html,龙湖丽景B区,https://cd.ke.com/xiaoqu/3011055389795/,中楼层(共11层),2009年建,3室1厅,101.89平米,北,17,24天前发布
5434,成华奥园广场三居室，户型方正，正对公园。,https://cd.ke.com/ershoufang/20021717710100106977.html,成华奥园广场一期,https://cd.ke.com/xiaoqu/1611062700245/,低楼层(共30层),2016年建,3室2厅,77.57平米,西北,4,24天前发布
5435,东方惠城A区2室1厅东,https://cd.ke.com/ershoufang/20021717710100106830.html,东方惠城A区,https://cd.ke.com/xiaoqu/3011054188029/,高楼层(共14层),2011年建,2室1厅,72平米,东,3,24天前发布
5436,蓝光乐彩城1期套三优质好房源.,https://cd.ke.com/ershoufang/20021717710100102473.html,蓝光乐彩城,https://cd.ke.com/xiaoqu/1611050189052/,低楼层(共40层),2016年建,3室1厅,71.37平米,东南,3,24天前发布
5437,交大归谷建设派2室2厅东南,https://cd.ke.com/ershoufang/20021717710100101184.html,交大归谷建设派,https://cd.ke.com/xiaoqu/1611062703209/,低楼层(共21层),2017年建,2室2厅,57.63平米,东南,1,24天前发布
5438,三环内动物园标准套一采光好安静不吵闹,https://cd.ke.com/ershoufang/20021617710100120760.html,东林城市花园,https://cd.ke.com/xiaoqu/1611059027015/,中楼层(共18层),2008年建,1室1厅,62.12平米,东,1,25天前发布
5439,此房户型方正，采光好，横厅设计，中间楼层，东南向,https://cd.ke.com/ershoufang/20021617710100119964.html,蓝光锦绣城,https://cd.ke.com/xiaoqu/3011052082027/,中楼层(共31层),2014年建,3室1厅,90.08平米,东南,7,25天前发布
5440,恒大广场一期项目，精装房，交通方便,https://cd.ke.com/ershoufang/20021617710100116320.html,恒大豪庭,https://cd.ke.com/xiaoqu/1620030260294428/,高楼层(共44层),2017年建,2室1厅,70平米,东南,0,25天前发布
5441,二环内侧套三，客厅阳台超舒服，看沙河，环境好。,https://cd.ke.com/ershoufang/20021617710100112421.html,沙河新城,https://cd.ke.com/xiaoqu/3011056116512/,高楼层(共18层),2005年建,3室2厅,153.76平米,东南,3,25天前发布
5442,中间楼层，开阔视野，三阳台居家套二,https://cd.ke.com/ershoufang/20021617710100104254.html,红枫岭二期,https://cd.ke.com/xiaoqu/3011053904959/,中楼层(共33层),2009年建,2室1厅,88.06平米,西,1,25天前发布
5443,北一街，小区干净整洁，道路宽广，停车方便。,https://cd.ke.com/ershoufang/20021617710100103765.html,北一街小区,https://cd.ke.com/xiaoqu/168804664095559/,高楼层(共7层),2003年建,2室1厅,81.45平米,南北,2,25天前发布
5444,SM广场背后园林式小区居电梯居家套二,https://cd.ke.com/ershoufang/20021617710100100713.html,东篱居二期,https://cd.ke.com/xiaoqu/3011053806941/,高楼层(共18层),2007年建,2室1厅,84.97平米,西,1,25天前发布
5445,店长墙裂推荐，精装套三，拎包入住,https://cd.ke.com/ershoufang/20021617710100100325.html,首创光和城,https://cd.ke.com/xiaoqu/1617652322938857/,高楼层(共31层),2016年建,3室2厅,87.83平米,南,18,25天前发布
5446,浅水半岛80俊，通水电气，精装修,https://cd.ke.com/ershoufang/20021517710100121552.html,浅水半岛80俊,https://cd.ke.com/xiaoqu/1611059650564/,高楼层(共18层),2009年建,1室0厅,40.79平米,西南,1,26天前发布
5447,花样年花郡2室2厅南北,https://cd.ke.com/ershoufang/20021517710100114753.html,花样年花郡,https://cd.ke.com/xiaoqu/1611041612572/,中楼层(共22层),2008年建,2室2厅,85.88平米,南北,4,26天前发布
5448,富丽花城套三来看一看瞧一瞧啦,https://cd.ke.com/ershoufang/20021517710100112610.html,蓝光富丽花城,https://cd.ke.com/xiaoqu/3011052604851/,中楼层(共18层),2008年建,3室1厅,81.74平米,西,0,26天前发布
5449,龙锦雅苑1室1厅南,https://cd.ke.com/ershoufang/20021517710100111267.html,龙锦雅苑,https://cd.ke.com/xiaoqu/1620022948731832/,高楼层(共11层)1室1厅,47平米,南,,,3,26天前发布
5450,新里柏仕公馆套二出售，朝南，对中庭。,https://cd.ke.com/ershoufang/20021517710100110388.html,新里柏仕公馆,https://cd.ke.com/xiaoqu/3011052122263/,中楼层(共32层),2011年建,2室1厅,88.09平米,南,0,26天前发布
5451,机车厂宿舍2室1厅西南,https://cd.ke.com/ershoufang/20021517710100106172.html,机车厂宿舍,https://cd.ke.com/xiaoqu/1611058819156/,低楼层(共6层)2室1厅,58.01平米,西南,,,2,26天前发布
5452,万科魅力之城装修套四双卫中间楼层满两年,https://cd.ke.com/ershoufang/20021517710100102161.html,万科魅力之城四期,https://cd.ke.com/xiaoqu/1611060998108/,高楼层(共18层),2009年建,4室2厅,75.59平米,东南,6,26天前发布
5453,北2.5环成华区驷马桥商圈青龙场标准套三,https://cd.ke.com/ershoufang/20021517710100101093.html,北回归线一期,https://cd.ke.com/xiaoqu/3011053561486/,高楼层(共22层),2009年建,3室1厅,90.82平米,东南,9,26天前发布
5454,龙潭寺2015年商品房高楼层居家装小套二,https://cd.ke.com/ershoufang/20021517710100100370.html,时代欣城,https://cd.ke.com/xiaoqu/1620028161446189/,高楼层(共28层)2室1厅,66.27平米,东,,,8,26天前发布
5455,瑞祥御锦3室1厅北,https://cd.ke.com/ershoufang/20021417710100128228.html,瑞祥御锦,https://cd.ke.com/xiaoqu/3011053581362/,高楼层(共18层),2009年建,3室1厅,97.58平米,北,4,27天前发布
5456,玛塞城套三双卫户型自住装修可拎包入住,https://cd.ke.com/ershoufang/20021417710100127986.html,中铁二局玛塞城,https://cd.ke.com/xiaoqu/1611063965597/,中楼层(共33层),2015年建,3室2厅,89平米,东南,26,27天前发布
5457,简装套四朝南对中庭采光好,https://cd.ke.com/ershoufang/20021417710100125524.html,首创国际城二期,https://cd.ke.com/xiaoqu/3011052114634/,低楼层(共34层),2012年建,4室1厅,129.01平米,南,3,27天前发布
5458,地铁3号线昭觉南路站旁大套二出售,https://cd.ke.com/ershoufang/20021417710100122146.html,昭觉横路20号,https://cd.ke.com/xiaoqu/1620025387727733/,高楼层(共6层)2室1厅,87.01平米,东南,,,6,27天前发布
5459,了解过这个户型都会看，对中庭，楼层适中，无遮挡,https://cd.ke.com/ershoufang/20021417710100121961.html,首创国际城二期,https://cd.ke.com/xiaoqu/3011052114634/,中楼层(共34层),2011年建,2室1厅,63.89平米,南北,18,27天前发布
5460,蓝客城标准套二有装修出售,https://cd.ke.com/ershoufang/20021417710100119033.html,蓝润蓝客城,https://cd.ke.com/xiaoqu/1611064002535/,高楼层(共28层)2室1厅,55.6平米,南,,,7,27天前发布
5461,沙河公园旁精装三房昭觉寺地铁口,https://cd.ke.com/ershoufang/20021417710100117755.html,香澜半岛,https://cd.ke.com/xiaoqu/1611060807240/,低楼层(共21层),2016年建,3室1厅,89.23平米,南,10,27天前发布
5462,三环路内侧，房东自住的精装小三房,https://cd.ke.com/ershoufang/20021417710100114759.html,蓝润v客尚东一期,https://cd.ke.com/xiaoqu/1620037987997587/,低楼层(共34层),2015年建,3室1厅,74.76平米,南,0,27天前发布
5463,诚心出售精装套二视野开阔夜景漂亮,https://cd.ke.com/ershoufang/20021417710100112331.html,浅水半岛三期,https://cd.ke.com/xiaoqu/1611059057623/,中楼层(共27层),2010年建,2室1厅,76.67平米,西南,6,27天前发布
5464,成渝品牌开发商精装顶跃带私家花园l,https://cd.ke.com/ershoufang/20021417710100112011.html,万科魅力之城三期,https://cd.ke.com/xiaoqu/1611060984444/,高楼层(共18层),2008年建,3室2厅,126.71平米,东南,0,27天前发布
5465,金科星耀天都1室1厅南北,https://cd.ke.com/ershoufang/20021417710100109211.html,金科星耀天都,https://cd.ke.com/xiaoqu/1611062710864/,高楼层(共26层),2017年建,1室1厅,46.01平米,南北,16,27天前发布
5466,保利康桥1室1厅南,https://cd.ke.com/ershoufang/20021417710100109177.html,保利康桥,https://cd.ke.com/xiaoqu/1611061270625/,高楼层(共17层),2014年建,1室1厅,40平米,南,0,27天前发布
5467,财富又一城74户型东南向电梯高层可看房,https://cd.ke.com/ershoufang/20021417710100108454.html,财富又一城,https://cd.ke.com/xiaoqu/3011053217749/,高楼层(共34层),2010年建,2室1厅,74.36平米,东南,3,27天前发布
5468,2014年新小区+套三双卫+带装修,https://cd.ke.com/ershoufang/20021417710100106647.html,城投东庐,https://cd.ke.com/xiaoqu/3011054183818/,中楼层(共26层)3室2厅,88.68平米,东,,,0,27天前发布
5469,此房户型方正，中间楼层，保养好，安静不临街。,https://cd.ke.com/ershoufang/20021417710100105255.html,一环路东三段99号附8号,https://cd.ke.com/xiaoqu/168805111311521/,中楼层(共7层),1990年建,3室2厅,128平米,东,0,27天前发布
5470,东三环装修套二户型方正看房方便,https://cd.ke.com/ershoufang/20021417710100104414.html,东方丽苑,https://cd.ke.com/xiaoqu/3011055378425/,中楼层(共29层)2室2厅,69.23平米,西,,,12,27天前发布
5471,新华苑(成华)2室1厅南北,https://cd.ke.com/ershoufang/20021417710100104045.html,新华苑(成华),https://cd.ke.com/xiaoqu/3011053786116/,中楼层(共6层),2016年建,2室1厅,60平米,南北,3,27天前发布
5472,成华奥园二期，2018年次新小区，原始清水，户型方正,https://cd.ke.com/ershoufang/20021417710100103377.html,成华奥园广场二期,https://cd.ke.com/xiaoqu/1613922753851012/,低楼层(共39层),2018年建,3室2厅,91.7平米,西北,7,27天前发布
5473,摩玛新城1室0厅东,https://cd.ke.com/ershoufang/20021317710100126983.html,摩玛新城,https://cd.ke.com/xiaoqu/3011052092483/,高楼层(共23层),2013年建,1室0厅,36.03平米,东,1,28天前发布
5474,金科二楼商铺房东诚心出售可做餐饮,https://cd.ke.com/ershoufang/20021317710100125572.html,金科中心,https://cd.ke.com/xiaoqu/1611063742385/,低楼层(共20层)1室0厅,38.22平米,东南,,,0,28天前发布
5475,此房源为正规套二户型，户型方正，中高楼层，采光很好,https://cd.ke.com/ershoufang/20021317710100121048.html,成功悦都,https://cd.ke.com/xiaoqu/1611063961300/,高楼层(共32层),2017年建,2室1厅,67平米,西南,0,28天前发布
5476,标准套五户型方正，业主诚心出售,https://cd.ke.com/ershoufang/20021317710100115139.html,二重嘉苑,https://cd.ke.com/xiaoqu/1611100421320/,低楼层(共17层)5室3厅,237.93平米,南东南,,,6,28天前发布
5477,东2.5环+双地铁站+大套三带300平平台,https://cd.ke.com/ershoufang/20021317710100113382.html,优品尚东三期,https://cd.ke.com/xiaoqu/1611100348992/,低楼层(共32层),2015年建,3室2厅,107.24平米,南,1,28天前发布
5478,中海新华府1室1厅南,https://cd.ke.com/ershoufang/20021317710100111728.html,中海新华府,https://cd.ke.com/xiaoqu/1611064050512/,中楼层(共9层)1室1厅,46平米,南,,,3,28天前发布
5479,对中庭小套三，装修保养好，可直接入住,https://cd.ke.com/ershoufang/20021317710100111442.html,蓝光coco国际二期,https://cd.ke.com/xiaoqu/1616547789943599/,高楼层(共38层),2016年建,3室1厅,65平米,东,1,28天前发布
5480,此房通透格局，全天采光，精装带地暖。,https://cd.ke.com/ershoufang/20021317710100110988.html,太阳公元大厦,https://cd.ke.com/xiaoqu/1611062934361/,高楼层(共26层)4室2厅,185.98平米,东,,,0,28天前发布
5481,浅水半岛二期负一楼车位车位有发票,https://cd.ke.com/ershoufang/20021317710100102352.html,浅水半岛二期,https://cd.ke.com/xiaoqu/1611041740739/,地下室(共层),2009年建,1室0厅,28.49平米,东,0,28天前发布
5482,信和御龙山二期朝南清水套二正看小区中庭,https://cd.ke.com/ershoufang/20021317710100100419.html,御龙山二期,https://cd.ke.com/xiaoqu/1620020444106025/,中楼层(共44层),2017年建,2室2厅,82.26平米,西南,25,28天前发布
5483,优品尚东中庭朝南客厅餐厅带阳台,https://cd.ke.com/ershoufang/20021217710100123757.html,优品尚东,https://cd.ke.com/xiaoqu/1611041738993/,高楼层(共16层),2009年建,3室2厅,133.29平米,南,3,29天前发布
5484,方正套一，客厅带阳台，使用面积大，没有浪费空间.,https://cd.ke.com/ershoufang/20021217710100117044.html,双水康城D区,https://cd.ke.com/xiaoqu/3011054030161/,低楼层(共7层),1999年建,1室1厅,46.28平米,南,0,29天前发布
5485,此房为套三单卫，简单出租装修，户型方正。看房预约。,https://cd.ke.com/ershoufang/20021217710100115347.html,蓝光coco国际一期,https://cd.ke.com/xiaoqu/1611100032254/,中楼层(共33层),2016年建,3室1厅,65.11平米,东南,17,29天前发布
5486,商品房＋带外墙砖＋标准套二带4阳台,https://cd.ke.com/ershoufang/20021217710100114991.html,望平街76号,https://cd.ke.com/xiaoqu/3011052441008/,高楼层(共7层),1996年建,2室2厅,60.53平米,东南,1,29天前发布
5487,香木林花园4室2厅南北,https://cd.ke.com/ershoufang/20021217710100114431.html,香木林花园,https://cd.ke.com/xiaoqu/3011053741916/,高楼层(共6层),2002年建,4室2厅,145平米,南北,0,29天前发布
5488,精装万科金色乐府套三业主诚心卖,https://cd.ke.com/ershoufang/20021217710100108052.html,万科金色乐府,https://cd.ke.com/xiaoqu/1611064018976/,中楼层(共39层),2016年建,3室1厅,88.82平米,东南,3,29天前发布
5489,总价低，楼层好，户型方正，配套成熟,https://cd.ke.com/ershoufang/20021217710100107259.html,致祥路37号,https://cd.ke.com/xiaoqu/1611100393019/,中楼层(共7层),2000年建,2室1厅,74.5平米,东南,1,29天前发布
5490,新里柏仕公馆套二出售，对中庭安静。,https://cd.ke.com/ershoufang/20021217710100105316.html,新里柏仕公馆,https://cd.ke.com/xiaoqu/3011052122263/,低楼层(共32层),2011年建,2室1厅,74.17平米,西,42,29天前发布
5491,该房户型方正，视野开阔，采光佳，环境优美,https://cd.ke.com/ershoufang/20021217710100104316.html,蓝润v客尚东一期,https://cd.ke.com/xiaoqu/1620037987997587/,中楼层(共34层),2015年建,3室2厅,83.6平米,南东北,20,29天前发布
5492,交通便利，生活配套齐全大户型套三,https://cd.ke.com/ershoufang/20021217710100101345.html,兴元华盛三期,https://cd.ke.com/xiaoqu/1611058907527/,高楼层(共18层),2010年建,3室1厅,101.9平米,西南,141,29天前发布
5493,天空城标准套二，户型方正，视野开阔,https://cd.ke.com/ershoufang/20021117710100116368.html,天空城,https://cd.ke.com/xiaoqu/3011056104727/,高楼层(共28层),2010年建,2室2厅,88.03平米,南,1,30天前发布
5494,蜀都惠园标准套二带阳台，看春熙路视野好,https://cd.ke.com/ershoufang/20021117710100115087.html,蜀都惠园,https://cd.ke.com/xiaoqu/1611041603509/,高楼层(共26层),2010年建,2室1厅,67.11平米,西北,1,30天前发布
5495,房子是标准套二产权清晰小区环境干净,https://cd.ke.com/ershoufang/20021117710100114280.html,昭青怡园B区,https://cd.ke.com/xiaoqu/1611100319673/,高楼层(共7层),1993年建,2室1厅,82.99平米,东南,0,30天前发布
5496,中铁二局玛塞城必看必推优质好房,https://cd.ke.com/ershoufang/20021117710100110128.html,中铁二局玛塞城,https://cd.ke.com/xiaoqu/1611063965597/,低楼层(共33层),2015年建,2室2厅,65.95平米,东南,5,30天前发布
5497,万象城精装套三对中庭是通透户型,https://cd.ke.com/ershoufang/20021117710100105143.html,华润二十四城四期,https://cd.ke.com/xiaoqu/3011055101745/,中楼层(共29层),2013年建,3室2厅,89平米,南北,12,30天前发布
5498,荆竹小区7号院1室1厅南北,https://cd.ke.com/ershoufang/20021117710100103025.html,荆竹小区7号院,https://cd.ke.com/xiaoqu/3011053853384/,低楼层(共6层),1999年建,1室1厅,47.29平米,南北,12,30天前发布
5499,国光十街坊2室1厅南北,https://cd.ke.com/ershoufang/20021117710100102395.html,国光十街坊,https://cd.ke.com/xiaoqu/1612430345776698/,高楼层(共7层)2室1厅,60.73平米,南北,,,1,30天前发布
5500,新鸿社区2室1厅南,https://cd.ke.com/ershoufang/20021017710100115534.html,新鸿社区,https://cd.ke.com/xiaoqu/3011053133656/,低楼层(共7层),1994年建,2室1厅,60平米,南,0,1月前发布
5501,上行锦绣2室1厅东南,https://cd.ke.com/ershoufang/20021017710100113341.html,上行锦绣,https://cd.ke.com/xiaoqu/3011053797492/,高楼层(共18层),2010年建,2室1厅,71.42平米,东南,1,1月前发布
5502,金科一城1室0厅西,https://cd.ke.com/ershoufang/20021017710100111066.html,金科一城,https://cd.ke.com/xiaoqu/1611059035753/,地下室(共层),2010年建,1室0厅,20.51平米,西,0,1月前发布
5503,金科一城高楼层，采光好，拎包入住。,https://cd.ke.com/ershoufang/20021017710100109866.html,金科一城,https://cd.ke.com/xiaoqu/1611059035753/,高楼层(共20层),2012年建,2室1厅,65.16平米,南,19,1月前发布
5504,铁建品质小区，标准套三户型，采光视野好。,https://cd.ke.com/ershoufang/20021017710100104311.html,中国铁建北湖国际城二期,https://cd.ke.com/xiaoqu/1615365748592372/,高楼层(共35层),2018年建,3室1厅,83.13平米,南,15,1月前发布
5505,地铁口精装大套二出售，直接拎包入住。,https://cd.ke.com/ershoufang/20021017710100103913.html,阳光100米娅中心一期,https://cd.ke.com/xiaoqu/3011054144684/,低楼层(共27层),2012年建,2室1厅,82.62平米,西,0,1月前发布
5506,天空城装修套二带阳台对小区里面,https://cd.ke.com/ershoufang/20020917710100119362.html,天空城,https://cd.ke.com/xiaoqu/3011056104727/,中楼层(共32层),2010年建,2室1厅,87.73平米,西北,23,1月前发布
5507,沙河明珠2室1厅东南,https://cd.ke.com/ershoufang/20020917710100117561.html,沙河明珠,https://cd.ke.com/xiaoqu/1611058845016/,低楼层(共18层),2008年建,2室1厅,77.8平米,东南,19,1月前发布
5508,沙河旁，央企中粮锦云套四洋房，带地暖。,https://cd.ke.com/ershoufang/20020917710100107776.html,中粮锦云,https://cd.ke.com/xiaoqu/1611063169388/,低楼层(共11层),2016年建,4室2厅,129.42平米,西,0,1月前发布
5509,新里柏仕公馆2室1厅北,https://cd.ke.com/ershoufang/20020917710100106855.html,新里柏仕公馆,https://cd.ke.com/xiaoqu/3011052122263/,低楼层(共32层),2011年建,2室1厅,88.85平米,北,3,1月前发布
5510,恋日家园A区3室2厅东南,https://cd.ke.com/ershoufang/20020917710100101597.html,恋日家园A区,https://cd.ke.com/xiaoqu/3011052179360/,高楼层(共6层),2003年建,3室2厅,125.85平米,东南,0,1月前发布
5511,蓝光东方天地，层高4.9米，平常方便,https://cd.ke.com/ershoufang/20020817710100118719.html,蓝光东方天地,https://cd.ke.com/xiaoqu/1611100069088/,低楼层(共23层),2015年建,2室2厅,49.31平米,西南,0,1月前发布
5512,建设路次新房，佳州星城标准套二,https://cd.ke.com/ershoufang/20020817710100118528.html,佳州星城,https://cd.ke.com/xiaoqu/1611063124892/,高楼层(共31层),2016年建,2室1厅,77.12平米,东南,0,1月前发布
5513,双林中横路实用南北向方正老套三房屋,https://cd.ke.com/ershoufang/20020817710100109318.html,双林中横路8号,https://cd.ke.com/xiaoqu/1611060075984/,高楼层(共6层)3室1厅,62.82平米,西南,,,5,1月前发布
5514,电梯房，低楼层，小套一，房东诚心出售。,https://cd.ke.com/ershoufang/20020817710100107768.html,东方1+1,https://cd.ke.com/xiaoqu/1611061121128/,低楼层(共16层),2007年建,1室1厅,49.47平米,南,10,1月前发布
5515,蓝光金悦府3室1厅南,https://cd.ke.com/ershoufang/20020817710100107489.html,蓝光金悦府,https://cd.ke.com/xiaoqu/1611062708652/,低楼层(共32层),2017年建,3室1厅,98.19平米,南,126,1月前发布
5516,红枫岭二期5栋楼下标准产权车位,https://cd.ke.com/ershoufang/20020817710100105298.html,红枫岭二期,https://cd.ke.com/xiaoqu/3011053904959/,地下室(共1层)1室0厅,31.68平米,东,,,0,1月前发布
5517,东站套一精装修拎包入住出行方便,https://cd.ke.com/ershoufang/20020717710100122690.html,荣盛香榭兰庭二期,https://cd.ke.com/xiaoqu/1620021358646993/,中楼层(共28层),2015年建,1室1厅,46.51平米,西南,5,1月前发布
5518,水岸雅居中楼层对公园套三带大阳台,https://cd.ke.com/ershoufang/20020717710100117325.html,水岸雅居,https://cd.ke.com/xiaoqu/3011053548508/,中楼层(共18层),2006年建,3室2厅,98.84平米,南,20,1月前发布
5519,万象城旁，沙河边，中间楼层套二,https://cd.ke.com/ershoufang/20020717710100117220.html,长天路3号,https://cd.ke.com/xiaoqu/3011053903492/,中楼层(共6层),1994年建,2室1厅,58.97平米,西南,0,1月前发布
5520,华西花园二期3室2厅南北,https://cd.ke.com/ershoufang/20020717710100116285.html,华西花园二期,https://cd.ke.com/xiaoqu/1611041733164/,低楼层(共34层),2011年建,3室2厅,120.36平米,南北,0,1月前发布
5521,中铁二局玛塞城3室1厅南北,https://cd.ke.com/ershoufang/20020717710100109323.html,中铁二局玛塞城,https://cd.ke.com/xiaoqu/1611063965597/,高楼层(共33层),2015年建,3室1厅,86.67平米,南北,0,1月前发布
5522,精装修四室两厅两卫，采光视野通风好。,https://cd.ke.com/ershoufang/20020717710100107788.html,蓝光锦绣城四期,https://cd.ke.com/xiaoqu/3011052079080/,高楼层(共32层),2014年建,4室2厅,144.27平米,东南,3,1月前发布
5523,蓝光锦绣城五期精装三居室户型方正,https://cd.ke.com/ershoufang/20020717710100106087.html,蓝光锦绣城,https://cd.ke.com/xiaoqu/3011052082027/,低楼层(共31层),2014年建,3室2厅,78.26平米,东北,6,1月前发布
5524,业主自住，大户型，精装保养好。,https://cd.ke.com/ershoufang/20020717710100103058.html,瑞祥御锦,https://cd.ke.com/xiaoqu/3011053581362/,高楼层(共18层),2009年建,4室2厅,131.33平米,南北,24,1月前发布
5525,"蓝光coco国际二期,居家套三诚心出售",https://cd.ke.com/ershoufang/20020717710100100527.html,蓝光coco国际二期,https://cd.ke.com/xiaoqu/1616547789943599/,中楼层(共33层),2016年建,3室2厅,72平米,东南,1,1月前发布
5526,中环路外侧套三，中间楼层采光好,https://cd.ke.com/ershoufang/20020617710100119855.html,大观里12号院,https://cd.ke.com/xiaoqu/1620021075430678/,低楼层(共3层)3室2厅,90.94平米,东南,,,0,1月前发布
5527,电梯房，低楼层，户型方正，采光良好,https://cd.ke.com/ershoufang/20020617710100117726.html,嘉通云尚,https://cd.ke.com/xiaoqu/3011053673864/,低楼层(共39层),2011年建,1室1厅,51平米,南北,0,1月前发布
5528,中国铁建青秀城品质楼盘，标准套二户型，中间楼层,https://cd.ke.com/ershoufang/20020617710100115557.html,青秀城,https://cd.ke.com/xiaoqu/3011052739893/,高楼层(共18层),2012年建,2室1厅,81.8平米,北,18,1月前发布
5529,沙河湾1室1厅东,https://cd.ke.com/ershoufang/20020617710100115132.html,沙河湾,https://cd.ke.com/xiaoqu/3011053899401/,中楼层(共19层),2014年建,1室1厅,43.91平米,东,0,1月前发布
5530,此房价格便宜，现房看得到，商场就在你家楼下,https://cd.ke.com/ershoufang/20020617710100113679.html,上古天地,https://cd.ke.com/xiaoqu/1620027743905470/,中楼层(共28层),2018年建,1室1厅,39.5平米,南东,0,1月前发布
5531,水映兰庭正规三室两厅双卫出售,https://cd.ke.com/ershoufang/20020617710100109976.html,水映兰庭,https://cd.ke.com/xiaoqu/3011056163733/,低楼层(共26层),2008年建,3室2厅,74.8平米,北,8,1月前发布
5532,中铁.北城华府带大平台带大平台,https://cd.ke.com/ershoufang/20020617710100108541.html,北城华府,https://cd.ke.com/xiaoqu/16000000000500/,低楼层(共11层)2室1厅,68.5平米,南北,,,0,1月前发布
5533,秀林苑标准套一清水诚心出售.户型方正,https://cd.ke.com/ershoufang/20020617710100106927.html,秀林苑东区,https://cd.ke.com/xiaoqu/3011055399978/,低楼层(共18层)1室1厅,54.07平米,东西,,,1,1月前发布
5534,万年场沙河畔大套二带阳台,https://cd.ke.com/ershoufang/20020617710100106447.html,水岸华庭,https://cd.ke.com/xiaoqu/1611041735932/,中楼层(共28层),2009年建,2室2厅,75.33平米,西北,26,1月前发布
5535,近东客站，地铁，精装房，水电气三通,https://cd.ke.com/ershoufang/20020617710100105565.html,优品星座,https://cd.ke.com/xiaoqu/1615660942371931/,中楼层(共7层),2017年建,1室1厅,30.98平米,东,19,1月前发布
5536,龙潭寺2015年商品房低楼层精装小套二,https://cd.ke.com/ershoufang/20020617710100105385.html,时代欣城,https://cd.ke.com/xiaoqu/1620028161446189/,低楼层(共28层)2室2厅,66.33平米,东,,,3,1月前发布
5537,中国铁建广场1室1厅北,https://cd.ke.com/ershoufang/20020617710100104380.html,中国铁建广场,https://cd.ke.com/xiaoqu/1612062902203191/,低楼层(共31层)1室1厅,36平米,北,,,0,1月前发布
5538,中国铁建广场1室1厅南,https://cd.ke.com/ershoufang/20020617710100104157.html,中国铁建广场,https://cd.ke.com/xiaoqu/1612062902203191/,低楼层(共31层)1室1厅,36平米,南,,,0,1月前发布
5539,玛塞城套三采光好户型方正,https://cd.ke.com/ershoufang/20020617710100103538.html,中铁二局玛塞城,https://cd.ke.com/xiaoqu/1611063965597/,高楼层(共33层),2015年建,3室1厅,86平米,南北,1,1月前发布
5540,云水苑中间楼层房子，基本没有住过人，可直接入住,https://cd.ke.com/ershoufang/20020617710100102266.html,云水苑,https://cd.ke.com/xiaoqu/3011056100495/,中楼层(共38层),2012年建,3室1厅,88.6平米,西北,0,1月前发布
5541,北一街小区2室1厅西南,https://cd.ke.com/ershoufang/20020517710100112664.html,北一街小区,https://cd.ke.com/xiaoqu/168804664095559/,中楼层(共7层),2003年建,2室1厅,91.58平米,西南,0,1月前发布
5542,首创国际城二期4室2厅南,https://cd.ke.com/ershoufang/20020517710100112135.html,首创国际城二期,https://cd.ke.com/xiaoqu/3011052114634/,低楼层(共34层),2012年建,4室2厅,129.01平米,南,13,1月前发布
5543,保利开发商采光好标准套二,https://cd.ke.com/ershoufang/20020517710100111543.html,保利林语溪一期,https://cd.ke.com/xiaoqu/1611063955217/,高楼层(共32层),2016年建,2室1厅,65.63平米,北,0,1月前发布
5544,万年场实得面积大客厅带阳台,https://cd.ke.com/ershoufang/20020517710100109291.html,水岸华庭,https://cd.ke.com/xiaoqu/1611041735932/,中楼层(共28层),2009年建,2室1厅,69.29平米,东南,12,1月前发布
5545,保利央企，自持物业，简装套二带车位,https://cd.ke.com/ershoufang/20020517710100105938.html,保利林语溪一期,https://cd.ke.com/xiaoqu/1611063955217/,低楼层(共32层),2016年建,2室1厅,65.63平米,南北,10,1月前发布
5546,标准套三，进门带入户，户型方正，采光好.,https://cd.ke.com/ershoufang/20020517710100105625.html,龙湖丽景A区,https://cd.ke.com/xiaoqu/3011055387596/,低楼层(共11层),2010年建,3室1厅,101.55平米,东南,14,1月前发布
5547,此房没有增值税，房子居家装修带阳台一梯两户通透,https://cd.ke.com/ershoufang/20020517710100105339.html,万科魅力之城一期,https://cd.ke.com/xiaoqu/1611060976111/,中楼层(共11层),2011年建,3室2厅,140.3平米,南北,0,1月前发布
5548,动物园地铁口，精装修套二，诚心出售！,https://cd.ke.com/ershoufang/20020517710100104864.html,首创光和城,https://cd.ke.com/xiaoqu/1617652322938857/,高楼层(共25层)2室1厅,62.69平米,东南,,,0,1月前发布
5549,蓝光东方天地2室1厅东南,https://cd.ke.com/ershoufang/20020517710100104445.html,蓝光东方天地,https://cd.ke.com/xiaoqu/1611100069088/,中楼层(共23层),2015年建,2室1厅,49平米,东南,0,1月前发布
5550,万科四期，户型方正，优质套二带阳光房，精装随时可看,https://cd.ke.com/ershoufang/20020517710100102724.html,万科魅力之城四期,https://cd.ke.com/xiaoqu/1611060998108/,低楼层(共32层),2009年建,2室1厅,86.89平米,南北,0,1月前发布
5551,上行锦绣1室1厅东南,https://cd.ke.com/ershoufang/20020417710100121694.html,上行锦绣,https://cd.ke.com/xiaoqu/3011053797492/,高楼层(共21层),2010年建,1室1厅,55平米,东南,61,1月前发布
5552,驷马桥北回归线居家套二直接拎包入住,https://cd.ke.com/ershoufang/20020417710100116110.html,北回归线二期,https://cd.ke.com/xiaoqu/1618203196271720/,中楼层(共22层),2009年建,2室1厅,83.83平米,东南,27,1月前发布
5553,此房客厅为横厅结构，客厅朝南，采光好，中间楼层。,https://cd.ke.com/ershoufang/20020417710100115790.html,华润二十四城二期,https://cd.ke.com/xiaoqu/3011055110938/,中楼层(共32层),2010年建,3室1厅,74.29平米,东南,4,1月前发布
5554,绿地居家大套三，次新小区，居住舒适。,https://cd.ke.com/ershoufang/20020417710100115487.html,绿地世纪城,https://cd.ke.com/xiaoqu/3011053997428/,低楼层(共20层),2016年建,3室2厅,106.8平米,东西,16,1月前发布
5555,动物园三环外地铁口蓝润蓝客城新房精装套三出售,https://cd.ke.com/ershoufang/20020417710100112073.html,蓝润蓝客城,https://cd.ke.com/xiaoqu/1611064002535/,高楼层(共24层),2017年建,3室1厅,78.34平米,东南,0,1月前发布
5556,观城1室0厅西,https://cd.ke.com/ershoufang/20020417710100111729.html,观城,https://cd.ke.com/xiaoqu/1611057227209/,高楼层(共33层),2013年建,1室0厅,36.14平米,西,0,1月前发布
5557,户型方正室内安静看房提前预约,https://cd.ke.com/ershoufang/20020417710100111173.html,蜀都惠园,https://cd.ke.com/xiaoqu/1611041603509/,高楼层(共33层),2010年建,2室1厅,72.67平米,南北,12,1月前发布
5558,御龙山二期次新房标准套三高楼层视野无遮挡,https://cd.ke.com/ershoufang/20020417710100100743.html,御龙山二期,https://cd.ke.com/xiaoqu/1620020444106025/,高楼层(共38层),2015年建,3室1厅,101.24平米,东南,8,1月前发布
5559,上东国际2室2厅北,https://cd.ke.com/ershoufang/20020317710100121592.html,上东国际,https://cd.ke.com/xiaoqu/3011053665993/,低楼层(共33层),2015年建,2室2厅,91.84平米,北,4,1月前发布
5560,成华八里小区有装修套三中间楼层,https://cd.ke.com/ershoufang/20020317710100121089.html,祥和苑东区,https://cd.ke.com/xiaoqu/3011053777340/,中楼层(共7层),2000年建,3室1厅,105.4平米,东南,0,1月前发布
5561,东三环精装套二带家具家电拎包入住,https://cd.ke.com/ershoufang/20020317710100120430.html,电建地产美立方,https://cd.ke.com/xiaoqu/1611062694711/,中楼层(共34层),2015年建,2室1厅,59.23平米,东南,14,1月前发布
5562,观城精装套三+户型方正+南北通透+中高楼层视野好,https://cd.ke.com/ershoufang/20020317710100118241.html,观城,https://cd.ke.com/xiaoqu/1611057227209/,中楼层(共33层),2013年建,3室2厅,90.05平米,南北,15,1月前发布
5563,中楼层小区中间位置户型方正,https://cd.ke.com/ershoufang/20020317710100114975.html,站东一组小区,https://cd.ke.com/xiaoqu/3011055072906/,中楼层(共6层),2000年建,3室2厅,86.83平米,东,115,1月前发布
5564,标准套二，高楼层，采光视野好。,https://cd.ke.com/ershoufang/20020317710100114772.html,领都,https://cd.ke.com/xiaoqu/3011052952072/,高楼层(共22层),2014年建,2室1厅,78.99平米,东南,2,1月前发布
5565,华润翠林华庭1室0厅东,https://cd.ke.com/ershoufang/20020317710100113645.html,华润翠林华庭,https://cd.ke.com/xiaoqu/1611059334560/,高楼层(共7层),2013年建,1室0厅,47.85平米,东,3,1月前发布
5566,晴和苑2室1厅南北,https://cd.ke.com/ershoufang/20020317710100112442.html,晴和苑,https://cd.ke.com/xiaoqu/1611061181682/,高楼层(共7层),2004年建,2室1厅,62.4平米,南北,0,1月前发布
5567,新鸿路在售套二户型方正采光好,https://cd.ke.com/ershoufang/20020317710100110645.html,成华大道新鸿路20号,https://cd.ke.com/xiaoqu/1611059776772/,高楼层(共7层),2000年建,2室1厅,76.69平米,东,0,1月前发布
5568,中海新华府1室0厅东南,https://cd.ke.com/ershoufang/20020317710100107752.html,中海新华府,https://cd.ke.com/xiaoqu/1611064050512/,地下室(共层)1室0厅,32.5平米,东南,,,1,1月前发布
5569,华润二十四城七期4室2厅东南西北,https://cd.ke.com/ershoufang/20020317710100107672.html,华润二十四城七期,https://cd.ke.com/xiaoqu/1611928934298169/,中楼层(共34层),2018年建,4室2厅,136.32平米,东南西北,2,1月前发布
5570,二环内侧，标准套二，安静不临街，西南向，采光好！,https://cd.ke.com/ershoufang/20020317710100106384.html,中房蓝水湾,https://cd.ke.com/xiaoqu/3011056164116/,高楼层(共18层),2007年建,2室1厅,85.03平米,西南,4,1月前发布
5571,自住精装，标准套三，户型方正，拎包入住！,https://cd.ke.com/ershoufang/20020317710100106221.html,中铁二局玛塞城,https://cd.ke.com/xiaoqu/1611063965597/,低楼层(共33层),2015年建,3室2厅,89.37平米,北,3,1月前发布
5572,东1.5环中等装修，标准套二带一个小平台,https://cd.ke.com/ershoufang/20020317710100103855.html,蜀都惠园,https://cd.ke.com/xiaoqu/1611041603509/,高楼层(共27层),2010年建,2室1厅,67.41平米,西南,5,1月前发布
5573,理工东苑东区，对理工大校园里面，视野开阔，安静不吵,https://cd.ke.com/ershoufang/20020317710100102810.html,理工东苑,https://cd.ke.com/xiaoqu/3011053897103/,高楼层(共32层)2室1厅,87.41平米,东南,,,0,1月前发布
5574,户型方正，3.6米层高，中间楼层，对中庭,https://cd.ke.com/ershoufang/20020217710100107055.html,阳光100米娅中心二期,https://cd.ke.com/xiaoqu/1611063629037/,中楼层(共32层),2015年建,3室1厅,74.47平米,北,2,1月前发布
5575,上古天地1室1厅南,https://cd.ke.com/ershoufang/20020217710100106754.html,上古天地,https://cd.ke.com/xiaoqu/1620027743905470/,中楼层(共28层),2018年建,1室1厅,41.41平米,南,0,1月前发布
5576,蓝光东方天地户型方正三居出售,https://cd.ke.com/ershoufang/20020217710100106529.html,蓝光东方天地,https://cd.ke.com/xiaoqu/1611100069088/,低楼层(共31层),2015年建,3室1厅,73.9平米,东,6,1月前发布
5577,锦绣城低楼层带平台居家精装套三双卫，提前预约可看,https://cd.ke.com/ershoufang/20020217710100105490.html,蓝光锦绣城,https://cd.ke.com/xiaoqu/3011052082027/,低楼层(共33层),2014年建,3室1厅,96.83平米,西南,0,1月前发布
5578,明信鹭湾简装套二通透户型中间楼层,https://cd.ke.com/ershoufang/20020217710100100745.html,明信鹭湾,https://cd.ke.com/xiaoqu/1611064004029/,中楼层(共38层),2015年建,2室1厅,82.96平米,东南,19,1月前发布
5579,兴元华盛二期3室2厅西北,https://cd.ke.com/ershoufang/20020117710100107635.html,兴元华盛二期,https://cd.ke.com/xiaoqu/1611058905880/,低楼层(共18层),2009年建,3室2厅,116.83平米,西北,3,1月前发布
5580,金科中心2室1厅东南,https://cd.ke.com/ershoufang/20020117710100104612.html,金科中心,https://cd.ke.com/xiaoqu/1611063742385/,低楼层(共20层),2015年建,2室1厅,50.47平米,东南,1,1月前发布
5581,对中庭，楼间距大采光好，视野开阔，户型方正。,https://cd.ke.com/ershoufang/20020117710100100588.html,阳光100米娅中心一期,https://cd.ke.com/xiaoqu/3011054144684/,高楼层(共32层),2012年建,1室1厅,55.91平米,南,4,1月前发布
5582,二环边标准套三户型方正交通便利,https://cd.ke.com/ershoufang/20013117710100109026.html,万基蓝麟,https://cd.ke.com/xiaoqu/3011053816828/,低楼层(共18层),2007年建,3室1厅,90.04平米,东南,5,1月前发布
5583,一环内家益锦华苑电梯住宅，次新房,https://cd.ke.com/ershoufang/20013117710100106013.html,家益锦华苑,https://cd.ke.com/xiaoqu/3011053670960/,低楼层(共32层),2015年建,3室2厅,109.44平米,东,6,1月前发布
5584,金科一城朝南大套二，带双阳台。,https://cd.ke.com/ershoufang/20013117710100105067.html,金科一城,https://cd.ke.com/xiaoqu/1611059035753/,中楼层(共20层),2012年建,2室1厅,70.62平米,南,1,1月前发布
5585,金科天籁城3室2厅北,https://cd.ke.com/ershoufang/20013117710100104032.html,金科天籁城,https://cd.ke.com/xiaoqu/3011055384260/,低楼层(共11层),2014年建,3室2厅,103.43平米,北,2,1月前发布
5586,此房满两年，中间楼层，采光视野好，朝南对中庭,https://cd.ke.com/ershoufang/20013117710100103168.html,青秀城,https://cd.ke.com/xiaoqu/3011052739893/,中楼层(共18层),2012年建,3室1厅,105.16平米,南,32,1月前发布
5587,楼下大型商场，交通方便，配套齐全。,https://cd.ke.com/ershoufang/20013117710100102886.html,上古天地,https://cd.ke.com/xiaoqu/1620027743905470/,中楼层(共28层),2018年建,2室1厅,46平米,东南南,0,1月前发布
5588,龙湖三千城二期B区3室2厅南,https://cd.ke.com/ershoufang/20013117710100102424.html,龙湖三千城二期B区,https://cd.ke.com/xiaoqu/3011053812925/,低楼层(共34层),2012年建,3室2厅,127.01平米,南,0,1月前发布
5589,招商中央华城一期1室1厅南,https://cd.ke.com/ershoufang/20013017710100104054.html,招商中央华城一期,https://cd.ke.com/xiaoqu/1620045820623323/,中楼层(共20层),2017年建,1室1厅,23.95平米,南,0,1月前发布
5590,蓝光coco时代居家装修标准套三,https://cd.ke.com/ershoufang/20013017710100103954.html,蓝光COCO时代,https://cd.ke.com/xiaoqu/3011053622524/,低楼层(共33层),2014年建,3室1厅,88.75平米,东南东北,0,1月前发布
5591,八里小区祥和苑多层套三单价低,https://cd.ke.com/ershoufang/20013017710100103242.html,祥和苑东区,https://cd.ke.com/xiaoqu/3011053777340/,高楼层(共7层),2000年建,3室2厅,117平米,东,4,1月前发布
5592,水岸华庭2室1厅东,https://cd.ke.com/ershoufang/20013017710100102563.html,水岸华庭,https://cd.ke.com/xiaoqu/1611041735932/,高楼层(共28层),2009年建,2室1厅,81.73平米,东,0,1月前发布
5593,富丽东方房东自住3居卧室带阳台带入户,https://cd.ke.com/ershoufang/20013017710100101693.html,富丽东方,https://cd.ke.com/xiaoqu/3011052041151/,低楼层(共33层),2008年建,3室1厅,81.18平米,东,2,1月前发布
5594,精装小套一..............................,https://cd.ke.com/ershoufang/20012917710100100929.html,万科天荟,https://cd.ke.com/xiaoqu/1620025994897501/,高楼层(共44层),2019年建,1室1厅,38.6平米,东东南,1,1月前发布
5595,东2.5环品质小区+满两年无增值税+地铁双线,https://cd.ke.com/ershoufang/20012917710100100847.html,优品尚东三期,https://cd.ke.com/xiaoqu/1611100348992/,中楼层(共33层),2015年建,3室1厅,89.52平米,西,22,1月前发布
5596,蓝光乐彩城标准套三户型方正采光好,https://cd.ke.com/ershoufang/20012717710100100211.html,蓝光乐彩城,https://cd.ke.com/xiaoqu/1611050189052/,低楼层(共31层)3室2厅,70.08平米,西北,,,6,1月前发布
5597,阳光舜苑标准套二客厅带阳台,https://cd.ke.com/ershoufang/20012617710100101361.html,阳光舜苑,https://cd.ke.com/xiaoqu/3011056098467/,中楼层(共18层),2011年建,2室2厅,83.36平米,西北,40,1月前发布
5598,华林小区标准套一无按揭过户方便,https://cd.ke.com/ershoufang/20012617710100101024.html,华林南苑,https://cd.ke.com/xiaoqu/3011053893296/,低楼层(共22层),2011年建,1室1厅,55.3平米,西南,1,1月前发布
5599,青铁家园2室1厅东南,https://cd.ke.com/ershoufang/20012517710100100729.html,青铁家园,https://cd.ke.com/xiaoqu/1611062692809/,高楼层(共7层),1997年建,2室1厅,53平米,东南,5,1月前发布
5600,春熙苑二期2室2厅东,https://cd.ke.com/ershoufang/20012417710100101556.html,春熙苑二期,https://cd.ke.com/xiaoqu/3011053717969/,低楼层(共11层),2001年建,2室2厅,88.26平米,东,0,1月前发布
5601,鲁能公馆。户型方正，采光好。适合居住,https://cd.ke.com/ershoufang/20012217710100104140.html,鲁能公馆,https://cd.ke.com/xiaoqu/1610207281558449/,高楼层(共29层)3室2厅,76.38平米,西,,,2,1月前发布
5602,万科金域蓝岸2室1厅北,https://cd.ke.com/ershoufang/20012217710100102428.html,万科金域蓝岸,https://cd.ke.com/xiaoqu/1612247793675920/,高楼层(共40层)2室1厅,70.78平米,北,,,2,1月前发布
5603,精装套一，已经满两年，保养好！交通便利！,https://cd.ke.com/ershoufang/20012117710100107854.html,融锦城,https://cd.ke.com/xiaoqu/3011053787020/,高楼层(共20层),2014年建,1室1厅,50.2平米,东北,2,1月前发布
5604,华润二十四城七期清水朝南套三单卫,https://cd.ke.com/ershoufang/20012117710100107215.html,华润二十四城七期,https://cd.ke.com/xiaoqu/1611928934298169/,低楼层(共47层),2018年建,3室2厅,91.39平米,南,42,1月前发布
5605,华润七期清水套三朝南采光好安静,https://cd.ke.com/ershoufang/20012117710100107070.html,华润二十四城七期,https://cd.ke.com/xiaoqu/1611928934298169/,低楼层(共47层),2018年建,3室2厅,91.39平米,南,45,1月前发布
5606,蓝光标准套二等你入手等你来！！！,https://cd.ke.com/ershoufang/20012117710100106898.html,蓝光COCO时代,https://cd.ke.com/xiaoqu/3011053622524/,低楼层(共31层),2014年建,2室1厅,67.39平米,东南,3,1月前发布
5607,此房满两年，楼层好，视野开阔，采光充足，配套齐全,https://cd.ke.com/ershoufang/20012117710100106518.html,中铁二局玛塞城,https://cd.ke.com/xiaoqu/1611063965597/,高楼层(共24层),2015年建,2室2厅,55平米,东,0,1月前发布
5608,恒大豪庭精装套四，南北通透，自住，保养好,https://cd.ke.com/ershoufang/20012117710100105396.html,恒大豪庭,https://cd.ke.com/xiaoqu/1620030260294428/,中楼层(共45层),2017年建,4室1厅,154.2平米,南北,12,1月前发布
5609,东郊记忆旁7号线地铁站400米清水套四对中庭,https://cd.ke.com/ershoufang/20012117710100103753.html,招商中央华城一期,https://cd.ke.com/xiaoqu/1620045820623323/,低楼层(共32层),2017年建,4室2厅,128.48平米,西南,33,1月前发布
5610,420厂宿舍1室1厅南,https://cd.ke.com/ershoufang/20012017710100113049.html,420厂宿舍,https://cd.ke.com/xiaoqu/1611048035758/,低楼层(共1层),1988年建,1室1厅,60.94平米,南,0,1月前发布
5611,标准套二，低楼层，户型方正，拎包入住,https://cd.ke.com/ershoufang/20011917710100137555.html,玉双路138号,https://cd.ke.com/xiaoqu/1611060953497/,中楼层(共7层),2000年建,2室1厅,79.03平米,北,4,1月前发布
5612,成渝立交蓝光锦绣城套四双卫厅带阳台对中庭,https://cd.ke.com/ershoufang/20011917710100137456.html,蓝光锦绣城,https://cd.ke.com/xiaoqu/3011052082027/,中楼层(共33层),2014年建,4室2厅,111.01平米,东北,1,1月前发布
5613,蜜城(望平街)1室1厅南,https://cd.ke.com/ershoufang/20011917710100134213.html,蜜城(望平街),https://cd.ke.com/xiaoqu/1611058942191/,高楼层(共6层),2008年建,1室1厅,30.23平米,南,3,1月前发布
5614,标准套二居家装修客厅带阳台视野开阔采光好,https://cd.ke.com/ershoufang/20011917710100128440.html,财富又一城,https://cd.ke.com/xiaoqu/3011053217749/,中楼层(共34层),2010年建,2室1厅,73平米,西北,1,1月前发布
5615,标准套三双卫，居住舒适，装修好，,https://cd.ke.com/ershoufang/20011917710100127131.html,华西花园一期,https://cd.ke.com/xiaoqu/3011056098026/,中楼层(共16层),2010年建,3室2厅,99.64平米,东北,7,1月前发布
5616,房子安静不临街，中间楼层，采光好，户型方正,https://cd.ke.com/ershoufang/20011917710100126549.html,朝发苑,https://cd.ke.com/xiaoqu/3011052664801/,中楼层(共7层),2002年建,3室2厅,114.25平米,东南,11,1月前发布
5617,上霖东方户型方正带阳台带露台,https://cd.ke.com/ershoufang/20011917710100126375.html,上霖东方,https://cd.ke.com/xiaoqu/3011056102759/,低楼层(共16层),2010年建,4室2厅,90.09平米,东,1,1月前发布
5618,精装套三新房，对中庭，可拎包入住，带车位一起。,https://cd.ke.com/ershoufang/20011917710100125982.html,御龙山二期,https://cd.ke.com/xiaoqu/1620020444106025/,中楼层(共38层),2015年建,3室2厅,88.44平米,东,13,1月前发布
5619,D3户型，户型方正，精装修，保养好，可直接拎包入住,https://cd.ke.com/ershoufang/20011917710100125534.html,红枫岭三期,https://cd.ke.com/xiaoqu/3011053904970/,高楼层(共33层),2009年建,2室1厅,89.95平米,东,1,1月前发布
5620,蓝光coco时代标准套三安静不临街,https://cd.ke.com/ershoufang/20011917710100125377.html,蓝光COCO时代,https://cd.ke.com/xiaoqu/3011053622524/,中楼层(共31层),2014年建,3室1厅,69.83平米,西南,1,1月前发布
5621,户型方正，采光充足，视野开阔。小区环境优美。,https://cd.ke.com/ershoufang/20011917710100123892.html,御龙山二期,https://cd.ke.com/xiaoqu/1620020444106025/,高楼层(共44层)3室2厅,89.7平米,东,,,4,1月前发布
5622,华润二十四城七期对中庭纯清水套三双卫，客厅带阳台,https://cd.ke.com/ershoufang/20011917710100123541.html,华润二十四城七期,https://cd.ke.com/xiaoqu/1611928934298169/,低楼层(共47层),2018年建,3室2厅,100.73平米,东北,28,1月前发布
5623,客厅带大阳台，主卧带飘窗和衣帽间,https://cd.ke.com/ershoufang/20011917710100122892.html,红枫岭二期,https://cd.ke.com/xiaoqu/3011053904959/,中楼层(共33层),2009年建,2室2厅,88.92平米,西,9,1月前发布
5624,三环内，精装套二，可以拎包入住，带家具。,https://cd.ke.com/ershoufang/20011917710100122277.html,电建地产美立方,https://cd.ke.com/xiaoqu/1611062694711/,高楼层(共29层),2015年建,2室1厅,57.61平米,东南,26,1月前发布
5625,招商雍华府二期1室0厅南,https://cd.ke.com/ershoufang/20011917710100121750.html,招商雍华府二期,https://cd.ke.com/xiaoqu/3011053944749/,地下室(共1层)1室0厅,20平米,南,,,0,1月前发布
5626,东中环，沙河旁水岸东里，标准套一。,https://cd.ke.com/ershoufang/20011917710100121452.html,水岸东里,https://cd.ke.com/xiaoqu/3011056095765/,高楼层(共18层),2013年建,1室1厅,53.33平米,东南,123,1月前发布
5627,十里彩云间3室2厅东南,https://cd.ke.com/ershoufang/20011917710100119080.html,十里彩云间,https://cd.ke.com/xiaoqu/1611061298006/,低楼层(共7层),2007年建,3室2厅,100.79平米,东南,1,1月前发布
5628,华润熙悦广场1室0厅南,https://cd.ke.com/ershoufang/20011917710100116148.html,华润熙悦广场,https://cd.ke.com/xiaoqu/1611061257890/,中楼层(共16层),2015年建,1室0厅,49.15平米,南,0,1月前发布
5629,东林小区2室1厅东,https://cd.ke.com/ershoufang/20011917710100114696.html,东林小区,https://cd.ke.com/xiaoqu/3011052600185/,中楼层(共6层),2003年建,2室1厅,71.93平米,东,0,1月前发布
5630,嘉通云尚二室，采光充足，套二，没有增值税。,https://cd.ke.com/ershoufang/20011917710100113634.html,嘉通云尚,https://cd.ke.com/xiaoqu/3011053673864/,中楼层(共39层),2013年建,2室1厅,62.43平米,西北,1,1月前发布
5631,八二宿舍二区3室2厅东,https://cd.ke.com/ershoufang/20011917710100113410.html,八二宿舍二区,https://cd.ke.com/xiaoqu/3011053200536/,高楼层(共7层),1994年建,3室2厅,81.74平米,东,0,1月前发布
5632,东二环九龙仓带地暖精装套二，拎包入住，朝南对中庭,https://cd.ke.com/ershoufang/20011917710100112751.html,九龙仓御园四期,https://cd.ke.com/xiaoqu/1611058968626/,低楼层(共31层),2014年建,2室1厅,66.65平米,南,33,1月前发布
5633,户型方正，业主居家装修，带平台,https://cd.ke.com/ershoufang/20011917710100112061.html,海上海北苑,https://cd.ke.com/xiaoqu/1620020423142074/,低楼层(共25层),2015年建,3室2厅,86.83平米,西南,14,1月前发布
5634,金科星耀天都1室0厅南,https://cd.ke.com/ershoufang/20011917710100107724.html,金科星耀天都,https://cd.ke.com/xiaoqu/1611062710864/,中楼层(共21层),2018年建,1室0厅,43.94平米,南,1,1月前发布
5635,中国铁建北湖国际城二期3室2厅东,https://cd.ke.com/ershoufang/20011817710100146258.html,中国铁建北湖国际城二期,https://cd.ke.com/xiaoqu/1615365748592372/,中楼层(共35层),2018年建,3室2厅,83平米,东,0,1月前发布
5636,上寓1室1厅东南,https://cd.ke.com/ershoufang/20011817710100146177.html,上寓,https://cd.ke.com/xiaoqu/1611063840546/,高楼层(共22层),2017年建,1室1厅,41.5平米,东南,0,1月前发布
5637,槐树苑A区2室1厅南,https://cd.ke.com/ershoufang/20011817710100143792.html,槐树苑A区,https://cd.ke.com/xiaoqu/3011054215193/,中楼层(共6层),2005年建,2室1厅,71.39平米,南,2,1月前发布
5638,央企大盘中房红枫岭二期标准套二,https://cd.ke.com/ershoufang/20011817710100141947.html,红枫岭二期,https://cd.ke.com/xiaoqu/3011053904959/,高楼层(共33层),2009年建,2室2厅,89平米,东南,1,1月前发布
5639,新里柏仕公馆套一出售，交通便利，配套齐全。,https://cd.ke.com/ershoufang/20011817710100138836.html,新里柏仕公馆,https://cd.ke.com/xiaoqu/3011052122263/,低楼层(共32层),2011年建,1室1厅,50.51平米,南,0,1月前发布
5640,双林中横路51号院2室1厅东南,https://cd.ke.com/ershoufang/20011817710100133892.html,双林中横路51号院,https://cd.ke.com/xiaoqu/3011052183116/,高楼层(共6层),1988年建,2室1厅,56.55平米,东南,0,1月前发布
5641,佳州星城清水套一户型方正采光佳,https://cd.ke.com/ershoufang/20011817710100131986.html,佳州星城,https://cd.ke.com/xiaoqu/1611063124892/,高楼层(共41层),2016年建,1室1厅,51.41平米,东南,2,1月前发布
5642,舜和家园A区2室1厅东南,https://cd.ke.com/ershoufang/20011817710100131675.html,舜和家园A区,https://cd.ke.com/xiaoqu/3011054220447/,低楼层(共28层),2009年建,2室1厅,64.73平米,东南,7,1月前发布
5643,标准套二，户型方正，采光好，园林小区，交通便利,https://cd.ke.com/ershoufang/20011817710100131457.html,瀚林花园,https://cd.ke.com/xiaoqu/3011053426710/,低楼层(共18层),2007年建,2室2厅,91.27平米,东南,2,1月前发布
5644,保利林语溪负一楼标准车位，自己的物业，小区人车分流,https://cd.ke.com/ershoufang/20011817710100122962.html,保利林语溪一期,https://cd.ke.com/xiaoqu/1611063955217/,地下室(共层),2017年建,1室0厅,31.61平米,南,0,1月前发布
5645,三环内清水大套三可按自己喜好装修,https://cd.ke.com/ershoufang/20011817710100122531.html,理工东苑,https://cd.ke.com/xiaoqu/3011053897103/,中楼层(共32层)3室1厅,86.42平米,东,,,2,1月前发布
5646,招商中央华城一期1室0厅西南,https://cd.ke.com/ershoufang/20011817710100121853.html,招商中央华城一期,https://cd.ke.com/xiaoqu/1620045820623323/,中楼层(共26层),2017年建,1室0厅,39.13平米,西南,3,1月前发布
5647,首创国际城二期对中庭带入户阳台套二,https://cd.ke.com/ershoufang/20011817710100121415.html,首创国际城二期,https://cd.ke.com/xiaoqu/3011052114634/,低楼层(共34层),2011年建,2室1厅,77.78平米,北,1,1月前发布
5648,上东一号一期标准套三业主诚心卖,https://cd.ke.com/ershoufang/20011817710100118426.html,上东一号一期,https://cd.ke.com/xiaoqu/3011052291451/,高楼层(共18层),2008年建,3室1厅,86.65平米,东北,21,1月前发布
5649,新风路39号2室1厅东南,https://cd.ke.com/ershoufang/20011817710100117745.html,新风路39号,https://cd.ke.com/xiaoqu/1611061510726/,中楼层(共7层),1998年建,2室1厅,66.73平米,东南,0,1月前发布
5650,蓝光富丽花城3室2厅西,https://cd.ke.com/ershoufang/20011817710100116451.html,蓝光富丽花城,https://cd.ke.com/xiaoqu/3011052604851/,中楼层(共18层),2008年建,3室2厅,83.08平米,西,6,1月前发布
5651,万年场横街5号2室1厅南北,https://cd.ke.com/ershoufang/20011817710100116310.html,万年场横街5号,https://cd.ke.com/xiaoqu/1611061519984/,高楼层(共7层),1998年建,2室1厅,74.17平米,南北,0,1月前发布
5652,二环边，万年场横街，标准套二出售,https://cd.ke.com/ershoufang/20011817710100115259.html,万年场横街5号,https://cd.ke.com/xiaoqu/1611061519984/,中楼层(共7层),1998年建,2室1厅,74.17平米,南北,0,1月前发布
5653,青秀城优质套二，中间楼城，居家装修可以拎包入住！,https://cd.ke.com/ershoufang/20011817710100115125.html,青秀城,https://cd.ke.com/xiaoqu/3011052739893/,低楼层(共18层),2012年建,2室2厅,78.68平米,西,25,1月前发布
5654,绿地大盘大套一开发商装修楼层高视野好,https://cd.ke.com/ershoufang/20011817710100112689.html,新里柏仕公馆,https://cd.ke.com/xiaoqu/3011052122263/,高楼层(共32层),2011年建,1室1厅,52.09平米,东,18,1月前发布
5655,一环内+毛坯套二+农业银行单位宿舍,https://cd.ke.com/ershoufang/20011817710100109730.html,双林巷9号,https://cd.ke.com/xiaoqu/1611059513359/,高楼层(共6层),1995年建,2室1厅,63.57平米,南,51,1月前发布
5656,云水苑套三双卫带生活阳台带装修,https://cd.ke.com/ershoufang/20011817710100108965.html,云水苑,https://cd.ke.com/xiaoqu/3011056100495/,中楼层(共38层),2012年建,3室2厅,88.86平米,西,7,1月前发布
5657,动物园富丽花城居家套二户型方正,https://cd.ke.com/ershoufang/20011817710100107589.html,蓝光富丽花城,https://cd.ke.com/xiaoqu/3011052604851/,高楼层(共18层),2008年建,2室1厅,59.4平米,西南,66,1月前发布
5658,东2.5环原始户型清水4.9米,https://cd.ke.com/ershoufang/20011817710100106144.html,蓝光东方天地,https://cd.ke.com/xiaoqu/1611100069088/,高楼层(共23层),2015年建,1室1厅,49.11平米,东南,16,1月前发布
5659,精装修全落地弧景观湖居大套四,https://cd.ke.com/ershoufang/20011817710100104727.html,浅水半岛三期,https://cd.ke.com/xiaoqu/1611059057623/,中楼层(共27层),2010年建,4室2厅,156.23平米,东北,2,1月前发布
5660,居家套三，保养得好，对中庭，采光好。,https://cd.ke.com/ershoufang/20011817710100105945.html,时代欣城,https://cd.ke.com/xiaoqu/1620028161446189/,中楼层(共28层)3室2厅,97.3平米,东南,,,3,1月前发布
5661,隆鑫九熙三期1室0厅南,https://cd.ke.com/ershoufang/20011817710100104291.html,隆鑫九熙三期,https://cd.ke.com/xiaoqu/1611063022154/,高楼层(共25层),2014年建,1室0厅,42.15平米,南,16,1月前发布
5662,蓝光coco时代标准套三双卫户型朝中庭,https://cd.ke.com/ershoufang/20011817710100104099.html,蓝光COCO时代,https://cd.ke.com/xiaoqu/3011053622524/,低楼层(共33层),2014年建,3室1厅,88.77平米,西南,0,1月前发布
5663,御龙山二期2室1厅东北,https://cd.ke.com/ershoufang/20011817710100102476.html,御龙山二期,https://cd.ke.com/xiaoqu/1620020444106025/,中楼层(共44层),2018年建,2室1厅,82.8平米,东北,0,1月前发布
5664,龙湖三千城二期B区1室0厅西南,https://cd.ke.com/ershoufang/20011817710100100322.html,龙湖三千城二期B区,https://cd.ke.com/xiaoqu/3011053812925/,地下室(共层)1室0厅,31.38平米,西南,,,1,1月前发布
5665,蓝光锦绣城1室0厅南,https://cd.ke.com/ershoufang/20011717710100177976.html,蓝光锦绣城,https://cd.ke.com/xiaoqu/3011052082027/,中楼层(共33层),2014年建,1室0厅,48.41平米,南,3,1月前发布
5666,水碾河社区1室1厅东南,https://cd.ke.com/ershoufang/20011717710100175581.html,水碾河社区,https://cd.ke.com/xiaoqu/1611043057386/,低楼层(共6层),1996年建,1室1厅,43.8平米,东南,1,1月前发布
5667,动物园标准套三，地铁精装房，全景落地窗，临海滨公园,https://cd.ke.com/ershoufang/20011717710100175072.html,蓝光coco国际一期,https://cd.ke.com/xiaoqu/1611100032254/,高楼层(共33层),2016年建,3室1厅,72平米,西南,4,1月前发布
5668,华润熙悦广场1室0厅北,https://cd.ke.com/ershoufang/20011717710100174169.html,华润熙悦广场,https://cd.ke.com/xiaoqu/1611061257890/,中楼层(共16层),2015年建,1室0厅,49.56平米,北,0,1月前发布
5669,华润熙悦广场，四间房间改成的写字楼。,https://cd.ke.com/ershoufang/20011717710100173980.html,华润熙悦广场,https://cd.ke.com/xiaoqu/1611061257890/,中楼层(共16层),2015年建,1室0厅,50.86平米,北,1,1月前发布
5670,华润熙悦广场，四间房间改成的写字楼。,https://cd.ke.com/ershoufang/20011717710100173980.html,华润熙悦广场,https://cd.ke.com/xiaoqu/1611061257890/,中楼层(共16层),2015年建,1室0厅,50.86平米,北,1,1月前发布
5671,华润熙悦广场，4间房间改写字楼，四间连在一起,https://cd.ke.com/ershoufang/20011717710100173480.html,华润熙悦广场,https://cd.ke.com/xiaoqu/1611061257890/,中楼层(共16层),2015年建,1室0厅,47.85平米,北,0,1月前发布
5672,华润熙悦广场，4间房间改写字楼，四间连在一起,https://cd.ke.com/ershoufang/20011717710100173281.html,华润熙悦广场,https://cd.ke.com/xiaoqu/1611061257890/,中楼层(共16层),2015年建,1室0厅,46.55平米,北,0,1月前发布
5673,财富又一城居家套三带大阳台诚心出售配套齐全,https://cd.ke.com/ershoufang/20011717710100171794.html,财富又一城,https://cd.ke.com/xiaoqu/3011053217749/,中楼层(共34层),2010年建,3室2厅,88.65平米,东南,29,1月前发布
5674,龙湖三千城A区1室0厅东,https://cd.ke.com/ershoufang/20011717710100169383.html,龙湖三千城A区,https://cd.ke.com/xiaoqu/3011053797414/,地下室(共层),2011年建,1室0厅,34.92平米,东,0,1月前发布
5675,龙湖三千城A区1室0厅东,https://cd.ke.com/ershoufang/20011717710100169017.html,龙湖三千城A区,https://cd.ke.com/xiaoqu/3011053797414/,地下室(共层),2011年建,1室0厅,34.92平米,东,0,1月前发布
5676,春熙苑二期3室1厅东南,https://cd.ke.com/ershoufang/20011717710100167952.html,春熙苑二期,https://cd.ke.com/xiaoqu/3011053717969/,中楼层(共11层),2001年建,3室1厅,118.78平米,东南,2,1月前发布
5677,永立星城都1室0厅南,https://cd.ke.com/ershoufang/20011717710100165524.html,永立星城都,https://cd.ke.com/xiaoqu/1611063503826/,中楼层(共39层),2017年建,1室0厅,27.18平米,南,0,1月前发布
5678,宜居套二，交通便利，配套成熟。,https://cd.ke.com/ershoufang/20011717710100161839.html,北新苑,https://cd.ke.com/xiaoqu/1611041813783/,中楼层(共18层),2010年建,2室1厅,79.23平米,东南,2,1月前发布
5679,富丽东方套二低楼层单独产权,https://cd.ke.com/ershoufang/20011717710100148734.html,富丽东方,https://cd.ke.com/xiaoqu/3011052041151/,低楼层(共33层),2008年建,2室1厅,56.02平米,东南,21,1月前发布
5680,套二单卫，视野开阔采光好，交通方便,https://cd.ke.com/ershoufang/20011717710100148587.html,齐盛花园,https://cd.ke.com/xiaoqu/3011055535051/,中楼层(共7层),2004年建,2室1厅,74.8平米,南,32,1月前发布
5681,青龙广场，清水房，配套完善，看房方便,https://cd.ke.com/ershoufang/20011717710100147961.html,青龙广场,https://cd.ke.com/xiaoqu/1614867409415858/,高楼层(共23层),2017年建,1室0厅,58.34平米,南,0,1月前发布
5682,富丽锦城，标准套二，户型方正。,https://cd.ke.com/ershoufang/20011717710100135592.html,富丽锦城,https://cd.ke.com/xiaoqu/3011053572345/,低楼层(共22层),2008年建,2室1厅,70.41平米,南北,1,1月前发布
5683,东客站西广场荣盛香榭兰庭二期简装套一,https://cd.ke.com/ershoufang/20011717710100135315.html,荣盛香榭兰庭二期,https://cd.ke.com/xiaoqu/1620021358646993/,高楼层(共36层),2016年建,1室1厅,47平米,东南,3,1月前发布
5684,凤凰城标准套一公园环/绕地铁1号线,https://cd.ke.com/ershoufang/20011717710100134778.html,沙河凤凰城,https://cd.ke.com/xiaoqu/3011053940758/,中楼层(共7层),2010年建,1室1厅,43.42平米,东南南,1,1月前发布
5685,万象城旁观城洋房一梯两户精装保养新中，央空调,https://cd.ke.com/ershoufang/20011717710100134110.html,观城,https://cd.ke.com/xiaoqu/1611057227209/,中楼层(共8层),2013年建,3室1厅,88.18平米,东,12,1月前发布
5686,标准套一，户型方正，采光好哦。,https://cd.ke.com/ershoufang/20011717710100130458.html,龙湖丽景A区,https://cd.ke.com/xiaoqu/3011055387596/,高楼层(共11层),2010年建,1室1厅,56平米,南,4,1月前发布
5687,清水套二出售中间楼层卧室带阳台,https://cd.ke.com/ershoufang/20011717710100129497.html,龙锦雅苑,https://cd.ke.com/xiaoqu/1620022948731832/,低楼层(共11层)2室2厅,80平米,南,,,0,1月前发布
5688,华林南苑1室1厅西南,https://cd.ke.com/ershoufang/20011717710100128559.html,华林南苑,https://cd.ke.com/xiaoqu/3011053893296/,高楼层(共22层),2011年建,1室1厅,55平米,西南,0,1月前发布
5689,中国铁建北湖国际城一期3室2厅东,https://cd.ke.com/ershoufang/20011717710100127624.html,中国铁建北湖国际城一期,https://cd.ke.com/xiaoqu/1611062709695/,中楼层(共34层),2016年建,3室2厅,79.86平米,东,0,1月前发布
5690,东2.5环7号线8号线双地铁交汇，毗临理工大,https://cd.ke.com/ershoufang/20011717710100129249.html,招商中央华城一期,https://cd.ke.com/xiaoqu/1620045820623323/,中楼层(共26层),2017年建,1室1厅,78.2平米,东南,0,1月前发布
5691,槐树苑二期民苑3室2厅南,https://cd.ke.com/ershoufang/20011717710100126521.html,槐树苑二期民苑,https://cd.ke.com/xiaoqu/3011054141150/,中楼层(共6层),2004年建,3室2厅,83.2平米,南,1,1月前发布
5692,标准套三，户型方正，采光好，对小区中庭。,https://cd.ke.com/ershoufang/20011717710100127357.html,龙湖丽景A区,https://cd.ke.com/xiaoqu/3011055387596/,高楼层(共11层),2010年建,3室1厅,102平米,南,8,1月前发布
5693,华林南苑1室1厅西南,https://cd.ke.com/ershoufang/20011717710100123839.html,华林南苑,https://cd.ke.com/xiaoqu/3011053893296/,中楼层(共22层),2011年建,1室1厅,55平米,西南,0,1月前发布
5694,龙湖丽景A区2室1厅南,https://cd.ke.com/ershoufang/20011717710100123148.html,龙湖丽景A区,https://cd.ke.com/xiaoqu/3011055387596/,中楼层(共11层)2室1厅,62.02平米,南,,,0,1月前发布
5695,华林南苑2室1厅南,https://cd.ke.com/ershoufang/20011717710100125623.html,华林南苑,https://cd.ke.com/xiaoqu/3011053893296/,高楼层(共22层),2011年建,2室1厅,85平米,南,0,1月前发布
5696,万兴街1号院3室1厅南,https://cd.ke.com/ershoufang/20011717710100121995.html,万兴街1号院,https://cd.ke.com/xiaoqu/3011053865118/,高楼层(共7层),1999年建,3室1厅,73平米,南,1,1月前发布
5697,华林南苑1室1厅东南,https://cd.ke.com/ershoufang/20011717710100121284.html,华林南苑,https://cd.ke.com/xiaoqu/3011053893296/,高楼层(共22层),2011年建,1室1厅,55.22平米,东南,0,1月前发布
5698,动物园清水套三单卫品质小区近公园,https://cd.ke.com/ershoufang/20011717710100118035.html,首创光和城二期,https://cd.ke.com/xiaoqu/1611062712269/,中楼层(共27层),2016年建,3室1厅,78平米,南,0,1月前发布
5699,户型方正，精装修，采光好。。。。。。。。,https://cd.ke.com/ershoufang/20011717710100112323.html,蓝润V客尚东二期,https://cd.ke.com/xiaoqu/1611063461253/,低楼层(共34层),2015年建,3室1厅,84.6平米,西,35,1月前发布
5700,改善型大套二，朝南采光好，满五唯一,https://cd.ke.com/ershoufang/20011717710100108921.html,龙城,https://cd.ke.com/xiaoqu/3011053207984/,高楼层(共16层),2012年建,2室1厅,88.89平米,南,2,1月前发布
5701,大套三，满两年，无增值税，手续齐全，好交易,https://cd.ke.com/ershoufang/20011717710100108467.html,上行锦绣,https://cd.ke.com/xiaoqu/3011053797492/,高楼层(共18层),2010年建,3室1厅,95.18平米,南,5,1月前发布
5702,新里柏仕公馆3室2厅南北,https://cd.ke.com/ershoufang/20011717710100107893.html,新里柏仕公馆,https://cd.ke.com/xiaoqu/3011052122263/,中楼层(共32层),2011年建,3室2厅,85.93平米,南北,1,1月前发布
5703,鲁能央企品质，简装套三，楼层高，视野好,https://cd.ke.com/ershoufang/20011717710100104512.html,鲁能公馆,https://cd.ke.com/xiaoqu/1610207281558449/,高楼层(共24层),2017年建,3室2厅,81.15平米,南,66,1月前发布
5704,理工南苑3室1厅东南,https://cd.ke.com/ershoufang/20011717710100103973.html,理工南苑,https://cd.ke.com/xiaoqu/1620026768385729/,中楼层(共5层)3室1厅,124.24平米,东南,,,25,1月前发布
5705,东立国际广场1室1厅东,https://cd.ke.com/ershoufang/20011717710100102559.html,东立国际广场,https://cd.ke.com/xiaoqu/3011053519890/,中楼层(共20层),2008年建,1室1厅,52.05平米,东,0,1月前发布
5706,东立国际广场1室1厅东,https://cd.ke.com/ershoufang/20011717710100102324.html,东立国际广场,https://cd.ke.com/xiaoqu/3011053519890/,中楼层(共20层),2008年建,1室1厅,52平米,东,0,1月前发布
5707,水畔经典3室1厅南,https://cd.ke.com/ershoufang/20011717710100101628.html,水畔经典,https://cd.ke.com/xiaoqu/1611061452759/,高楼层(共21层),2009年建,3室1厅,89.57平米,南,3,1月前发布
5708,二环边沙河旁双地铁口精装朝南对中庭诚心出售,https://cd.ke.com/ershoufang/20011717710100101269.html,水畔经典,https://cd.ke.com/xiaoqu/1611061452759/,低楼层(共21层),2009年建,2室1厅,81.5平米,南,2,1月前发布
5709,顺通河滨公寓＋顶跃带花园＋看府河＋带车位,https://cd.ke.com/ershoufang/20011717710100100889.html,顺通河滨公寓,https://cd.ke.com/xiaoqu/1611060199063/,高楼层(共9层),2002年建,5室2厅,308.77平米,东南西北,9,1月前发布
5710,九龙仓御园，户型通透，套三双卫,https://cd.ke.com/ershoufang/20011717710100100718.html,九龙仓御园三期,https://cd.ke.com/xiaoqu/1620020622406915/,高楼层(共28层),2016年建,3室1厅,144平米,南,7,1月前发布
5711,万科金域蓝湾经典小套三户型出售,https://cd.ke.com/ershoufang/20011617710100211082.html,万科金域蓝湾二期,https://cd.ke.com/xiaoqu/1620021534806936/,高楼层(共35层),2009年建,3室2厅,84.68平米,东南,42,1月前发布
5712,优品尚东1室0厅东,https://cd.ke.com/ershoufang/20011617710100508261.html,优品尚东,https://cd.ke.com/xiaoqu/1611041738993/,地下室(共1层),2009年建,1室0厅,33.29平米,东,0,1月前发布
5713,龙锦雅苑简装套一中间中间楼层生活成本低,https://cd.ke.com/ershoufang/20011617710100210999.html,龙锦雅苑,https://cd.ke.com/xiaoqu/1620022948731832/,中楼层(共11层)1室1厅,47.78平米,北,,,0,1月前发布
5714,金科一城2室1厅南,https://cd.ke.com/ershoufang/20011617710100422624.html,金科一城,https://cd.ke.com/xiaoqu/1611059035753/,低楼层(共18层),2011年建,2室1厅,49.25平米,南,1,1月前发布
5715,卧室跳高实得面积大，套三变套四，装修保养好,https://cd.ke.com/ershoufang/20011617710100507735.html,龙湖三千城A区,https://cd.ke.com/xiaoqu/3011053797414/,高楼层(共34层),2011年建,4室2厅,85.73平米,南,19,1月前发布
5716,华润二十四城五期套二精装带家具家电,https://cd.ke.com/ershoufang/20011617710100422591.html,华润二十四城五期,https://cd.ke.com/xiaoqu/1611060845404/,高楼层(共32层),2014年建,2室2厅,76.67平米,东南,41,1月前发布
5717,现代北苑1室0厅南西,https://cd.ke.com/ershoufang/20011617710100507419.html,现代北苑,https://cd.ke.com/xiaoqu/3011054732310/,高楼层(共7层),2003年建,1室0厅,36.26平米,南西,3,1月前发布
5718,金城商住楼2室1厅东北,https://cd.ke.com/ershoufang/20011617710100306256.html,金城商住楼,https://cd.ke.com/xiaoqu/3011055841027/,中楼层(共7层),2002年建,2室1厅,79.13平米,东北,0,1月前发布
5719,青龙广场1室0厅东,https://cd.ke.com/ershoufang/20011617710100507379.html,青龙广场,https://cd.ke.com/xiaoqu/1614867409415858/,中楼层(共23层),2017年建,1室0厅,45.53平米,东,0,1月前发布
5720,中海新华府东南朝向标准套三,https://cd.ke.com/ershoufang/20011617710100306188.html,中海新华府,https://cd.ke.com/xiaoqu/1611064050512/,高楼层(共41层),2017年建,3室2厅,85.78平米,东,13,1月前发布
5721,离十字路口10米位置好八里小区成熟小区标准套二,https://cd.ke.com/ershoufang/20011617710100419610.html,桃溪苑,https://cd.ke.com/xiaoqu/3011053489399/,中楼层(共7层),2004年建,2室2厅,95平米,南,2,1月前发布
5722,新鸿路342号院2室1厅东南,https://cd.ke.com/ershoufang/20011617710100504086.html,新鸿路342号院,https://cd.ke.com/xiaoqu/3011053129302/,高楼层(共6层),1995年建,2室1厅,53.76平米,东南,0,1月前发布
5723,槐树苑二期锦苑精装套二低层,https://cd.ke.com/ershoufang/20011617710100417258.html,槐树苑二期锦苑,https://cd.ke.com/xiaoqu/3011054137328/,低楼层(共6层),2004年建,2室2厅,65.02平米,南北,21,1月前发布
5724,华宇阳光水岸1室1厅西南,https://cd.ke.com/ershoufang/20011617710100413566.html,华宇阳光水岸,https://cd.ke.com/xiaoqu/3011053510481/,高楼层(共21层),2010年建,1室1厅,43.81平米,西南,4,1月前发布
5725,龙湖三千城二期B区1室0厅南,https://cd.ke.com/ershoufang/20011617710100410433.html,龙湖三千城二期B区,https://cd.ke.com/xiaoqu/3011053812925/,地下室(共层)1室0厅,31.38平米,南,,,0,1月前发布
5726,二环路内侧优质套三中间楼层满五年,https://cd.ke.com/ershoufang/20011617710100407474.html,二环路东三段119号,https://cd.ke.com/xiaoqu/167670228855810/,中楼层(共6层),1999年建,3室2厅,82.44平米,北,2,1月前发布
5727,海上海套三双卫，简单装修，对中庭,https://cd.ke.com/ershoufang/20011617710100119940.html,海上海南苑,https://cd.ke.com/xiaoqu/1611063503148/,高楼层(共22层),2015年建,3室2厅,93.9平米,东南,18,1月前发布
5728,东二环万象城钢管厂三区低楼层大套二,https://cd.ke.com/ershoufang/20011617710100118722.html,钢管厂三区,https://cd.ke.com/xiaoqu/3011053894806/,低楼层(共7层),1998年建,2室2厅,80.05平米,东南,1,1月前发布
5729,北二街小套二，中间楼层采光好，业主诚心出售,https://cd.ke.com/ershoufang/20011617710100115133.html,北一街小区,https://cd.ke.com/xiaoqu/168804664095559/,中楼层(共7层),1998年建,2室1厅,58.92平米,东南,0,1月前发布
5730,金科地产经典小套三南北通透业主十分诚心卖房子,https://cd.ke.com/ershoufang/20011617710100108040.html,金科一城,https://cd.ke.com/xiaoqu/1611059035753/,中楼层(共20层),2008年建,3室2厅,89平米,南北,44,1月前发布
5731,黄金3楼，精装修，带家具家电，采光好，户型方正,https://cd.ke.com/ershoufang/20011617710100106735.html,双水康城A区,https://cd.ke.com/xiaoqu/3011054010097/,中楼层(共6层),2004年建,2室1厅,74.42平米,北,78,1月前发布
5732,阳光100米娅一期，带平台房子,https://cd.ke.com/ershoufang/20011617710100105073.html,阳光100米娅中心一期,https://cd.ke.com/xiaoqu/3011054144684/,低楼层(共19层),2012年建,3室1厅,86.16平米,北,13,1月前发布
5733,金科一城标准套三楼层好视野开阔,https://cd.ke.com/ershoufang/20011617710100104724.html,金科一城,https://cd.ke.com/xiaoqu/1611059035753/,高楼层(共20层),2012年建,3室1厅,84.96平米,南,10,1月前发布
5734,观城套三带阳台，采光好，视野开阔,https://cd.ke.com/ershoufang/20011517710100155936.html,观城,https://cd.ke.com/xiaoqu/1611057227209/,低楼层(共33层),2013年建,3室2厅,89.52平米,南,4,1月前发布
5735,泛悦城市广场精装套三20年三月份满增值税,https://cd.ke.com/ershoufang/20011517710100153766.html,泛悦城市广场,https://cd.ke.com/xiaoqu/168690686767683/,高楼层(共32层),2017年建,3室2厅,77.99平米,北,14,1月前发布
5736,首创光和城3室2厅东南,https://cd.ke.com/ershoufang/20011517710100153369.html,首创光和城,https://cd.ke.com/xiaoqu/1617652322938857/,低楼层(共31层),2016年建,3室2厅,71.33平米,东南,0,1月前发布
5737,简装套二，明厨明卫，中间楼层，采光好,https://cd.ke.com/ershoufang/20011517710100152960.html,龙湖丽景B区,https://cd.ke.com/xiaoqu/3011055389795/,低楼层(共18层),2010年建,2室1厅,82.79平米,东,0,1月前发布
5738,标准套三双卫采光好视野开阔无遮挡,https://cd.ke.com/ershoufang/20011517710100151882.html,浅水半岛一期,https://cd.ke.com/xiaoqu/1611058934011/,高楼层(共27层),2008年建,3室1厅,121平米,东北,1,1月前发布
5739,处于繁华地段，却闹中取静。交通便利。,https://cd.ke.com/ershoufang/20011517710100150989.html,水碾河社区,https://cd.ke.com/xiaoqu/1611043057386/,高楼层(共6层),1998年建,2室1厅,73平米,南,0,1月前发布
5740,标准套四，自住居家装修，中上楼层，采光视野佳,https://cd.ke.com/ershoufang/20011517710100149314.html,华润翠林华庭,https://cd.ke.com/xiaoqu/1611059334560/,中楼层(共16层),2013年建,4室2厅,137.5平米,北,7,1月前发布
5741,清水套二，方便装修，对中庭，价格优质。,https://cd.ke.com/ershoufang/20011517710100146787.html,御龙山二期,https://cd.ke.com/xiaoqu/1620020444106025/,高楼层(共44层),2018年建,2室2厅,83.72平米,西北,3,1月前发布
5742,诚心出售锦绣城二期居家装修套二,https://cd.ke.com/ershoufang/20011517710100144374.html,蓝光锦绣城二期,https://cd.ke.com/xiaoqu/1616460049296411/,中楼层(共28层)2室2厅,79.98平米,东南,,,0,1月前发布
5743,朝南对中庭竖厅设计客厅带飘窗,https://cd.ke.com/ershoufang/20011517710100143835.html,华润翠林华庭,https://cd.ke.com/xiaoqu/1611059334560/,高楼层(共12层),2013年建,3室2厅,90.78平米,南,3,1月前发布
5744,东润豪庭一期2室2厅南,https://cd.ke.com/ershoufang/20011517710100142423.html,东润豪庭一期,https://cd.ke.com/xiaoqu/3011055382801/,中楼层(共15层)2室2厅,85.3平米,南,,,0,1月前发布
5745,东润豪庭一期3室1厅东南,https://cd.ke.com/ershoufang/20011517710100135190.html,东润豪庭一期,https://cd.ke.com/xiaoqu/3011055382801/,高楼层(共17层)3室1厅,105.5平米,东南,,,0,1月前发布
5746,天空城的大户型的居家装修的套一,https://cd.ke.com/ershoufang/20011517710100131939.html,天空城,https://cd.ke.com/xiaoqu/3011056104727/,中楼层(共28层),2010年建,1室1厅,52.99平米,东南,5,1月前发布
5747,二环边优质套三，装修保养好，电梯商品房,https://cd.ke.com/ershoufang/20011517710100125570.html,东景丽苑,https://cd.ke.com/xiaoqu/1611059819716/,中楼层(共12层),2006年建,3室1厅,113.1平米,西北,4,1月前发布
5748,万科金域蓝湾一期4室1厅南,https://cd.ke.com/ershoufang/20011517710100123611.html,万科金域蓝湾一期,https://cd.ke.com/xiaoqu/1611059174048/,高楼层(共35层),2009年建,4室1厅,91.08平米,南,4,1月前发布
5749,一环路地铁口，楼层低，配套成熟，安静对中庭,https://cd.ke.com/ershoufang/20011517710100123422.html,前锋小区,https://cd.ke.com/xiaoqu/3011054738370/,低楼层(共6层),1995年建,3室1厅,112.77平米,东,4,1月前发布
5750,一环内石油局单位房，小区环境好,https://cd.ke.com/ershoufang/20011517710100122953.html,石油苑,https://cd.ke.com/xiaoqu/3011053686615/,中楼层(共6层),1985年建,2室1厅,68.32平米,东南,2,1月前发布
5751,一环内石油局单位房，小区环境好，交通便利,https://cd.ke.com/ershoufang/20011517710100121997.html,石油苑,https://cd.ke.com/xiaoqu/3011053686615/,高楼层(共6层),1985年建,2室1厅,68.32平米,南,11,1月前发布
5752,双林路7号院2室1厅东南,https://cd.ke.com/ershoufang/20011517710100120915.html,双林路7号院,https://cd.ke.com/xiaoqu/1615664068701544/,高楼层(共6层)2室1厅,59平米,东南,,,0,1月前发布
5753,新鸿南二巷18号2室1厅南,https://cd.ke.com/ershoufang/20011517710100120716.html,新鸿南二巷18号,https://cd.ke.com/xiaoqu/1611059247512/,高楼层(共6层)2室1厅,60平米,南,,,0,1月前发布
5754,龙潭寺北湖龙郡8号线地铁出口套三双卫,https://cd.ke.com/ershoufang/20011517710100117969.html,北湖龙郡,https://cd.ke.com/xiaoqu/3011053659800/,中楼层(共33层)3室2厅,115.32平米,东南,,,0,1月前发布
5755,低楼层套三清水房可根据自己喜好来改造,https://cd.ke.com/ershoufang/20011517710100117735.html,双林路136号,https://cd.ke.com/xiaoqu/1611041847623/,低楼层(共7层),1990年建,3室1厅,76平米,南北,7,1月前发布
5756,开发商精装套二，南北通透户型，中间楼层采光好,https://cd.ke.com/ershoufang/20011517710100116741.html,华润二十四城二期,https://cd.ke.com/xiaoqu/3011055110938/,中楼层(共32层),2010年建,2室1厅,68.4平米,南北,11,1月前发布
5757,隆鑫九熙2室2厅东,https://cd.ke.com/ershoufang/20011517710100115772.html,隆鑫九熙,https://cd.ke.com/xiaoqu/3011054139339/,中楼层(共34层),2012年建,2室2厅,78.91平米,东,0,1月前发布
5758,标准套二，厅带阳台，小区安静，带屋顶花园,https://cd.ke.com/ershoufang/20011517710100115648.html,荆竹小区7号院,https://cd.ke.com/xiaoqu/3011053853384/,高楼层(共6层),1999年建,2室2厅,74.59平米,东,23,1月前发布
5759,开发商精装GY，家具家电齐全，东中环，双地铁,https://cd.ke.com/ershoufang/20011517710100114881.html,招商中央华城一期,https://cd.ke.com/xiaoqu/1620045820623323/,中楼层(共26层),2017年建,1室1厅,39.13平米,北,1,1月前发布
5760,开发商精装GY，家具家电齐全，东中环，双地铁。,https://cd.ke.com/ershoufang/20011517710100114699.html,招商中央华城一期,https://cd.ke.com/xiaoqu/1620045820623323/,中楼层(共26层),2017年建,1室1厅,39.13平米,北,2,1月前发布
5761,新鸿公寓低楼层出售精装,https://cd.ke.com/ershoufang/20011517710100112257.html,新鸿公寓,https://cd.ke.com/xiaoqu/3011052899139/,低楼层(共7层),1995年建,2室1厅,71.25平米,西南,1,1月前发布
5762,荆竹小区8号院1室1厅东北,https://cd.ke.com/ershoufang/20011517710100109561.html,荆竹小区8号院,https://cd.ke.com/xiaoqu/3011053855103/,中楼层(共6层),2008年建,1室1厅,47.29平米,东北,20,1月前发布
5763,香木林花园里清水房大套二期待买主光临,https://cd.ke.com/ershoufang/20011517710100109317.html,香木林花园里,https://cd.ke.com/xiaoqu/1614604536416627/,高楼层(共30层)2室2厅,84.79平米,南,,,1,1月前发布
5764,中高楼层价格优美魅力装修采光不错户型方正,https://cd.ke.com/ershoufang/20011517710100108489.html,北回归线一期,https://cd.ke.com/xiaoqu/3011053561486/,高楼层(共22层),2009年建,2室1厅,83.59平米,南,4,1月前发布
5765,城北品质小区，中间楼层，采光好,https://cd.ke.com/ershoufang/20011417710100176370.html,招商雍华府一期,https://cd.ke.com/xiaoqu/1611058904499/,中楼层(共18层),2013年建,2室1厅,88.18平米,东南,6,1月前发布
5766,标准套一户型，客厅带阳台，采光好，户型方正。,https://cd.ke.com/ershoufang/20011417710100176036.html,秀林苑东区,https://cd.ke.com/xiaoqu/3011055399978/,高楼层(共18层),2011年建,1室1厅,53.14平米,东,6,1月前发布
5767,列五旁，离地铁近，改善型房子，适合居家,https://cd.ke.com/ershoufang/20011417710100173918.html,双桥路252号,https://cd.ke.com/xiaoqu/1620026384398069/,中楼层(共7层)4室2厅,132平米,东南,,,1,1月前发布
5768,4室2厅，大入户。前后双阳台，朝南采光好。,https://cd.ke.com/ershoufang/20011417710100173336.html,金科一城,https://cd.ke.com/xiaoqu/1611059035753/,中楼层(共18层),2011年建,4室2厅,117.01平米,南,10,1月前发布
5769,中铁二局玛塞城居家套二户型通透,https://cd.ke.com/ershoufang/20011417710100172692.html,中铁二局玛塞城,https://cd.ke.com/xiaoqu/1611063965597/,高楼层(共32层),2015年建,2室1厅,54.62平米,西南,0,1月前发布
5770,万科金色乐府车位，房东诚心出售。,https://cd.ke.com/ershoufang/20011417710100172062.html,万科金色乐府,https://cd.ke.com/xiaoqu/1611064018976/,地下室(共层)1室0厅,31.34平米,东,,,0,1月前发布
5771,华润二十四城一期2室1厅南,https://cd.ke.com/ershoufang/20011417710100169379.html,华润二十四城一期,https://cd.ke.com/xiaoqu/3011054427433/,低楼层(共32层),2009年建,2室1厅,89.75平米,南,5,1月前发布
5772,万科金色乐府，交通方便，环境好。,https://cd.ke.com/ershoufang/20011417710100168776.html,万科金色乐府,https://cd.ke.com/xiaoqu/1611064018976/,中楼层(共39层),2016年建,2室1厅,76.7平米,西南,12,1月前发布
5773,丽水澜庭有装修，客厅带阳台，标准套一,https://cd.ke.com/ershoufang/20011417710100167167.html,丽水澜庭A区,https://cd.ke.com/xiaoqu/3011053749399/,低楼层(共18层)1室1厅,47.22平米,西南,,,1,1月前发布
5774,中国铁建北湖国际城一期3室1厅西,https://cd.ke.com/ershoufang/20011417710100164528.html,中国铁建北湖国际城一期,https://cd.ke.com/xiaoqu/1611062709695/,低楼层(共42层),2016年建,3室1厅,79.06平米,西,1,1月前发布
5775,中粮锦云3室2厅东北,https://cd.ke.com/ershoufang/20011417710100162888.html,中粮锦云,https://cd.ke.com/xiaoqu/1611063169388/,低楼层(共33层),2016年建,3室2厅,73.71平米,东北,5,1月前发布
5776,套二改套三，带屋顶花园，单价便宜,https://cd.ke.com/ershoufang/20011417710100158262.html,机车苑,https://cd.ke.com/xiaoqu/3011053741909/,高楼层(共7层),2000年建,3室1厅,77.56平米,东南,8,1月前发布
5777,领地海纳时代，精装套二，拎包入住,https://cd.ke.com/ershoufang/20011417710100157637.html,领地海纳时代,https://cd.ke.com/xiaoqu/1611062709383/,中楼层(共34层),2016年建,2室1厅,59.2平米,东南,27,1月前发布
5778,和泓72.48平套二户型方正,https://cd.ke.com/ershoufang/20011417710100155956.html,和泓东28,https://cd.ke.com/xiaoqu/1611062701490/,高楼层(共34层),2015年建,2室2厅,72.48平米,东南,2,1月前发布
5779,精装套二，带家具家电，高楼层采光好，视野开阔,https://cd.ke.com/ershoufang/20011417710100157333.html,恒大豪庭,https://cd.ke.com/xiaoqu/1620030260294428/,高楼层(共34层),2017年建,2室1厅,76平米,东南,20,1月前发布
5780,东客站漫岭云天精装套二，低楼层，安静不吵,https://cd.ke.com/ershoufang/20011417710100150254.html,漫岭云天,https://cd.ke.com/xiaoqu/3011054936528/,低楼层(共33层),2008年建,3室1厅,108.34平米,东,2,1月前发布
5781,美立方套四户型八栋相对安静。。。。。。。。。,https://cd.ke.com/ershoufang/20011417710100141980.html,电建地产美立方,https://cd.ke.com/xiaoqu/1611062694711/,中楼层(共18层),2017年建,4室1厅,99.33平米,东,13,1月前发布
5782,汇融名城C标准车位出售，，，，，，，，，，,https://cd.ke.com/ershoufang/20011417710100140446.html,汇融名城C区,https://cd.ke.com/xiaoqu/3011056162383/,地下室(共层)1室0厅,18.62平米,东,,,0,1月前发布
5783,东客站居家装修套二，双地铁，绿地大盘,https://cd.ke.com/ershoufang/20011417710100138973.html,新里柏仕公馆,https://cd.ke.com/xiaoqu/3011052122263/,中楼层(共18层),2011年建,2室1厅,70.97平米,东南,0,1月前发布
5784,观城洋房，一梯两户，户型通透，采光好,https://cd.ke.com/ershoufang/20011417710100138297.html,观城,https://cd.ke.com/xiaoqu/1611057227209/,中楼层(共8层),2013年建,4室2厅,145.81平米,南北,11,1月前发布
5785,全新精装套三户型方正，无浪费，采光好，视野无遮挡,https://cd.ke.com/ershoufang/20011417710100131693.html,蓝光coco国际二期,https://cd.ke.com/xiaoqu/1616547789943599/,中楼层(共38层),2016年建,3室1厅,64.95平米,东,62,1月前发布
5786,二仙桥地铁口精装带平台，可直接拎包入住,https://cd.ke.com/ershoufang/20011417710100129224.html,交大归谷建设派,https://cd.ke.com/xiaoqu/1611062703209/,低楼层(共24层),2017年建,2室1厅,63.3平米,东南,3,1月前发布
5787,小区安静，户型方正，居住在公园里的感觉,https://cd.ke.com/ershoufang/20011417710100125450.html,和信融锦云湾,https://cd.ke.com/xiaoqu/1611060919325/,中楼层(共33层),2012年建,2室1厅,76.31平米,南,19,1月前发布
5788,九龙仓中楼层精装套二，朝南对中庭，采光好视野开阔,https://cd.ke.com/ershoufang/20011417710100124164.html,九龙仓御园四期,https://cd.ke.com/xiaoqu/1611058968626/,中楼层(共31层),2014年建,2室1厅,66.65平米,南,14,1月前发布
5789,套三双卫，通透户型，采光好，户型方正无浪费,https://cd.ke.com/ershoufang/20011417710100121987.html,长融一代天骄,https://cd.ke.com/xiaoqu/3011054173419/,高楼层(共11层),2006年建,3室2厅,119.44平米,南,4,1月前发布
5790,和泓东282室1厅南北,https://cd.ke.com/ershoufang/20011417710100121057.html,和泓东28,https://cd.ke.com/xiaoqu/1611062701490/,中楼层(共31层),2015年建,2室1厅,60平米,南北,0,1月前发布
5791,中国铁建北湖国际城二期3室1厅南,https://cd.ke.com/ershoufang/20011417710100117237.html,中国铁建北湖国际城二期,https://cd.ke.com/xiaoqu/1615365748592372/,中楼层(共32层),2018年建,3室1厅,91.24平米,南,4,1月前发布
5792,新风路60号套二家电家具全齐业主急卖,https://cd.ke.com/ershoufang/20011417710100117676.html,新风路60号院,https://cd.ke.com/xiaoqu/3011053784394/,中楼层(共7层),2000年建,2室2厅,60.43平米,东,2,1月前发布
5793,蓝光富丽花城2室2厅北,https://cd.ke.com/ershoufang/20011417710100112213.html,蓝光富丽花城,https://cd.ke.com/xiaoqu/3011052604851/,中楼层(共18层),2008年建,2室2厅,57.55平米,北,3,1月前发布
5794,地铁口套三简装买来就可出租自住,https://cd.ke.com/ershoufang/20011417710100109455.html,蓝光金悦府,https://cd.ke.com/xiaoqu/1611062708652/,低楼层(共24层),2017年建,3室2厅,88平米,东南,17,1月前发布
5795,东客站漫岭云天精装套二，中间楼层，安静,https://cd.ke.com/ershoufang/20011417710100107670.html,漫岭云天,https://cd.ke.com/xiaoqu/3011054936528/,低楼层(共33层),2008年建,2室2厅,85.34平米,西南,21,1月前发布
5796,生态环境好，居住舒适，交通方便,https://cd.ke.com/ershoufang/20011417710100107172.html,水岸东里,https://cd.ke.com/xiaoqu/3011056095765/,高楼层(共32层),2013年建,2室2厅,83平米,东,1,1月前发布
5797,上古天地1室1厅西南,https://cd.ke.com/ershoufang/20011417710100105484.html,上古天地,https://cd.ke.com/xiaoqu/1620027743905470/,中楼层(共28层),2018年建,1室1厅,39.7平米,西南,0,1月前发布
5798,建设路小春熙刚需小套二即买及入住,https://cd.ke.com/ershoufang/20011417710100103668.html,合能耀之城,https://cd.ke.com/xiaoqu/3011053771681/,中楼层(共27层),2010年建,2室1厅,48.32平米,南,17,1月前发布
5799,万科魅力之城四期3室1厅南,https://cd.ke.com/ershoufang/20011317710100169853.html,万科魅力之城四期,https://cd.ke.com/xiaoqu/1611060998108/,高楼层(共18层),2009年建,3室1厅,75.58平米,南,1,1月前发布
5800,万象城东二环九龙仓御园纯板式精装大套三,https://cd.ke.com/ershoufang/20011317710100165564.html,九龙仓御园三期,https://cd.ke.com/xiaoqu/1620020622406915/,高楼层(共27层),2016年建,3室2厅,168.62平米,南,9,1月前发布
5801,标准套二户型，中间层，，视野开阔。,https://cd.ke.com/ershoufang/20011317710100163874.html,金科一城,https://cd.ke.com/xiaoqu/1611059035753/,低楼层(共21层),2012年建,2室1厅,52.36平米,南,0,1月前发布
5802,成华网红盘前对公园后对中庭优质套四,https://cd.ke.com/ershoufang/20011317710100161360.html,成华奥园广场二期,https://cd.ke.com/xiaoqu/1613922753851012/,低楼层(共39层),2018年建,4室2厅,120.8平米,东南,3,1月前发布
5803,颐和家园2室2厅东南,https://cd.ke.com/ershoufang/20011317710100159150.html,颐和家园,https://cd.ke.com/xiaoqu/3011053809212/,低楼层(共32层),2008年建,2室2厅,89平米,东南,13,1月前发布
5804,蓝光乐彩城三期，标准套二，简装,https://cd.ke.com/ershoufang/20011317710100157820.html,蓝光乐彩城,https://cd.ke.com/xiaoqu/1611050189052/,低楼层(共41层),2016年建,2室1厅,55平米,西北,31,1月前发布
5805,华宇阳光尚座现房出售，有意者随时联系咨询,https://cd.ke.com/ershoufang/20011317710100154732.html,华宇阳光尚座,https://cd.ke.com/xiaoqu/1611059604355/,高楼层(共17层),2013年建,1室0厅,34.99平米,南,1,1月前发布
5806,首创天禧68，精装套二户型好视野开阔，采光好,https://cd.ke.com/ershoufang/20011317710100153076.html,首创天禧68,https://cd.ke.com/xiaoqu/166986148097817/,中楼层(共40层),2017年建,2室2厅,77.59平米,东北,8,1月前发布
5807,建设路商圈居家精装套三改套二，临沙河视野好,https://cd.ke.com/ershoufang/20011317710100137945.html,佳州星城,https://cd.ke.com/xiaoqu/1611063124892/,高楼层(共33层)2室1厅,101.48平米,东,,,0,1月前发布
5808,富丽花城套三富丽花城套三富丽花城套三套三套三套三,https://cd.ke.com/ershoufang/20011317710100134755.html,蓝光富丽花城,https://cd.ke.com/xiaoqu/3011052604851/,高楼层(共18层),2008年建,3室1厅,81.9平米,南,9,1月前发布
5809,蓝光锦绣城横厅改善型套三双卫户型方正,https://cd.ke.com/ershoufang/20011317710100134250.html,蓝光锦绣城,https://cd.ke.com/xiaoqu/3011052082027/,中楼层(共33层),2014年建,3室2厅,96.52平米,东南,7,1月前发布
5810,新鸿一区3室1厅东南,https://cd.ke.com/ershoufang/20011317710100133868.html,新鸿一区,https://cd.ke.com/xiaoqu/3011052901200/,中楼层(共6层),1994年建,3室1厅,61平米,东南,0,1月前发布
5811,二环边，交通方便，配套设施齐全。,https://cd.ke.com/ershoufang/20011317710100133645.html,春熙苑二期,https://cd.ke.com/xiaoqu/3011053717969/,低楼层(共11层),2001年建,2室1厅,88.26平米,南,1,1月前发布
5812,建设路国光九街坊老套二采光好,https://cd.ke.com/ershoufang/20011317710100127370.html,国光九街坊,https://cd.ke.com/xiaoqu/3011053205091/,高楼层(共6层)2室1厅,49.91平米,南,,,0,1月前发布
5813,金科一城2室2厅南,https://cd.ke.com/ershoufang/20011317710100127236.html,金科一城,https://cd.ke.com/xiaoqu/1611059035753/,高楼层(共20层),2012年建,2室2厅,70.62平米,南,0,1月前发布
5814,长天路低楼层套二出售交通便利。,https://cd.ke.com/ershoufang/20011317710100124213.html,长天路8号社区,https://cd.ke.com/xiaoqu/3011053905302/,低楼层(共7层),1995年建,2室2厅,66.3平米,东,3,1月前发布
5815,万科魅力之城三期2室1厅东,https://cd.ke.com/ershoufang/20011317710100123530.html,万科魅力之城三期,https://cd.ke.com/xiaoqu/1611060984444/,高楼层(共18层),2008年建,2室1厅,92平米,东,0,1月前发布
5816,通透格局，户型方正，采光好，配套设施齐全。,https://cd.ke.com/ershoufang/20011317710100121192.html,东晖花园四期,https://cd.ke.com/xiaoqu/1611060998672/,高楼层(共7层),2004年建,3室1厅,85.47平米,东南,12,1月前发布
5817,东中环沙河畔居家套一户型好,https://cd.ke.com/ershoufang/20011317710100119855.html,沙河丽景,https://cd.ke.com/xiaoqu/3011056100365/,低楼层(共11层),2008年建,1室1厅,59.49平米,东,1,1月前发布
5818,2栋电梯口标准车位前方通道进出方便,https://cd.ke.com/ershoufang/20011317710100118330.html,中粮锦云,https://cd.ke.com/xiaoqu/1611063169388/,地下室(共层),2016年建,1室1厅,20平米,西北,0,1月前发布
5819,中铁二局玛塞城必看好房，房东诚心出售。,https://cd.ke.com/ershoufang/20011317710100110730.html,中铁二局玛塞城,https://cd.ke.com/xiaoqu/1611063965597/,高楼层(共33层),2015年建,3室2厅,85.13平米,西南东北,35,1月前发布
5820,优品尚东2室1厅南北,https://cd.ke.com/ershoufang/20011317710100107821.html,优品尚东,https://cd.ke.com/xiaoqu/1611041738993/,高楼层(共25层),2009年建,2室1厅,87.55平米,南北,2,1月前发布
5821,金科一城标准大套三。户型方正。居家装修,https://cd.ke.com/ershoufang/20011317710100105952.html,金科一城,https://cd.ke.com/xiaoqu/1611059035753/,中楼层(共18层),2011年建,3室1厅,99.32平米,西北,1,1月前发布
5822,万科魅力之城二期3室2厅南,https://cd.ke.com/ershoufang/20011317710100105060.html,万科魅力之城二期,https://cd.ke.com/xiaoqu/3011052048393/,高楼层(共11层),2008年建,3室2厅,149.12平米,南,4,1月前发布
5823,凯德广场旁蓝光锦绣城新小区居家套三带家具家电,https://cd.ke.com/ershoufang/20011317710100102544.html,蓝光锦绣城一期,https://cd.ke.com/xiaoqu/3011052076911/,中楼层(共30层),2012年建,3室2厅,85.98平米,西南,10,1月前发布
5824,品质朗基少东家新上精装套三带大车位,https://cd.ke.com/ershoufang/20011317710100101866.html,朗基少东家,https://cd.ke.com/xiaoqu/166984826891983/,中楼层(共32层),2017年建,3室1厅,77.98平米,西北,41,1月前发布
5825,成华区，东二环，万年场，万象城旁,https://cd.ke.com/ershoufang/20011317710100101122.html,华润二十四城七期,https://cd.ke.com/xiaoqu/1611928934298169/,中楼层(共47层),2018年建,3室1厅,91.54平米,西南,8,1月前发布
5826,地铁口，7号线迎晖路，精装套3诚心出售,https://cd.ke.com/ershoufang/20011217710100191082.html,阳光100米娅中心二期,https://cd.ke.com/xiaoqu/1611063629037/,中楼层(共32层),2015年建,3室1厅,74.48平米,南,4,2月前发布
5827,阳光舜苑两居室对中庭客厅带阳台,https://cd.ke.com/ershoufang/20011217710100185486.html,阳光舜苑,https://cd.ke.com/xiaoqu/3011056098467/,中楼层(共27层),2011年建,2室1厅,82平米,东南,4,2月前发布
5828,蓝光锦绣城清水套二位置安静视野好,https://cd.ke.com/ershoufang/20011217710100185183.html,蓝光锦绣城一期,https://cd.ke.com/xiaoqu/3011052076911/,中楼层(共30层),2012年建,2室1厅,80.38平米,东南,1,2月前发布
5829,动物园地铁口标准纯清水套二出售小区环境优美,https://cd.ke.com/ershoufang/20011217710100183268.html,荆竹小区8号院,https://cd.ke.com/xiaoqu/3011053855103/,高楼层(共6层),2008年建,2室1厅,74.59平米,西南,1,2月前发布
5830,兴元华盛标准套二，户型方正，满五唯一，看房方便！,https://cd.ke.com/ershoufang/20011217710100175510.html,兴元华盛一期,https://cd.ke.com/xiaoqu/3011053551293/,低楼层(共18层),2008年建,2室1厅,84.8平米,东北,51,2月前发布
5831,凯德商圈蓝光锦绣城横厅套三双卫户型通透采光充沛,https://cd.ke.com/ershoufang/20011217710100167836.html,蓝光锦绣城,https://cd.ke.com/xiaoqu/3011052082027/,高楼层(共33层),2014年建,3室2厅,97平米,东南,8,2月前发布
5832,双桥路低楼层小户型，套二，地铁口,https://cd.ke.com/ershoufang/20011217710100166512.html,双桥路249号,https://cd.ke.com/xiaoqu/1612678330854840/,低楼层(共6层)2室1厅,46.63平米,东,,,30,2月前发布
5833,隆鑫九熙，东2.5环，交通方便，标准套三,https://cd.ke.com/ershoufang/20011217710100165055.html,隆鑫九熙,https://cd.ke.com/xiaoqu/3011054139339/,中楼层(共34层),2012年建,3室2厅,90.78平米,西南,6,2月前发布
5834,浅水半岛三期负二楼标准大车位。。。,https://cd.ke.com/ershoufang/20011217710100162741.html,浅水半岛三期,https://cd.ke.com/xiaoqu/1611059057623/,地下室(共层),2010年建,1室0厅,28平米,西南,0,2月前发布
5835,新绿苑3室2厅南,https://cd.ke.com/ershoufang/20011217710100161096.html,新绿苑,https://cd.ke.com/xiaoqu/1611060809553/,低楼层(共6层),2005年建,3室2厅,101.83平米,南,1,2月前发布
5836,此房户型方正，中间楼层，对中庭，不临街，近地铁,https://cd.ke.com/ershoufang/20011217710100160447.html,招商中央华城二期,https://cd.ke.com/xiaoqu/1611062672793/,中楼层(共33层),2018年建,3室2厅,98平米,东南,2,2月前发布
5837,成华区，府青路，次新小区，电梯房，套二出售,https://cd.ke.com/ershoufang/20011217710100158031.html,中铁二局玛塞城,https://cd.ke.com/xiaoqu/1611063965597/,低楼层(共33层),2015年建,2室2厅,65.6平米,东南,1,2月前发布
5838,精装优质修套三，户型方正，房东诚心卖，,https://cd.ke.com/ershoufang/20011217710100156953.html,上东一号三期,https://cd.ke.com/xiaoqu/3011052294058/,高楼层(共18层),2014年建,3室1厅,91.4平米,东,34,2月前发布
5839,套三，中间楼层，交通便利，配套完善,https://cd.ke.com/ershoufang/20011217710100155810.html,东泰苑,https://cd.ke.com/xiaoqu/3011053423211/,中楼层(共6层),2003年建,3室2厅,149平米,东南,0,2月前发布
5840,红枫岭三期大套三房东诚心出售可随意装修,https://cd.ke.com/ershoufang/20011217710100152740.html,红枫岭三期,https://cd.ke.com/xiaoqu/3011053904970/,高楼层(共33层),2009年建,3室2厅,122平米,东,11,2月前发布
5841,沙河明珠1室2厅东南,https://cd.ke.com/ershoufang/20011217710100152688.html,沙河明珠,https://cd.ke.com/xiaoqu/1611058845016/,低楼层(共18层),2008年建,1室2厅,77.47平米,东南,3,2月前发布
5842,领地海纳时代精装小套二，业主诚心出售,https://cd.ke.com/ershoufang/20011217710100143278.html,领地海纳时代,https://cd.ke.com/xiaoqu/1611062709383/,低楼层(共34层),2016年建,2室1厅,59.4平米,西,2,2月前发布
5843,精装套三，房东诚心卖，价格可以谈,https://cd.ke.com/ershoufang/20011217710100142183.html,上东一号三期,https://cd.ke.com/xiaoqu/3011052294058/,低楼层(共18层),2014年建,3室2厅,116.83平米,南,39,2月前发布
5844,三环内多层+双面采光+标准套二物业费3毛，居家新装修,https://cd.ke.com/ershoufang/20011217710100140059.html,东林小区,https://cd.ke.com/xiaoqu/3011052600185/,中楼层(共6层),2003年建,2室2厅,73.95平米,西,7,2月前发布
5845,华宇阳光水岸1室0厅东,https://cd.ke.com/ershoufang/20011217710100135990.html,华宇阳光水岸,https://cd.ke.com/xiaoqu/3011053510481/,地下室(共1层)1室0厅,40.14平米,东,,,0,2月前发布
5846,居家装修，可拎包入住，套一改套二,https://cd.ke.com/ershoufang/20011217710100135295.html,首创国际城二期,https://cd.ke.com/xiaoqu/3011052114634/,高楼层(共34层),2011年建,1室1厅,50.51平米,西南,40,2月前发布
5847,出门就是万象城，中间楼层套二，业主诚心卖,https://cd.ke.com/ershoufang/20011217710100134932.html,花样年花郡,https://cd.ke.com/xiaoqu/1611041612572/,中楼层(共18层),2008年建,2室1厅,84.27平米,北,11,2月前发布
5848,首创爱这城一二期1室1厅南,https://cd.ke.com/ershoufang/20011217710100134451.html,首创爱这城一二期,https://cd.ke.com/xiaoqu/3011053205624/,低楼层(共33层),2009年建,1室1厅,64.46平米,南,0,2月前发布
5849,2017年次新房跃层，套三双卫，精装拎包入住,https://cd.ke.com/ershoufang/20011217710100133281.html,恒大豪庭,https://cd.ke.com/xiaoqu/1620030260294428/,高楼层(共44层),2017年建,3室2厅,136.29平米,南东南,7,2月前发布
5850,交通便利，户型方正，楼层好，三通，采光充足,https://cd.ke.com/ershoufang/20031217710100255033.html,经典再现,https://cd.ke.com/xiaoqu/1611061351514/,中楼层(共20层),2010年建,2室2厅,53.6平米,东北,0,今天发布
5851,花照壁小区一期1室1厅南,https://cd.ke.com/ershoufang/20031217710100248663.html,花照壁小区一期,https://cd.ke.com/xiaoqu/1611047668089/,中楼层(共7层),1998年建,1室1厅,53.93平米,南,0,今天发布
5852,华侨城纯水岸三期2室1厅南,https://cd.ke.com/ershoufang/20031217710100248088.html,华侨城纯水岸三期,https://cd.ke.com/xiaoqu/1611058087600/,高楼层(共33层),2013年建,2室1厅,73.34平米,南,0,今天发布
5853,西景花园2室1厅东南,https://cd.ke.com/ershoufang/20031217710100237074.html,西景花园,https://cd.ke.com/xiaoqu/3011053383736/,中楼层(共9层),2004年建,2室1厅,60平米,东南,0,今天发布
5854,金璐天下2室1厅东南,https://cd.ke.com/ershoufang/20031217710100155740.html,金璐天下,https://cd.ke.com/xiaoqu/1611061509327/,低楼层(共31层),2010年建,2室1厅,81.64平米,东南,0,今天发布
5855,华侨城东岸一期前后带花园，有装修，拎包入住,https://cd.ke.com/ershoufang/20031217710100150763.html,华侨城东岸一期,https://cd.ke.com/xiaoqu/1611063614968/,低楼层(共4层),2011年建,3室2厅,147.09平米,东南,0,今天发布
5856,金沙美邻丽锦苑1室1厅东南,https://cd.ke.com/ershoufang/20031217710100151099.html,金沙美邻丽锦苑,https://cd.ke.com/xiaoqu/3011053930906/,高楼层(共6层),2008年建,1室1厅,47.82平米,东南,0,今天发布
5857,沙河源上金府2室1厅南,https://cd.ke.com/ershoufang/20031217710100149783.html,沙河源上金府,https://cd.ke.com/xiaoqu/3011053824237/,中楼层(共22层),2009年建,2室1厅,88.49平米,南,0,今天发布
5858,瑞西小区3室1厅南,https://cd.ke.com/ershoufang/20031217710100137744.html,瑞西小区,https://cd.ke.com/xiaoqu/3011053453727/,低楼层(共7层)3室1厅,93.74平米,南,,,0,今天发布
5859,新上房源套二精装修，拎包入住，中间楼层采光好!!!,https://cd.ke.com/ershoufang/20031217710100122234.html,富丽碧蔓汀,https://cd.ke.com/xiaoqu/3011056057833/,中楼层(共21层),2009年建,2室1厅,64.21平米,东南,0,今天发布
5860,一环内标准套三，不临街，交通方便！,https://cd.ke.com/ershoufang/20031217710100121795.html,花牌坊公寓,https://cd.ke.com/xiaoqu/3011052662695/,高楼层(共7层),2004年建,3室2厅,115.76平米,西北,3,今天发布
5861,映日荷花标准大套三，不临街~~~,https://cd.ke.com/ershoufang/20031217710100120668.html,映日荷花,https://cd.ke.com/xiaoqu/3011053820608/,低楼层(共18层),2009年建,3室1厅,131.67平米,东南,0,今天发布
5862,中间楼层标准套二，户型方正，采光好。,https://cd.ke.com/ershoufang/20031217710100122585.html,抚琴西路南一巷1号,https://cd.ke.com/xiaoqu/3011054748035/,高楼层(共6层),2000年建,2室1厅,60.16平米,东南,0,今天发布
5863,宽窄巷子旁，次新房，标准套一，交通方便,https://cd.ke.com/ershoufang/20031217710100116165.html,锦芙蓉,https://cd.ke.com/xiaoqu/1610139557702703/,低楼层(共33层),2014年建,1室1厅,60.84平米,西北,0,今天发布
5864,金牛万达A组团2室1厅东,https://cd.ke.com/ershoufang/20031217710100118235.html,金牛万达A组团,https://cd.ke.com/xiaoqu/1611061058668/,高楼层(共32层),2012年建,2室1厅,73.5平米,东,0,今天发布
5865,瑞升城北橡树林1室1厅东南,https://cd.ke.com/ershoufang/20031217710100111892.html,瑞升城北橡树林,https://cd.ke.com/xiaoqu/167012733955410/,高楼层(共22层),2017年建,1室1厅,37.45平米,东南,0,今天发布
5866,锦城花园4室2厅东南,https://cd.ke.com/ershoufang/20031217710100109113.html,锦城花园,https://cd.ke.com/xiaoqu/1611048662406/,低楼层(共11层),2005年建,4室2厅,222.79平米,东南,1,今天发布
5867,金牛万达，中间楼层，小套二出售。,https://cd.ke.com/ershoufang/20031217710100106490.html,金牛万达A组团,https://cd.ke.com/xiaoqu/1611061058668/,中楼层(共32层),2012年建,2室1厅,60.44平米,东东南南,0,今天发布
5868,羊犀立交内蜀汉路幸福枫景小高层套四出售,https://cd.ke.com/ershoufang/20031117710100228977.html,幸福枫景,https://cd.ke.com/xiaoqu/1611058233503/,中楼层(共11层),2001年建,4室1厅,155.83平米,东北,4,今天发布
5869,银沙横街6号+标准套一+中间楼层采光好,https://cd.ke.com/ershoufang/20031117710100228426.html,银沙横街6号院,https://cd.ke.com/xiaoqu/1611047701031/,中楼层(共7层)1室1厅,39.29平米,东南,,,0,今天发布
5870,恒大西锦城5室2厅西北,https://cd.ke.com/ershoufang/20031117710100226047.html,恒大西锦城,https://cd.ke.com/xiaoqu/1611059186624/,高楼层(共29层),2013年建,5室2厅,253.5平米,西北,0,今天发布
5871,长福苑2室1厅东南,https://cd.ke.com/ershoufang/20031117710100214927.html,长福苑,https://cd.ke.com/xiaoqu/1611047692085/,低楼层(共6层),2004年建,2室1厅,59.89平米,东南,1,今天发布
5872,格林尚元丽舍1室1厅北,https://cd.ke.com/ershoufang/20031117710100214829.html,格林尚元丽舍,https://cd.ke.com/xiaoqu/1611060281234/,高楼层(共20层),2007年建,1室1厅,65.36平米,北,0,今天发布
5873,2.5环优质好房，装修保养好。看房方便,https://cd.ke.com/ershoufang/20031117710100212235.html,水韵天府,https://cd.ke.com/xiaoqu/3011053805067/,中楼层(共22层),2006年建,2室1厅,83平米,东南,0,今天发布
5874,一环内2017年次新房精装对中庭,https://cd.ke.com/ershoufang/20031117710100211323.html,西锦国际三期,https://cd.ke.com/xiaoqu/1620020801710254/,低楼层(共29层),2018年建,1室1厅,48.09平米,南,0,今天发布
5875,益民苑2室1厅南,https://cd.ke.com/ershoufang/20031117710100212372.html,益民苑,https://cd.ke.com/xiaoqu/3011055270333/,中楼层(共7层),1998年建,2室1厅,73.74平米,南,0,今天发布
5876,正成拉斐0室1厅东,https://cd.ke.com/ershoufang/20031117710100209431.html,正成拉斐,https://cd.ke.com/xiaoqu/1611059202930/,地下室(共层)0室1厅,35.07平米,东,,,0,今天发布
5877,圃园路6号院2室1厅东南,https://cd.ke.com/ershoufang/20031117710100208710.html,圃园路6号院,https://cd.ke.com/xiaoqu/1611061288350/,中楼层(共7层),2000年建,2室1厅,85.69平米,东南,0,今天发布
5878,佳美榕苑3室2厅东南,https://cd.ke.com/ershoufang/20031117710100192466.html,佳美榕苑,https://cd.ke.com/xiaoqu/1611047601934/,高楼层(共7层),2003年建,3室2厅,130.46平米,东南,0,今天发布
5879,保利堂悦4室2厅东,https://cd.ke.com/ershoufang/20031117710100190871.html,保利堂悦,https://cd.ke.com/xiaoqu/1620023068273156/,高楼层(共27层),2019年建,4室2厅,151平米,东,1,今天发布
5880,户型方正，采光好，一环边，地铁口旁,https://cd.ke.com/ershoufang/20031117710100182522.html,金牛万达C组团,https://cd.ke.com/xiaoqu/1611061059984/,中楼层(共32层),2012年建,2室2厅,71.06平米,南,1,今天发布
5881,锦西国际通气跃层套二房子有钥匙随时看,https://cd.ke.com/ershoufang/20031117710100184450.html,锦西国际,https://cd.ke.com/xiaoqu/1611047665350/,高楼层(共22层),2008年建,2室1厅,27.88平米,东,1,今天发布
5882,一环内2017年次新房精装修对中庭,https://cd.ke.com/ershoufang/20031117710100184817.html,西锦国际三期,https://cd.ke.com/xiaoqu/1620020801710254/,低楼层(共29层),2018年建,1室1厅,45.6平米,南,0,今天发布
5883,金都花园有装修电梯套三双卫位置安静,https://cd.ke.com/ershoufang/20031117710100189471.html,金都花园,https://cd.ke.com/xiaoqu/1611047922702/,高楼层(共11层),2003年建,3室2厅,163.25平米,东北,0,今天发布
5884,燕宇康品2室2厅东南,https://cd.ke.com/ershoufang/20031117710100180870.html,燕宇康品,https://cd.ke.com/xiaoqu/3011055662928/,中楼层(共26层),2009年建,2室2厅,88.4平米,东南,0,今天发布
5885,新熙门2室1厅东南,https://cd.ke.com/ershoufang/20031117710100174784.html,新熙门,https://cd.ke.com/xiaoqu/1611060366082/,中楼层(共32层),2012年建,2室1厅,73.59平米,东南,0,今天发布
5886,抚琴西苑北区2室1厅南,https://cd.ke.com/ershoufang/20031117710100173968.html,抚琴西苑北区,https://cd.ke.com/xiaoqu/3011054772838/,低楼层(共6层),1995年建,2室1厅,75.22平米,南,0,今天发布
5887,标准套二，带大阳台，.采光好，视野开阔。,https://cd.ke.com/ershoufang/20031117710100171556.html,阳曦芙蓉城,https://cd.ke.com/xiaoqu/3011054860008/,中楼层(共17层),2009年建,2室1厅,83.01平米,东南,0,今天发布
5888,金沙美邻丽雅苑1室1厅东南,https://cd.ke.com/ershoufang/20031117710100161149.html,金沙美邻丽雅苑,https://cd.ke.com/xiaoqu/3011053933070/,低楼层(共6层),2008年建,1室1厅,43.99平米,东南,0,今天发布
5889,精装套三单卫高楼层户型方正,https://cd.ke.com/ershoufang/20031117710100152966.html,华侨城原岸,https://cd.ke.com/xiaoqu/1611061493025/,高楼层(共34层),2014年建,3室1厅,89.63平米,东东南,0,今天发布
5890,大院人家套一改套二有装修有阳台,https://cd.ke.com/ershoufang/20031117710100152654.html,大院人家,https://cd.ke.com/xiaoqu/1611061506100/,高楼层(共6层),2004年建,2室1厅,62.42平米,西南,0,今天发布
5891,新都会中楼层套三，中楼层，前后不临街,https://cd.ke.com/ershoufang/20031117710100150596.html,金牛新都会,https://cd.ke.com/xiaoqu/1611047645315/,低楼层(共37层),2013年建,3室2厅,83.22平米,南,1,今天发布
5892,福兴苑(金牛)2室1厅东南,https://cd.ke.com/ershoufang/20031117710100149915.html,福兴苑(金牛),https://cd.ke.com/xiaoqu/3011054780854/,中楼层(共6层),1998年建,2室1厅,63.5平米,东南,1,今天发布
5893,太阳门2室2厅西南,https://cd.ke.com/ershoufang/20031117710100143798.html,太阳门,https://cd.ke.com/xiaoqu/1611041883306/,中楼层(共12层),2005年建,2室2厅,66.93平米,西南,2,今天发布
5894,低楼层套三前后不临街近一品天下地铁口,https://cd.ke.com/ershoufang/20031117710100144679.html,惠民苑(金牛),https://cd.ke.com/xiaoqu/3011055244769/,低楼层(共7层),2000年建,3室1厅,89.52平米,西南,0,今天发布
5895,二环内中楼层，采光好，安静不临街，小区整改过,https://cd.ke.com/ershoufang/20031117710100135937.html,营和街66号,https://cd.ke.com/xiaoqu/3011053607803/,中楼层(共7层),1996年建,2室1厅,57.69平米,东,0,今天发布
5896,西体路新二村1室1厅南,https://cd.ke.com/ershoufang/20031117710100134860.html,西体路新二村,https://cd.ke.com/xiaoqu/3011054724710/,中楼层(共7层),1991年建,1室1厅,47.84平米,南,0,今天发布
5897,抚琴西路小区精装修标准套二,https://cd.ke.com/ershoufang/20031117710100134199.html,抚琴西路南一巷1号,https://cd.ke.com/xiaoqu/3011054748035/,高楼层(共6层),2000年建,2室1厅,54平米,东南,0,今天发布
5898,金牛区营门口二环边银沙横街6号标准套三,https://cd.ke.com/ershoufang/20031117710100128030.html,银沙横街6号院,https://cd.ke.com/xiaoqu/1611047701031/,高楼层(共7层)3室1厅,66.03平米,东东南,,,0,今天发布
5899,标准套二，户型方正，采光好，简单装修。,https://cd.ke.com/ershoufang/20031117710100129224.html,两河锦地,https://cd.ke.com/xiaoqu/1611061096672/,高楼层(共18层),2009年建,2室1厅,84.52平米,东南,0,今天发布
5900,安居苑+标准套二+带装修+带阳台,https://cd.ke.com/ershoufang/20031117710100129526.html,安居苑(金牛),https://cd.ke.com/xiaoqu/3011053933563/,中楼层(共7层),1998年建,2室1厅,69.67平米,东南,0,今天发布
5901,欣民苑3室2厅西南南,https://cd.ke.com/ershoufang/20031117710100126912.html,欣民苑,https://cd.ke.com/xiaoqu/1611041872904/,低楼层(共7层),2001年建,3室2厅,126.23平米,西南南,0,今天发布
5902,一环边电梯房套三，房屋精装，房东急出售，价格可谈,https://cd.ke.com/ershoufang/20031117710100126310.html,南玻公寓,https://cd.ke.com/xiaoqu/3011054909565/,中楼层(共18层),1996年建,3室1厅,152.82平米,南,0,今天发布
5903,标准套三，顶跃，带双花园，明厨明卫，居家装修。,https://cd.ke.com/ershoufang/20031117710100126011.html,明阳家在回廊,https://cd.ke.com/xiaoqu/1611057888858/,高楼层(共6层)3室1厅,103.46平米,东南,,,1,今天发布
5904,交大北园交通方便，户型好。。。,https://cd.ke.com/ershoufang/20031117710100125650.html,交大北园,https://cd.ke.com/xiaoqu/1611047109218/,高楼层(共7层),1998年建,2室1厅,54平米,南,0,今天发布
5905,西线阳光2室1厅东南,https://cd.ke.com/ershoufang/20031117710100118583.html,西线阳光,https://cd.ke.com/xiaoqu/3011054776444/,中楼层(共18层),2007年建,2室1厅,80.77平米,东南,0,今天发布
5906,二环路西三段181号2室1厅东南,https://cd.ke.com/ershoufang/20031117710100118359.html,二环路西三段181号,https://cd.ke.com/xiaoqu/1620026387549071/,低楼层(共7层),2000年建,2室1厅,59.86平米,东南,0,今天发布
5907,金牛区沙河源上金府套三精装双卫拎包入住，房主诚心售,https://cd.ke.com/ershoufang/20031117710100116160.html,沙河源上金府,https://cd.ke.com/xiaoqu/3011053824237/,中楼层(共22层),2009年建,3室1厅,129.7平米,北,0,今天发布
5908,三洞桥路20号2室1厅东,https://cd.ke.com/ershoufang/20031117710100117298.html,三洞桥路20号,https://cd.ke.com/xiaoqu/1611100655599/,中楼层(共7层),1997年建,2室1厅,99.25平米,东,0,今天发布
5909,户型好，通透，采光好，装修清爽干净，三阳台,https://cd.ke.com/ershoufang/20031117710100120671.html,蓝光花满庭一期,https://cd.ke.com/xiaoqu/3011053734625/,中楼层(共21层),2009年建,2室2厅,71.23平米,东北,1,今天发布
5910,中间楼层，主卧带大阳台，采光好，紧挨地铁口,https://cd.ke.com/ershoufang/20031117710100122797.html,外曹家巷28号,https://cd.ke.com/xiaoqu/3011053880882/,中楼层(共7层),1998年建,2室2厅,81.7平米,东南,0,今天发布
5911,水电气三通民用，带一个大平台，面积在100平左右,https://cd.ke.com/ershoufang/20031117710100121099.html,高家庄赞城,https://cd.ke.com/xiaoqu/3011054747489/,低楼层(共21层)2室1厅,51.7平米,东南,,,0,今天发布
5912,青房天韵华庭1室0厅东,https://cd.ke.com/ershoufang/20031117710100113880.html,青房天韵华庭,https://cd.ke.com/xiaoqu/1611061098088/,地下室(共1层),2013年建,1室0厅,34.94平米,东,0,今天发布
5913,万科金域西岭2室2厅东北,https://cd.ke.com/ershoufang/20031117710100111442.html,万科金域西岭,https://cd.ke.com/xiaoqu/1611058825282/,低楼层(共35层),2012年建,2室2厅,90.85平米,东北,0,今天发布
5914,好房!好房！好房！标准套二，户型方正。,https://cd.ke.com/ershoufang/20031117710100109726.html,一品天下C区,https://cd.ke.com/xiaoqu/1611060367406/,高楼层(共9层),2007年建,2室1厅,75.89平米,南,2,今天发布
5915,二环内标准单间，安静居家，生活便利,https://cd.ke.com/ershoufang/20031117710100109220.html,光荣市场公寓,https://cd.ke.com/xiaoqu/1611060882546/,高楼层(共7层),2000年建,1室0厅,27.22平米,东,0,今天发布
5916,产权登记时间满2年带2个阳台，居家装修带家电家具出售,https://cd.ke.com/ershoufang/20031117710100107916.html,蓝光花满庭一期,https://cd.ke.com/xiaoqu/3011053734625/,低楼层(共21层),2009年建,2室2厅,77.73平米,南,1,今天发布
5917,现小区单价低的优质房源，可预约看房,https://cd.ke.com/ershoufang/20031117710100105221.html,金房央座,https://cd.ke.com/xiaoqu/1611047613861/,低楼层(共20层),2010年建,2室2厅,81.45平米,西南,0,今天发布
5918,华宇西城雅郡3室2厅东南,https://cd.ke.com/ershoufang/20031117710100105092.html,华宇西城雅郡,https://cd.ke.com/xiaoqu/1611063168012/,高楼层(共18层),2017年建,3室2厅,76.49平米,东南,1,今天发布
5919,龙门镇一期对中庭套一有装修,https://cd.ke.com/ershoufang/20031017710100216980.html,龙门镇,https://cd.ke.com/xiaoqu/3011053919910/,中楼层(共33层),2013年建,2室1厅,55.31平米,东,0,2天前发布
5920,西宸原著御景3室2厅东南,https://cd.ke.com/ershoufang/20031017710100212856.html,西宸原著御景,https://cd.ke.com/xiaoqu/1620021526413414/,中楼层(共33层),2019年建,3室2厅,102.42平米,东南,0,2天前发布
5921,华润品质楼盘户型方正套三双卫,https://cd.ke.com/ershoufang/20031017710100212177.html,华润银杏华庭,https://cd.ke.com/xiaoqu/1611061212112/,中楼层(共20层),2012年建,3室1厅,90.82平米,南,3,2天前发布
5922,三洞桥路16号2室1厅西,https://cd.ke.com/ershoufang/20031017710100212295.html,三洞桥路16号,https://cd.ke.com/xiaoqu/1610593725066699/,高楼层(共6层)2室1厅,46.1平米,西,,,0,2天前发布
5923,凯丽标准套三双卫，户型方正，明厨明卫，采光充足,https://cd.ke.com/ershoufang/20031017710100210274.html,凯丽豪景,https://cd.ke.com/xiaoqu/3011053425970/,中楼层(共32层),2008年建,3室2厅,115.6平米,东南,0,2天前发布
5924,翡翠海湾2室1厅东南,https://cd.ke.com/ershoufang/20031017710100210170.html,翡翠海湾,https://cd.ke.com/xiaoqu/3011054117736/,高楼层(共18层),2008年建,2室1厅,94平米,东南,1,2天前发布
5925,青房尚瑞天韵2室1厅南,https://cd.ke.com/ershoufang/20031017710100209718.html,青房尚瑞天韵,https://cd.ke.com/xiaoqu/1611058920240/,高楼层(共26层),2009年建,2室1厅,89.69平米,南,11,2天前发布
5926,风林假日+套二+有装修+客厅带阳台+看房方便,https://cd.ke.com/ershoufang/20031017710100208493.html,风林假日,https://cd.ke.com/xiaoqu/1611059173688/,中楼层(共6层),2003年建,2室2厅,79.89平米,南,0,2天前发布
5927,精装套三，家具家电齐全，采光平均,https://cd.ke.com/ershoufang/20031017710100208519.html,泉水人家,https://cd.ke.com/xiaoqu/1611062027450/,高楼层(共6层)3室2厅,104.86平米,南,,,0,2天前发布
5928,西香纪2室2厅西南,https://cd.ke.com/ershoufang/20031017710100207955.html,西香纪,https://cd.ke.com/xiaoqu/1611059694844/,低楼层(共17层),2010年建,2室2厅,87.55平米,西南,1,2天前发布
5929,户型方正采光好，对公园环境优雅，交通方便，,https://cd.ke.com/ershoufang/20031017710100206955.html,九里园,https://cd.ke.com/xiaoqu/3011053921658/,中楼层(共7层),1998年建,3室1厅,104.21平米,南,0,2天前发布
5930,和睦人家一二期2室1厅东南,https://cd.ke.com/ershoufang/20031017710100199677.html,和睦人家一二期,https://cd.ke.com/xiaoqu/1611047357902/,中楼层(共6层),2002年建,2室1厅,77.5平米,东南,0,2天前发布
5931,芙华新大陆3室1厅西南,https://cd.ke.com/ershoufang/20031017710100197216.html,芙华新大陆,https://cd.ke.com/xiaoqu/1611060732182/,高楼层(共11层),2006年建,3室1厅,115.04平米,西南,1,2天前发布
5932,金牛万达A组团2室1厅东南,https://cd.ke.com/ershoufang/20031017710100192183.html,金牛万达A组团,https://cd.ke.com/xiaoqu/1611061058668/,中楼层(共32层),2012年建,2室1厅,71.43平米,东南,0,2天前发布
5933,此房满两年，可以减免增值税，保养采光好,https://cd.ke.com/ershoufang/20031017710100191434.html,千和茗居,https://cd.ke.com/xiaoqu/1611061515667/,低楼层(共6层),2003年建,3室1厅,126平米,东南,1,2天前发布
5934,丽景湾2室2厅西,https://cd.ke.com/ershoufang/20031017710100190599.html,丽景湾,https://cd.ke.com/xiaoqu/3011053936753/,中楼层(共7层)2室2厅,97.78平米,西,,,0,2天前发布
5935,万科品质地铁口小区环境良好装修保养好拎包入住,https://cd.ke.com/ershoufang/20031017710100185355.html,万科金域西岭,https://cd.ke.com/xiaoqu/1611058825282/,中楼层(共35层),2012年建,2室2厅,90.63平米,西南,0,2天前发布
5936,青羊东一路68号4室1厅南,https://cd.ke.com/ershoufang/20031017710100185948.html,青羊东一路68号,https://cd.ke.com/xiaoqu/3011055577024/,低楼层(共7层),1990年建,4室1厅,41.21平米,南,0,2天前发布
5937,小区标准套四，客厅阳台，中间楼层前后中庭，户型方正,https://cd.ke.com/ershoufang/20031017710100182036.html,白鸽岛尚,https://cd.ke.com/xiaoqu/3011054730875/,中楼层(共19层),2008年建,3室2厅,120.08平米,南,5,2天前发布
5938,九里西苑2室1厅东南,https://cd.ke.com/ershoufang/20031017710100181419.html,九里西苑,https://cd.ke.com/xiaoqu/1611047077136/,高楼层(共6层),2002年建,2室1厅,83.61平米,东南,1,2天前发布
5939,金琴路小区简装套三中间楼层,https://cd.ke.com/ershoufang/20031017710100179858.html,金琴路南二巷2号,https://cd.ke.com/xiaoqu/3011053935176/,中楼层(共7层),1997年建,2室2厅,83.39平米,东南,1,2天前发布
5940,二环内，不临街，小区环境好,https://cd.ke.com/ershoufang/20031017710100176815.html,加州壹号,https://cd.ke.com/xiaoqu/1611060376917/,高楼层(共13层),2009年建,1室0厅,36.57平米,东南,0,2天前发布
5941,金牛万达居家小套二出售.....,https://cd.ke.com/ershoufang/20031017710100171853.html,金牛万达A组团,https://cd.ke.com/xiaoqu/1611061058668/,高楼层(共32层),2012年建,2室1厅,59.8平米,南,0,2天前发布
5942,西体路新二村1室1厅南,https://cd.ke.com/ershoufang/20031017710100169959.html,西体路新二村,https://cd.ke.com/xiaoqu/3011054724710/,中楼层(共7层)1室1厅,45.32平米,南,,,0,2天前发布
5943,房子标准套二朝南正对泉水社区,https://cd.ke.com/ershoufang/20031017710100167345.html,蓝光花满庭一期,https://cd.ke.com/xiaoqu/3011053734625/,高楼层(共21层),2009年建,2室1厅,77.58平米,南,0,2天前发布
5944,龙门镇二期标准2房客厅带阳台装修保养好,https://cd.ke.com/ershoufang/20031017710100158976.html,龙门镇二期,https://cd.ke.com/xiaoqu/3011053977876/,低楼层(共33层),2013年建,2室2厅,67.49平米,东北,3,2天前发布
5945,金牛花园1室0厅东南,https://cd.ke.com/ershoufang/20031017710100160094.html,金牛花园,https://cd.ke.com/xiaoqu/3011055302543/,地下室(共1层),2009年建,1室0厅,36.01平米,东南,0,2天前发布
5946,蜀汉路标准套三安静不临街优质房源,https://cd.ke.com/ershoufang/20031017710100156453.html,绿杨新邨,https://cd.ke.com/xiaoqu/3011053933674/,低楼层(共18层),2002年建,3室2厅,125.55平米,东南,0,2天前发布
5947,西西里一期2室1厅西南,https://cd.ke.com/ershoufang/20031017710100150079.html,西西里一期,https://cd.ke.com/xiaoqu/1611058067102/,高楼层(共33层),2008年建,2室1厅,84.28平米,西南,1,2天前发布
5948,香木林加州国际+带装修套一家具家电齐全。,https://cd.ke.com/ershoufang/20031017710100149565.html,香木林加州国际,https://cd.ke.com/xiaoqu/1611047338092/,中楼层(共18层),2009年建,1室1厅,43.56平米,东南,0,2天前发布
5949,兴元绿洲一期2室2厅东南,https://cd.ke.com/ershoufang/20031017710100149636.html,兴元绿洲一期,https://cd.ke.com/xiaoqu/1611041885209/,高楼层(共22层),2007年建,2室2厅,90.54平米,东南,0,2天前发布
5950,梁家巷平福巷李家沱三号线标准套二,https://cd.ke.com/ershoufang/20031017710100144342.html,平福巷6号小区,https://cd.ke.com/xiaoqu/3011055839188/,中楼层(共7层),1998年建,2室1厅,58.98平米,东南,3,2天前发布
5951,解放路，平福巷6号，低层套二，户型方正,https://cd.ke.com/ershoufang/20031017710100143633.html,平福巷6号小区,https://cd.ke.com/xiaoqu/3011055839188/,低楼层(共7层),1998年建,2室1厅,61.45平米,东南,0,2天前发布
5952,紫桂花园4室1厅东南,https://cd.ke.com/ershoufang/20031017710100142563.html,紫桂花园,https://cd.ke.com/xiaoqu/1611041886686/,高楼层(共6层),2006年建,4室1厅,133平米,东南,0,2天前发布
5953,为民路新七号简单套二，看房提前联系。,https://cd.ke.com/ershoufang/20031017710100140455.html,为民路新7号,https://cd.ke.com/xiaoqu/3011055269335/,高楼层(共7层),1994年建,2室1厅,52平米,南北,0,2天前发布
5954,西体路新二村2室2厅南,https://cd.ke.com/ershoufang/20031017710100137390.html,西体路新二村,https://cd.ke.com/xiaoqu/3011054724710/,低楼层(共7层),1991年建,2室2厅,89平米,南,0,2天前发布
5955,保利学府城3室2厅北,https://cd.ke.com/ershoufang/20031017710100128211.html,保利学府城,https://cd.ke.com/xiaoqu/1612036038733556/,高楼层(共31层),2018年建,3室2厅,96平米,北,0,2天前发布
5956,格林尚元丽舍1室1厅东南,https://cd.ke.com/ershoufang/20031017710100125744.html,格林尚元丽舍,https://cd.ke.com/xiaoqu/1611060281234/,高楼层(共20层),2007年建,1室1厅,61.27平米,东南,0,2天前发布
5957,西城公馆2室1厅东北,https://cd.ke.com/ershoufang/20031017710100114334.html,西城公馆,https://cd.ke.com/xiaoqu/1611041922936/,中楼层(共30层),2009年建,2室1厅,88.31平米,东北,0,2天前发布
5958,科泰公寓一环边标准套二户型方正,https://cd.ke.com/ershoufang/20031017710100111759.html,科泰公寓,https://cd.ke.com/xiaoqu/3011056248165/,高楼层(共7层),2004年建,2室1厅,98平米,南,0,2天前发布
5959,凯德旁，标准套二，户型方正，中间楼层，采光好！,https://cd.ke.com/ershoufang/20031017710100108750.html,交桂一巷11号,https://cd.ke.com/xiaoqu/1611047619682/,高楼层(共7层),1999年建,2室1厅,73.8平米,东南,0,2天前发布
5960,华侨城原岸，东南朝向，精装套三，带玄关。,https://cd.ke.com/ershoufang/20031017710100105833.html,华侨城原岸,https://cd.ke.com/xiaoqu/1611061493025/,高楼层(共34层),2014年建,3室2厅,113.92平米,东南,1,2天前发布
5961,华侨城原岸2室1厅南,https://cd.ke.com/ershoufang/20031017710100104381.html,华侨城原岸,https://cd.ke.com/xiaoqu/1611061493025/,中楼层(共30层),2017年建,2室1厅,88平米,南,0,2天前发布
5962,华侨城原岸2室1厅南,https://cd.ke.com/ershoufang/20031017710100104189.html,华侨城原岸,https://cd.ke.com/xiaoqu/1611061493025/,中楼层(共30层),2017年建,2室1厅,88平米,南,0,2天前发布
5963,瑞安城中汇3室2厅东南,https://cd.ke.com/ershoufang/20031017710100103018.html,瑞安城中汇,https://cd.ke.com/xiaoqu/1611064006367/,低楼层(共31层),2015年建,3室2厅,155.68平米,东南,0,2天前发布
5964,蜀汉路千和茗居一室一厅有装修,https://cd.ke.com/ershoufang/20031017710100102992.html,千和茗居,https://cd.ke.com/xiaoqu/1611061515667/,高楼层(共6层),2003年建,1室1厅,45.03平米,西南,1,2天前发布
5965,清水套一朝北通风好交通出行方便基础配套设施齐全,https://cd.ke.com/ershoufang/20031017710100101767.html,泉水人家二期B区,https://cd.ke.com/xiaoqu/3011053756859/,中楼层(共16层),2011年建,1室1厅,62平米,北,0,2天前发布
5966,一品天下地铁口，多层套二，不临街,https://cd.ke.com/ershoufang/20030917710100181183.html,益民苑,https://cd.ke.com/xiaoqu/3011055270333/,高楼层(共7层),1998年建,2室2厅,81.05平米,东南南西南,0,3天前发布
5967,西锦国际三期小套二地铁5号线E出口清水出售,https://cd.ke.com/ershoufang/20030917710100176382.html,西锦国际三期,https://cd.ke.com/xiaoqu/1620020801710254/,中楼层(共29层),2018年建,2室1厅,52.53平米,东东南,1,3天前发布
5968,文殊院北极星花园安静装修好视野佳,https://cd.ke.com/ershoufang/20030917710100176095.html,中房北极星花园,https://cd.ke.com/xiaoqu/166986511692080/,高楼层(共29层),2016年建,1室1厅,47.69平米,北,0,3天前发布
5969,蜀兴南街3号2室1厅东南,https://cd.ke.com/ershoufang/20030917710100168922.html,蜀兴南街3号,https://cd.ke.com/xiaoqu/1611061371307/,中楼层(共7层),2000年建,2室1厅,95平米,东南,0,3天前发布
5970,西门二环边蜀汉路欧尚自主中庭三居双卫,https://cd.ke.com/ershoufang/20030917710100167984.html,锦汇花园,https://cd.ke.com/xiaoqu/3011053413709/,中楼层(共9层),2001年建,3室2厅,118.55平米,西北,0,3天前发布
5971,正成拉斐+婚房装修+西南朝向+对中庭+安静不吵,https://cd.ke.com/ershoufang/20030917710100155880.html,正成拉斐,https://cd.ke.com/xiaoqu/1611059202930/,中楼层(共18层),2012年建,3室2厅,86.52平米,东南,4,3天前发布
5972,一环内，满两年，标准套二带阳台，采光好。,https://cd.ke.com/ershoufang/20030917710100157750.html,泰丰御园,https://cd.ke.com/xiaoqu/3011053928734/,高楼层(共31层),2012年建,2室1厅,89.79平米,东,1,3天前发布
5973,水韵天府双阳台套二，中庭，带装修,https://cd.ke.com/ershoufang/20030917710100155944.html,水韵天府,https://cd.ke.com/xiaoqu/3011053805067/,低楼层(共22层),2006年建,2室1厅,83.72平米,东,15,3天前发布
5974,绿地世纪城居家套二，安静不吵，居住舒适,https://cd.ke.com/ershoufang/20030917710100158851.html,绿地世纪城,https://cd.ke.com/xiaoqu/3011053997428/,中楼层(共21层),2016年建,2室1厅,70.94平米,西,3,3天前发布
5975,现代福满苑A区1室1厅东,https://cd.ke.com/ershoufang/20030917710100153936.html,现代福满苑A区,https://cd.ke.com/xiaoqu/3011055532741/,高楼层(共6层),2006年建,1室1厅,45.59平米,东,0,3天前发布
5976,东原亲亲里精装套二对中庭，户型方正采光好,https://cd.ke.com/ershoufang/20030917710100151059.html,东原亲亲里,https://cd.ke.com/xiaoqu/1611062687228/,低楼层(共21层),2015年建,2室2厅,68.38平米,西南,3,3天前发布
5977,抚琴西路南一巷2号3室1厅西南,https://cd.ke.com/ershoufang/20030917710100148741.html,抚琴西路南一巷2号,https://cd.ke.com/xiaoqu/3011054748823/,高楼层(共7层),2000年建,3室1厅,70.9平米,西南,3,3天前发布
5978,一环路北一段270号1室1厅东南,https://cd.ke.com/ershoufang/20030917710100150319.html,一环路北一段270号,https://cd.ke.com/xiaoqu/3011055237260/,低楼层(共6层),1995年建,1室1厅,44.92平米,东南,0,3天前发布
5979,九里小区2室1厅东,https://cd.ke.com/ershoufang/20030917710100146182.html,九里小区,https://cd.ke.com/xiaoqu/3011053932302/,高楼层(共6层),2000年建,2室1厅,71.6平米,东,2,3天前发布
5980,泉水东苑A区1室1厅南,https://cd.ke.com/ershoufang/20030917710100142883.html,泉水东苑A区,https://cd.ke.com/xiaoqu/1611061320085/,高楼层(共17层),2014年建,1室1厅,50.17平米,南,0,3天前发布
5981,龙门镇客厅带阳台对中庭套二精装修,https://cd.ke.com/ershoufang/20030917710100139140.html,龙门镇,https://cd.ke.com/xiaoqu/3011053919910/,高楼层(共33层),2013年建,2室2厅,88.8平米,东,5,3天前发布
5982,标准套二，交通便利，客厅有阳台，通透户型。,https://cd.ke.com/ershoufang/20030917710100141113.html,西城公馆,https://cd.ke.com/xiaoqu/1611041922936/,高楼层(共30层),2009年建,2室1厅,85.12平米,西南,12,3天前发布
5983,抚琴西南路7号3室1厅南北,https://cd.ke.com/ershoufang/20030917710100134197.html,抚琴西南路7号,https://cd.ke.com/xiaoqu/3011055542557/,高楼层(共7层),1996年建,3室1厅,68平米,南北,0,3天前发布
5984,金牛花园大套三可做套四户型通透采光好对中庭,https://cd.ke.com/ershoufang/20030917710100133382.html,金牛花园,https://cd.ke.com/xiaoqu/3011055302543/,中楼层(共17层),2009年建,3室2厅,138.36平米,南,0,3天前发布
5985,两河锦地+不临街+户型方正+有装修,https://cd.ke.com/ershoufang/20030917710100131471.html,两河锦地,https://cd.ke.com/xiaoqu/1611061096672/,低楼层(共18层),2009年建,2室2厅,88.62平米,东南,0,3天前发布
5986,楼层好视野开阔采光足清水房,https://cd.ke.com/ershoufang/20030917710100125623.html,蓝光中央天地,https://cd.ke.com/xiaoqu/1620028612492293/,高楼层(共23层)1室0厅,32.23平米,东南,,,0,3天前发布
5987,蓝光金悦金沙标准小套三，户型方正,https://cd.ke.com/ershoufang/20030917710100121295.html,蓝光金悦金沙,https://cd.ke.com/xiaoqu/1611100027115/,高楼层(共20层),2017年建,3室2厅,88平米,南,0,3天前发布
5988,铁路新村3室1厅东南,https://cd.ke.com/ershoufang/20030917710100120416.html,铁路新村,https://cd.ke.com/xiaoqu/1611057697982/,高楼层(共7层)3室1厅,86.62平米,东南,,,0,3天前发布
5989,金牛区一环路内中医附院旁精装标准套一,https://cd.ke.com/ershoufang/20030917710100117150.html,青羊西路2号院,https://cd.ke.com/xiaoqu/1611060915510/,高楼层(共7层),1986年建,1室1厅,40平米,东南,7,3天前发布
5990,欧波罗1室1厅南北,https://cd.ke.com/ershoufang/20030917710100117269.html,欧波罗,https://cd.ke.com/xiaoqu/1611047724495/,高楼层(共10层)1室1厅,41.48平米,南北,,,0,3天前发布
5991,两河锦地新上优质套二的房源，临公园，视野宽广。,https://cd.ke.com/ershoufang/20030917710100116544.html,两河锦地,https://cd.ke.com/xiaoqu/1611061096672/,高楼层(共18层),2009年建,2室1厅,77.9平米,南北,0,3天前发布
5992,青房尚瑞天韵装修套二预约看房,https://cd.ke.com/ershoufang/20030917710100117068.html,青房尚瑞天韵,https://cd.ke.com/xiaoqu/1611058920240/,低楼层(共26层),2009年建,2室1厅,89.93平米,西南,0,3天前发布
5993,抚琴西南路4号2室1厅南,https://cd.ke.com/ershoufang/20030917710100109497.html,抚琴西南路4号,https://cd.ke.com/xiaoqu/3011054749567/,高楼层(共7层),1998年建,2室1厅,58.46平米,南,0,3天前发布
5994,工人村2室1厅南,https://cd.ke.com/ershoufang/20030917710100110030.html,工人村,https://cd.ke.com/xiaoqu/3011054400416/,低楼层(共6层),1995年建,2室1厅,51.81平米,南,3,3天前发布
5995,工人村2室1厅南,https://cd.ke.com/ershoufang/20030917710100112320.html,工人村,https://cd.ke.com/xiaoqu/3011054400416/,低楼层(共6层),1995年建,2室1厅,55平米,南,0,3天前发布
5996,工人村2室1厅南,https://cd.ke.com/ershoufang/20030917710100109784.html,工人村,https://cd.ke.com/xiaoqu/3011054400416/,低楼层(共6层),1995年建,2室1厅,42.45平米,南,5,3天前发布
5997,工人村2室1厅南,https://cd.ke.com/ershoufang/20030917710100111870.html,工人村,https://cd.ke.com/xiaoqu/3011054400416/,低楼层(共6层),1995年建,2室1厅,51.46平米,南,1,3天前发布
5998,华润银杏华庭3室1厅东南,https://cd.ke.com/ershoufang/20030917710100110770.html,华润银杏华庭,https://cd.ke.com/xiaoqu/1611061212112/,高楼层(共20层),2012年建,3室1厅,103.28平米,东南,0,3天前发布
5999,金沙美邻丽雅苑2室1厅东南,https://cd.ke.com/ershoufang/20030917710100101183.html,金沙美邻丽雅苑,https://cd.ke.com/xiaoqu/3011053933070/,高楼层(共6层),2008年建,2室1厅,61.33平米,东南,1,3天前发布
6000,一品天下地铁口中间楼层采光好,https://cd.ke.com/ershoufang/20030817710100214251.html,惠民苑(金牛),https://cd.ke.com/xiaoqu/3011055244769/,低楼层(共7层),2000年建,2室1厅,77.14平米,东南,0,4天前发布
6001,一环内宽窄巷子景区旁，临地铁，出行方便，标准套二,https://cd.ke.com/ershoufang/20030817710100304154.html,西安中路一巷35号,https://cd.ke.com/xiaoqu/1611061272177/,低楼层(共7层)2室1厅,271.65平米,东南,,,0,4天前发布
6002,西岸观邸中层简单装修套5小跃层,https://cd.ke.com/ershoufang/20030817710100303314.html,西岸观邸,https://cd.ke.com/xiaoqu/3011055647387/,中楼层(共32层),2013年建,5室2厅,126.74平米,西北,3,4天前发布
6003,新桥逸景新上标准电梯套二，户型方正采光好,https://cd.ke.com/ershoufang/20030817710100210866.html,新桥逸景B区,https://cd.ke.com/xiaoqu/1611047368901/,中楼层(共23层),2010年建,2室1厅,80.84平米,东南,8,4天前发布
6004,标准套三，中间楼层，精装修采光好,https://cd.ke.com/ershoufang/20030817710100208699.html,二环路北一段205号,https://cd.ke.com/xiaoqu/1611047679657/,中楼层(共7层),2000年建,3室1厅,80.74平米,东南,0,4天前发布
6005,锦城苑套三有装修有阳台采光好,https://cd.ke.com/ershoufang/20030817710100300732.html,锦城苑(金牛),https://cd.ke.com/xiaoqu/3011054831219/,中楼层(共7层),1999年建,3室2厅,131.58平米,东南,0,4天前发布
6006,绿地世纪城1室1厅北,https://cd.ke.com/ershoufang/20030817710100300846.html,绿地世纪城,https://cd.ke.com/xiaoqu/3011053997428/,低楼层(共18层),2016年建,1室1厅,50平米,北,0,4天前发布
6007,装修套二+采光好+有钥匙+对中庭+朝向好,https://cd.ke.com/ershoufang/20030817710100203957.html,两河锦地,https://cd.ke.com/xiaoqu/1611061096672/,低楼层(共18层),2009年建,2室1厅,86.29平米,东南,0,4天前发布
6008,此房户型方正，对中庭。满两年无增值税，可直接入住。,https://cd.ke.com/ershoufang/20030817710100203510.html,绿地世纪城,https://cd.ke.com/xiaoqu/3011053997428/,低楼层(共20层),2016年建,3室1厅,86.5平米,南,2,4天前发布
6009,西城公馆3室2厅东北,https://cd.ke.com/ershoufang/20030817710100203328.html,西城公馆,https://cd.ke.com/xiaoqu/1611041922936/,高楼层(共30层),2009年建,3室2厅,129.52平米,东北,4,4天前发布
6010,标准套二，户型方正，精致三楼，居家装修保养好,https://cd.ke.com/ershoufang/20030817710100195995.html,抚琴东南路1号,https://cd.ke.com/xiaoqu/1611061576268/,中楼层(共7层),2001年建,2室1厅,54平米,东,7,4天前发布
6011,一环边，地铁口，电梯套二，带书房,https://cd.ke.com/ershoufang/20030817710100197550.html,燕宇康品,https://cd.ke.com/xiaoqu/3011055662928/,中楼层(共26层),2009年建,3室1厅,98.67平米,西,4,4天前发布
6012,满两年，精装修.顶楼带花园。电梯小高层，,https://cd.ke.com/ershoufang/20030817710100198778.html,润扬金沙30度,https://cd.ke.com/xiaoqu/1611062507899/,高楼层(共12层),2013年建,4室2厅,157平米,东南,0,4天前发布
6013,金牛区远洋朗郡套三双卫高楼层诚心出售。,https://cd.ke.com/ershoufang/20030817710100194672.html,远洋朗郡,https://cd.ke.com/xiaoqu/1611061580219/,高楼层(共17层),2012年建,3室2厅,102.63平米,东南,3,4天前发布
6014,嘉州华府标间，电梯房，户型方正采光好，安静不临街,https://cd.ke.com/ershoufang/20030817710100192212.html,嘉洲华府,https://cd.ke.com/xiaoqu/3011055379183/,中楼层(共7层),2003年建,1室0厅,32.28平米,东北,0,4天前发布
6015,标准套二，采光好，自住出租都可以,https://cd.ke.com/ershoufang/20030817710100178829.html,蓝光花满庭一期,https://cd.ke.com/xiaoqu/3011053734625/,高楼层(共21层),2009年建,2室2厅,76.4平米,西,2,4天前发布
6016,绿地世纪城音乐公园旁精装套一带花园,https://cd.ke.com/ershoufang/20030817710100177615.html,绿地世纪城,https://cd.ke.com/xiaoqu/3011053997428/,低楼层(共21层),2016年建,1室1厅,53平米,东,4,4天前发布
6017,顶峰水岸汇景3室2厅东南,https://cd.ke.com/ershoufang/20030817710100177725.html,顶峰水岸汇景,https://cd.ke.com/xiaoqu/1611047297139/,高楼层(共33层),2016年建,3室2厅,118.42平米,东南,5,4天前发布
6018,低楼层，大户型，套三双卫,https://cd.ke.com/ershoufang/20030817710100174619.html,金沙巷16号,https://cd.ke.com/xiaoqu/3011055250705/,低楼层(共7层),2000年建,3室2厅,114.2平米,南,2,4天前发布
6019,交桂巷8号院2室1厅东南,https://cd.ke.com/ershoufang/20030817710100169581.html,交桂巷8号院,https://cd.ke.com/xiaoqu/1611047349496/,高楼层(共7层),1998年建,2室1厅,62.56平米,东南,0,4天前发布
6020,营中巷32号2室1厅南西南,https://cd.ke.com/ershoufang/20030817710100176228.html,营中巷32号,https://cd.ke.com/xiaoqu/3011054830950/,中楼层(共7层),1995年建,2室1厅,58.12平米,南西南,1,4天前发布
6021,香山苑3室1厅南,https://cd.ke.com/ershoufang/20030817710100172556.html,香山苑,https://cd.ke.com/xiaoqu/1611059035169/,高楼层(共23层),2007年建,3室1厅,90.34平米,南,0,4天前发布
6022,蜀汉路边上多层2楼出行方便有装修,https://cd.ke.com/ershoufang/20030817710100158257.html,西丽苑,https://cd.ke.com/xiaoqu/1611058690654/,低楼层(共7层),2000年建,2室1厅,87.53平米,南,4,4天前发布
6023,交大九期低楼层套三+错层设计+精装修,https://cd.ke.com/ershoufang/20030817710100158018.html,交大智能九期,https://cd.ke.com/xiaoqu/1611047302496/,低楼层(共6层),2004年建,3室2厅,129.07平米,东南,10,4天前发布
6024,一品天下黄忠小区低楼层套二房东诚心出售,https://cd.ke.com/ershoufang/20030817710100158668.html,益民苑,https://cd.ke.com/xiaoqu/3011055270333/,低楼层(共7层),1998年建,2室2厅,73.74平米,东南,2,4天前发布
6025,东原亲亲里，清水出售，中间楼层，采光好，对中庭,https://cd.ke.com/ershoufang/20030817710100161464.html,东原亲亲里,https://cd.ke.com/xiaoqu/1611062687228/,中楼层(共19层),2015年建,3室1厅,82.25平米,东南,1,4天前发布
6026,锦西国际套二有装修采光好空置，，需要购房资格,https://cd.ke.com/ershoufang/20030817710100157261.html,锦西国际,https://cd.ke.com/xiaoqu/1611047665350/,中楼层(共22层),2008年建,2室1厅,53.77平米,东,9,4天前发布
6027,西安中路一巷35号2室1厅东,https://cd.ke.com/ershoufang/20030817710100156696.html,西安中路一巷35号,https://cd.ke.com/xiaoqu/1611061272177/,低楼层(共7层)2室1厅,52.61平米,东,,,2,4天前发布
6028,西1.5环，低楼层，户型方正，精装修标准2室2厅,https://cd.ke.com/ershoufang/20030817710100156344.html,金琴路南一巷1号,https://cd.ke.com/xiaoqu/3011053935468/,低楼层(共7层),1998年建,2室2厅,70.12平米,东南,0,4天前发布
6029,金府银座2室1厅南北,https://cd.ke.com/ershoufang/20030817710100155243.html,金府银座,https://cd.ke.com/xiaoqu/1611047761222/,高楼层(共21层),2007年建,2室1厅,95平米,南北,0,4天前发布
6030,居然小区2室1厅东北,https://cd.ke.com/ershoufang/20030817710100148089.html,居然小区,https://cd.ke.com/xiaoqu/1611061401241/,中楼层(共24层),2012年建,2室1厅,60.23平米,东北,3,4天前发布
6031,千和馨城标准套二户型格局好简单装修,https://cd.ke.com/ershoufang/20030817710100147836.html,千和馨城,https://cd.ke.com/xiaoqu/1611047973574/,中楼层(共12层),2006年建,2室2厅,67.56平米,东北,10,4天前发布
6032,金科北路地铁口刚需套二，户型方正，明厨明卫,https://cd.ke.com/ershoufang/20030817710100150150.html,国宾时光汇,https://cd.ke.com/xiaoqu/1611063528626/,低楼层(共21层),2015年建,2室1厅,78.73平米,东南,9,4天前发布
6033,金牛花园精装套二，家具齐全，可拎包入住,https://cd.ke.com/ershoufang/20030817710100138757.html,金牛花园,https://cd.ke.com/xiaoqu/3011055302543/,低楼层(共17层),2009年建,2室2厅,90.73平米,南北,0,4天前发布
6034,该车位位置好就这单元门口一盘子都可以进库产权车位,https://cd.ke.com/ershoufang/20030817710100136955.html,两河锦地,https://cd.ke.com/xiaoqu/1611061096672/,地下室(共层)1室0厅,43.75平米,东南,,,0,4天前发布
6035,锦西国际套一有装修看房方便,https://cd.ke.com/ershoufang/20030817710100135959.html,锦西国际,https://cd.ke.com/xiaoqu/1611047665350/,中楼层(共22层),2008年建,1室0厅,33平米,南,0,4天前发布
6036,赞城2栋住宅对中庭，套三单卫客厅阳台的户型，带装修,https://cd.ke.com/ershoufang/20030817710100131924.html,高家庄赞城,https://cd.ke.com/xiaoqu/3011054747489/,中楼层(共25层),2014年建,3室2厅,86.48平米,西南,10,4天前发布
6037,华侨城原岸3室2厅南,https://cd.ke.com/ershoufang/20030817710100134678.html,华侨城原岸,https://cd.ke.com/xiaoqu/1611061493025/,中楼层(共30层),2018年建,3室2厅,124.19平米,南,3,4天前发布
6038,海滨苑2室2厅南,https://cd.ke.com/ershoufang/20030817710100130695.html,海滨苑,https://cd.ke.com/xiaoqu/1620029598581159/,高楼层(共6层)2室2厅,78.68平米,南,,,0,4天前发布
6039,阳曦芙蓉城1室0厅西南,https://cd.ke.com/ershoufang/20030817710100130110.html,阳曦芙蓉城,https://cd.ke.com/xiaoqu/3011054860008/,低楼层(共1层)1室0厅,32.09平米,西南,,,0,4天前发布
6040,府河边多层套二带阳台简单装修,https://cd.ke.com/ershoufang/20030817710100128583.html,星辉东路6号,https://cd.ke.com/xiaoqu/1611059676221/,高楼层(共7层),2000年建,2室2厅,75.82平米,东南,0,4天前发布
6041,沙河公园旁，进门带入户，采光视野好,https://cd.ke.com/ershoufang/20030817710100127230.html,水韵天府,https://cd.ke.com/xiaoqu/3011053805067/,中楼层(共22层),2006年建,2室1厅,91.38平米,西北,2,4天前发布
6042,西岸观邸新上套二，楼层好，采光好。,https://cd.ke.com/ershoufang/20030817710100120252.html,西岸观邸,https://cd.ke.com/xiaoqu/3011055647387/,低楼层(共30层),2013年建,2室1厅,84.22平米,南,0,4天前发布
6043,解颐路17号老式套三户型方正采光充足位置安静,https://cd.ke.com/ershoufang/20030817710100124288.html,解颐路17号,https://cd.ke.com/xiaoqu/3011054763818/,高楼层(共6层)3室0厅,62.5平米,南,,,0,4天前发布
6044,凯丽豪景2室1厅东南,https://cd.ke.com/ershoufang/20030817710100124316.html,凯丽豪景,https://cd.ke.com/xiaoqu/3011053425970/,中楼层(共30层),2008年建,2室1厅,61.76平米,东南,0,4天前发布
6045,金沙美邻雅苑星河路上适合居住,https://cd.ke.com/ershoufang/20030817710100121368.html,金沙美邻丽雅苑,https://cd.ke.com/xiaoqu/3011053933070/,中楼层(共6层),2008年建,3室1厅,97平米,东南,2,4天前发布
6046,晓初公寓(金牛)2室2厅南,https://cd.ke.com/ershoufang/20030817710100122540.html,晓初公寓(金牛),https://cd.ke.com/xiaoqu/3011056096444/,中楼层(共7层),2000年建,2室2厅,92.75平米,南,0,4天前发布
6047,房子位于中楼层，视野开阔无遮挡，二环边出行方便。,https://cd.ke.com/ershoufang/20030817710100118784.html,府河路苑,https://cd.ke.com/xiaoqu/3011054063638/,中楼层(共18层),2012年建,2室2厅,77.87平米,东南,1,4天前发布
6048,城市博客套二房源，采光好，户型方正。,https://cd.ke.com/ershoufang/20030817710100117239.html,城市博客阳光里,https://cd.ke.com/xiaoqu/1611059263182/,高楼层(共22层),2009年建,2室1厅,89.9平米,西南,8,4天前发布
6049,楼龄新，环境优美，有装修，小套三，东南朝向对中庭,https://cd.ke.com/ershoufang/20030817710100114267.html,高家庄赞城,https://cd.ke.com/xiaoqu/3011054747489/,低楼层(共23层),2014年建,3室2厅,63平米,南,1,4天前发布
6050,一环内小区环境安静，交通便利，配套成熟，适合居住。,https://cd.ke.com/ershoufang/20030817710100111679.html,马鞍北路28号,https://cd.ke.com/xiaoqu/3011054454463/,低楼层(共7层),2000年建,2室1厅,66.7平米,东南,0,4天前发布
6051,西城映画客厅带阳台对小区中庭安静不临街,https://cd.ke.com/ershoufang/20030817710100113385.html,西城映画,https://cd.ke.com/xiaoqu/1611060953144/,中楼层(共4层),2004年建,3室2厅,151.78平米,东南,0,4天前发布
6052,佳美榕苑，标准套三，不临街，低楼层，小区环境好。,https://cd.ke.com/ershoufang/20030817710100108591.html,佳美榕苑,https://cd.ke.com/xiaoqu/1611047601934/,中楼层(共6层),2003年建,3室2厅,106平米,南北,0,4天前发布
6053,交大智能四期1室0厅东南,https://cd.ke.com/ershoufang/20030817710100112490.html,交大智能四期,https://cd.ke.com/xiaoqu/1611047303497/,高楼层(共7层),2001年建,1室0厅,36.87平米,东南,4,4天前发布
6054,锦西国际1室0厅南,https://cd.ke.com/ershoufang/20030817710100107986.html,锦西国际,https://cd.ke.com/xiaoqu/1611047665350/,中楼层(共22层),2008年建,1室0厅,32.61平米,南,0,4天前发布
6055,花牌坊地铁5号线花牌坊街站安静保养好户型正,https://cd.ke.com/ershoufang/20030817710100104280.html,西锦国际一期,https://cd.ke.com/xiaoqu/3011052224164/,高楼层(共23层),2009年建,1室1厅,48.79平米,东南,0,4天前发布
6056,该房朝南对公园业主诚心出售有大车位负一楼单元门口,https://cd.ke.com/ershoufang/20030817710100103674.html,两河锦地,https://cd.ke.com/xiaoqu/1611061096672/,中楼层(共18层),2009年建,2室2厅,86.5平米,南,5,4天前发布
6057,金科苑简装套三视野好对中庭,https://cd.ke.com/ershoufang/20030717710100225075.html,金科苑中街106号,https://cd.ke.com/xiaoqu/3011055324345/,高楼层(共6层),2007年建,3室1厅,89.89平米,东南,2,5天前发布
6058,商品房，套二改套三，，保养好，拎包入住,https://cd.ke.com/ershoufang/20030717710100223217.html,三友小区,https://cd.ke.com/xiaoqu/1611047108301/,中楼层(共7层),1999年建,3室1厅,99.92平米,南,0,5天前发布
6059,低楼层带花园，标准套二，户型方正，权属清晰,https://cd.ke.com/ershoufang/20030717710100222756.html,文华路4号,https://cd.ke.com/xiaoqu/3011055605960/,低楼层(共6层),1994年建,2室1厅,68平米,东南,2,5天前发布
6060,次新房两居室客带阳空间布局合理采光好,https://cd.ke.com/ershoufang/20030717710100220555.html,华侨城原岸,https://cd.ke.com/xiaoqu/1611061493025/,低楼层(共30层),2017年建,2室2厅,84平米,东南,2,5天前发布
6061,户型方正，朝南，精装修直接拎包入住,https://cd.ke.com/ershoufang/20030717710100220461.html,蓝光花满庭一期,https://cd.ke.com/xiaoqu/3011053734625/,高楼层(共21层),2009年建,2室1厅,77.87平米,南,0,5天前发布
6062,安静不吵+有装修保养好+户型通透,https://cd.ke.com/ershoufang/20030717710100218393.html,国宾时光汇,https://cd.ke.com/xiaoqu/1611063528626/,中楼层(共21层),2015年建,3室1厅,87.69平米,东南,2,5天前发布
6063,金科苑中街54号3室2厅东南,https://cd.ke.com/ershoufang/20030717710100204781.html,金科苑中街54号,https://cd.ke.com/xiaoqu/3011055320618/,中楼层(共6层),2007年建,3室2厅,89.81平米,东南,0,5天前发布
6064,金牛区2.2环龙湖品质小区总价极低套二,https://cd.ke.com/ershoufang/20030717710100207885.html,龙湖北城天街二期,https://cd.ke.com/xiaoqu/1611059622292/,中楼层(共23层),2013年建,2室1厅,80.17平米,北,0,5天前发布
6065,现代福满苑A区标准套一，户型方正，配套齐全,https://cd.ke.com/ershoufang/20030717710100204240.html,现代福满苑A区,https://cd.ke.com/xiaoqu/3011055532741/,低楼层(共6层),2006年建,1室1厅,45.59平米,南,1,5天前发布
6066,曦城套一带书房房东自己在住保养很不错,https://cd.ke.com/ershoufang/20030717710100204666.html,曦城,https://cd.ke.com/xiaoqu/3011054858227/,高楼层(共33层),2009年建,1室1厅,49.89平米,北,0,5天前发布
6067,中医学院单位房，套三简单装修，中间楼层,https://cd.ke.com/ershoufang/20030717710100204330.html,银杏路7号,https://cd.ke.com/xiaoqu/3011055590877/,中楼层(共6层)2室1厅,56.4平米,南,,,0,5天前发布
6068,清水洋房，自由装修，带前后花园，120平米地下室,https://cd.ke.com/ershoufang/20030717710100216950.html,华侨城东岸一期,https://cd.ke.com/xiaoqu/1611063614968/,低楼层(共4层),2011年建,4室2厅,151.61平米,东南,1,5天前发布
6069,青羊东一路68号2室1厅南,https://cd.ke.com/ershoufang/20030717710100193243.html,青羊东一路68号,https://cd.ke.com/xiaoqu/3011055577024/,低楼层(共7层),1990年建,2室1厅,51平米,南,2,5天前发布
6070,西岸观邸2室1厅东南,https://cd.ke.com/ershoufang/20030717710100196941.html,西岸观邸,https://cd.ke.com/xiaoqu/3011055647387/,低楼层(共30层),2013年建,2室1厅,87.92平米,东南,2,5天前发布
6071,标准套二，户型方正，自住装修，采光良好,https://cd.ke.com/ershoufang/20030717710100198991.html,西城丽景,https://cd.ke.com/xiaoqu/3011054775525/,高楼层(共18层),2009年建,2室2厅,79平米,东南,0,5天前发布
6072,5号线地铁口刚需套二价格便宜,https://cd.ke.com/ershoufang/20030717710100194464.html,泉水人家二期B区,https://cd.ke.com/xiaoqu/3011053756859/,中楼层(共16层),2011年建,2室1厅,68平米,南北,2,5天前发布
6073,西岸观邸3室1厅东南,https://cd.ke.com/ershoufang/20030717710100190319.html,西岸观邸,https://cd.ke.com/xiaoqu/3011055647387/,中楼层(共32层),2013年建,3室1厅,92.62平米,东南,0,5天前发布
6074,二环边，交通便利，精装电梯房，标准套二,https://cd.ke.com/ershoufang/20030717710100188620.html,一品荷花,https://cd.ke.com/xiaoqu/3011056102021/,低楼层(共18层),2008年建,2室2厅,79.49平米,东,4,5天前发布
6075,配套设施齐全，交通便利，视野无遮挡，采光好。。..,https://cd.ke.com/ershoufang/20030717710100183872.html,金沙上城,https://cd.ke.com/xiaoqu/1611041876155/,高楼层(共6层),2006年建,1室1厅,46.55平米,南,1,5天前发布
6076,仁和迎宾卧室带阳台东南朝向产权满2年,https://cd.ke.com/ershoufang/20030717710100179870.html,仁和迎宾,https://cd.ke.com/xiaoqu/1611059200641/,中楼层(共23层),2012年建,2室1厅,66.15平米,南北,0,5天前发布
6077,恒大西锦城3室1厅西南,https://cd.ke.com/ershoufang/20030717710100174858.html,恒大西锦城,https://cd.ke.com/xiaoqu/1611059186624/,低楼层(共29层),2012年建,3室1厅,123.07平米,西南,1,5天前发布
6078,此房满2年，中间楼层，带阳台，户型方正,https://cd.ke.com/ershoufang/20030717710100174540.html,兴元绿洲一期,https://cd.ke.com/xiaoqu/1611041885209/,中楼层(共22层),2007年建,1室1厅,45.56平米,东北,1,5天前发布
6079,明阳家在回廊套三双卫跃层带花园,https://cd.ke.com/ershoufang/20030717710100172798.html,明阳家在回廊,https://cd.ke.com/xiaoqu/1611057888858/,高楼层(共7层),2002年建,3室1厅,101.76平米,东南,2,5天前发布
6080,欧波罗1室1厅东南,https://cd.ke.com/ershoufang/20030717710100173548.html,欧波罗,https://cd.ke.com/xiaoqu/1611047724495/,中楼层(共19层),2008年建,1室1厅,41.47平米,东南,2,5天前发布
6081,此房满2年，中间楼层，带阳台，户型方正,https://cd.ke.com/ershoufang/20030717710100174647.html,兴元绿洲一期,https://cd.ke.com/xiaoqu/1611041885209/,中楼层(共22层),2007年建,3室1厅,93.13平米,东北,4,5天前发布
6082,第一园2室1厅东南,https://cd.ke.com/ershoufang/20030717710100173445.html,第一园,https://cd.ke.com/xiaoqu/1611060195825/,高楼层(共18层),2007年建,2室1厅,92平米,东南,2,5天前发布
6083,电梯套二中间楼层有装修小区环境好,https://cd.ke.com/ershoufang/20030717710100164735.html,兴元花园二期,https://cd.ke.com/xiaoqu/1611058540281/,中楼层(共9层),2003年建,2室1厅,81.73平米,南,2,5天前发布
6084,天悦城居家三居室可拎包入住看房方便,https://cd.ke.com/ershoufang/20030717710100170680.html,天悦城,https://cd.ke.com/xiaoqu/1611063533871/,低楼层(共33层),2015年建,3室2厅,107.26平米,北,2,5天前发布
6085,西城上域3室2厅东南,https://cd.ke.com/ershoufang/20030717710100159929.html,西城上域,https://cd.ke.com/xiaoqu/1611060906786/,低楼层(共18层),2012年建,3室2厅,123平米,东南,2,5天前发布
6086,居然小区套二+有装修+有采光+中间楼层+跃层+户型方正,https://cd.ke.com/ershoufang/20030717710100153457.html,居然小区,https://cd.ke.com/xiaoqu/1611061401241/,中楼层(共24层),2012年建,2室2厅,89.66平米,东南,0,5天前发布
6087,房子标准套二，户型漂亮，采光好。,https://cd.ke.com/ershoufang/20030717710100155595.html,泉水人家三期A区,https://cd.ke.com/xiaoqu/1611061596681/,低楼层(共6层)2室2厅,68.31平米,东南,,,0,5天前发布
6088,国际物业，次新小区，沙河边。,https://cd.ke.com/ershoufang/20030717710100152346.html,瑞安城中汇,https://cd.ke.com/xiaoqu/1611064006367/,低楼层(共29层),2015年建,2室1厅,87.61平米,东南,0,5天前发布
6089,远洋朗郡3室2厅东南,https://cd.ke.com/ershoufang/20030717710100146390.html,远洋朗郡,https://cd.ke.com/xiaoqu/1611061580219/,高楼层(共17层),2012年建,3室2厅,108.36平米,东南,0,5天前发布
6090,幸福屋语1室1厅南,https://cd.ke.com/ershoufang/20030717710100143949.html,幸福屋语,https://cd.ke.com/xiaoqu/1611043025370/,低楼层(共15层),2006年建,1室1厅,46.88平米,南,1,5天前发布
6091,站西桥西街22号2室1厅东南,https://cd.ke.com/ershoufang/20030717710100139594.html,站西桥西街22号,https://cd.ke.com/xiaoqu/1620025938272081/,中楼层(共7层)2室1厅,64.36平米,东南,,,10,5天前发布
6092,五福佳苑2室1厅南北,https://cd.ke.com/ershoufang/20030717710100137039.html,五福佳苑,https://cd.ke.com/xiaoqu/1620026213479576/,高楼层(共15层)2室1厅,58平米,南北,,,0,5天前发布
6093,客厅带阳台居家三室安静不吵采光好,https://cd.ke.com/ershoufang/20030717710100136332.html,华侨城纯水岸二期,https://cd.ke.com/xiaoqu/1611058082282/,高楼层(共30层),2010年建,3室2厅,90平米,南,0,5天前发布
6094,海天名阁3室2厅西,https://cd.ke.com/ershoufang/20030717710100137465.html,海天名阁,https://cd.ke.com/xiaoqu/1611063690794/,高楼层(共6层)3室2厅,102.1平米,西,,,3,5天前发布
6095,西岸观邸茶店子地铁口优质房源出售,https://cd.ke.com/ershoufang/20030717710100135249.html,西岸观邸,https://cd.ke.com/xiaoqu/3011055647387/,低楼层(共32层),2013年建,3室2厅,93平米,东南,1,5天前发布
6096,华侨城原岸2室1厅东南,https://cd.ke.com/ershoufang/20030717710100131722.html,华侨城原岸,https://cd.ke.com/xiaoqu/1611061493025/,低楼层(共30层),2017年建,2室1厅,82.68平米,东南,0,5天前发布
6097,华侨城原岸2室2厅东南,https://cd.ke.com/ershoufang/20030717710100127678.html,华侨城原岸,https://cd.ke.com/xiaoqu/1611061493025/,低楼层(共30层),2017年建,2室2厅,82.68平米,东南,0,5天前发布
6098,平福巷6号优质套二户型方正,https://cd.ke.com/ershoufang/20030717710100126632.html,平福巷6号小区,https://cd.ke.com/xiaoqu/3011055839188/,高楼层(共7层),1998年建,2室1厅,66.17平米,东南,1,5天前发布
6099,华宇锦城名都+标准套二+户型方正+朝南,https://cd.ke.com/ershoufang/20030717710100126758.html,锦城名都,https://cd.ke.com/xiaoqu/1611047296454/,低楼层(共33层),2008年建,2室1厅,60.91平米,东南,9,5天前发布
6100,西线阳光标准套三中间楼层对中庭,https://cd.ke.com/ershoufang/20030717710100121958.html,西线阳光,https://cd.ke.com/xiaoqu/3011054776444/,中楼层(共18层),2007年建,3室2厅,127.39平米,东南,4,5天前发布
6101,二环边多层套二出售交通便利生活配套成熟,https://cd.ke.com/ershoufang/20030717710100113298.html,外化成五里墩东二巷10号,https://cd.ke.com/xiaoqu/1613243220504171/,中楼层(共7层)2室1厅,68平米,东南,,,0,5天前发布
6102,沙河源街道川建社区2室2厅南,https://cd.ke.com/ershoufang/20030717710100120844.html,沙河源街道川建社区,https://cd.ke.com/xiaoqu/1611953462324584/,高楼层(共7层),1989年建,2室2厅,74.52平米,南,0,5天前发布
6103,此房是以前公安局的单位房，安静不临街,https://cd.ke.com/ershoufang/20030717710100117416.html,马家花园路9号,https://cd.ke.com/xiaoqu/3011054711888/,低楼层(共7层),1997年建,3室1厅,99.1平米,南北,1,5天前发布
6104,益民苑2室2厅南,https://cd.ke.com/ershoufang/20030717710100112432.html,益民苑,https://cd.ke.com/xiaoqu/3011055270333/,中楼层(共7层),1998年建,2室2厅,80.88平米,南,0,5天前发布
6105,此房满两年，无增值税，不临街。,https://cd.ke.com/ershoufang/20030717710100103244.html,金桔花园二期北苑,https://cd.ke.com/xiaoqu/1611047337801/,低楼层(共7层),2000年建,3室2厅,95.85平米,东南,1,5天前发布
6106,金璐天下1室0厅东南,https://cd.ke.com/ershoufang/20030717710100101252.html,金璐天下,https://cd.ke.com/xiaoqu/1611061509327/,中楼层(共31层),2010年建,1室0厅,39.6平米,东南,0,5天前发布
6107,锦西国际2室1厅北,https://cd.ke.com/ershoufang/20030717710100100215.html,锦西国际,https://cd.ke.com/xiaoqu/1611047665350/,高楼层(共22层),2008年建,2室1厅,32.97平米,北,0,5天前发布
6108,金牛国宾高家庄赞城户型方正,https://cd.ke.com/ershoufang/20030617710100206022.html,高家庄赞城,https://cd.ke.com/xiaoqu/3011054747489/,中楼层(共22层)1室1厅,48.77平米,东南,,,0,6天前发布
6109,交大智能二期中间楼层套二居室，户型通透，,https://cd.ke.com/ershoufang/20030617710100202963.html,交大智能二期,https://cd.ke.com/xiaoqu/1611047302033/,中楼层(共6层),2000年建,2室2厅,92.73平米,东东南,3,6天前发布
6110,府河一号4室2厅北,https://cd.ke.com/ershoufang/20030617710100200871.html,府河一号,https://cd.ke.com/xiaoqu/1611060438699/,低楼层(共18层)4室2厅,154平米,北,,,1,6天前发布
6111,恒业星园2室2厅东,https://cd.ke.com/ershoufang/20030617710100194670.html,恒业星园,https://cd.ke.com/xiaoqu/1611059780988/,中楼层(共18层),2008年建,2室2厅,85.34平米,东,1,6天前发布
6112,尚锦城3室1厅东东南,https://cd.ke.com/ershoufang/20030617710100192840.html,尚锦城,https://cd.ke.com/xiaoqu/3011055773221/,中楼层(共22层),2007年建,3室1厅,87.78平米,东东南,1,6天前发布
6113,金牛万达a组团精装套二出售户型方正邻近地铁,https://cd.ke.com/ershoufang/20030617710100191741.html,金牛万达A组团,https://cd.ke.com/xiaoqu/1611061058668/,中楼层(共32层),2012年建,2室2厅,72.27平米,东南,2,6天前发布
6114,沙河源上金府3室1厅东南,https://cd.ke.com/ershoufang/20030617710100191028.html,沙河源上金府,https://cd.ke.com/xiaoqu/3011053824237/,低楼层(共22层)3室1厅,89.08平米,东南,,,2,6天前发布
6115,标准套三通风好安静不临街带楼顶花园,https://cd.ke.com/ershoufang/20030617710100192445.html,百寿巷2号,https://cd.ke.com/xiaoqu/3011055582830/,高楼层(共7层),1995年建,3室1厅,71.18平米,南北,18,6天前发布
6116,2.5环外侧套一双阳台可直接入住,https://cd.ke.com/ershoufang/20030617710100175645.html,三九绿城,https://cd.ke.com/xiaoqu/3011053792139/,低楼层(共22层),2008年建,1室1厅,50.55平米,东,0,6天前发布
6117,户型方正，双阳台，精装修，中间楼层，采光好,https://cd.ke.com/ershoufang/20030617710100170411.html,蓝光花满庭一期,https://cd.ke.com/xiaoqu/3011053734625/,中楼层(共20层),2009年建,2室2厅,66.7平米,东南,0,6天前发布
6118,蜀汉路旁，交通方便，标准的电梯房,https://cd.ke.com/ershoufang/20030617710100167820.html,上品优空间,https://cd.ke.com/xiaoqu/3011053934942/,中楼层(共11层),2006年建,1室1厅,39.6平米,东南,0,6天前发布
6119,百寿路白果林小区，精装套三，中间楼层，安静不临街,https://cd.ke.com/ershoufang/20030617710100172296.html,杏苑公寓,https://cd.ke.com/xiaoqu/3011055590864/,中楼层(共7层),2000年建,3室1厅,98.58平米,东,4,6天前发布
6120,云景豪庭的相关信息以及基本介绍。,https://cd.ke.com/ershoufang/20030617710100171392.html,云景豪庭,https://cd.ke.com/xiaoqu/3011055065942/,低楼层(共29层),2010年建,2室1厅,85.8平米,东南,0,6天前发布
6121,锦城名都，标准套二，视野开阔。,https://cd.ke.com/ershoufang/20030617710100169977.html,锦城名都,https://cd.ke.com/xiaoqu/1611047296454/,高楼层(共33层),2008年建,2室1厅,87.21平米,东南,0,6天前发布
6122,保利两河精装洋房视野开阔户型通透,https://cd.ke.com/ershoufang/20030617710100165297.html,保利两河森林,https://cd.ke.com/xiaoqu/1611063460290/,高楼层(共11层),2015年建,4室2厅,136.78平米,东南,0,6天前发布
6123,金牛万达A组团居家套二出售邻近地铁出行便利,https://cd.ke.com/ershoufang/20030617710100164343.html,金牛万达A组团,https://cd.ke.com/xiaoqu/1611061058668/,低楼层(共32层),2012年建,2室1厅,79.49平米,南,1,6天前发布
6124,1.5环，标准套二，户型方正，采光好。,https://cd.ke.com/ershoufang/20030617710100161627.html,营康路114号,https://cd.ke.com/xiaoqu/3011054884773/,中楼层(共7层),1998年建,2室1厅,82.65平米,西南,0,6天前发布
6125,西岸观邸1室0厅南,https://cd.ke.com/ershoufang/20030617710100161449.html,西岸观邸,https://cd.ke.com/xiaoqu/3011055647387/,地下室(共层),2013年建,1室0厅,32.7平米,南,1,6天前发布
6126,青羊西路2号楼顶带花园套一...........,https://cd.ke.com/ershoufang/20030617710100155133.html,青羊西路2号院,https://cd.ke.com/xiaoqu/1611060915510/,高楼层(共7层),1986年建,1室1厅,37平米,东东南,1,6天前发布
6127,二环路营门口精装修优质套二诚心出售,https://cd.ke.com/ershoufang/20030617710100160561.html,外化成五里墩中一巷11号,https://cd.ke.com/xiaoqu/1620031804676750/,中楼层(共7层),1998年建,2室1厅,76.25平米,南,0,6天前发布
6128,金牛区紧凑型小套二，户型方正无异形,https://cd.ke.com/ershoufang/20030617710100155323.html,白鸽岛尚,https://cd.ke.com/xiaoqu/3011054730875/,中楼层(共19层),2008年建,2室1厅,69.48平米,东南,0,6天前发布
6129,电梯小高层有小区环境交通方便生活配套齐全精装,https://cd.ke.com/ershoufang/20030617710100156772.html,新世界丽晶花园,https://cd.ke.com/xiaoqu/1611059163335/,中楼层(共12层),2003年建,1室0厅,45.79平米,东北,0,6天前发布
6130,此房是套一户型方正简单装修总价低,https://cd.ke.com/ershoufang/20030617710100153015.html,席草田街82号,https://cd.ke.com/xiaoqu/1615913246559856/,高楼层(共5层),2000年建,1室1厅,39.74平米,东南,0,6天前发布
6131,蓝光云鼎电梯套一两梯四户有装修,https://cd.ke.com/ershoufang/20030617710100142013.html,蓝光云鼎,https://cd.ke.com/xiaoqu/1611058501893/,高楼层(共28层),2012年建,1室1厅,56.1平米,西南,9,6天前发布
6132,交大智能八期的标准一室一厅房屋,https://cd.ke.com/ershoufang/20030617710100147814.html,交大智能八期,https://cd.ke.com/xiaoqu/1611047109099/,高楼层(共6层),2003年建,1室1厅,46.97平米,东,4,6天前发布
6133,金牛区洞子口五块石沙河源上金府套一,https://cd.ke.com/ershoufang/20030617710100140667.html,沙河源上金府,https://cd.ke.com/xiaoqu/3011053824237/,中楼层(共22层),2009年建,1室2厅,53.75平米,西南,0,6天前发布
6134,好地段小户型，户型方正，采光好,https://cd.ke.com/ershoufang/20030617710100139957.html,纯溪公寓,https://cd.ke.com/xiaoqu/1611060731940/,高楼层(共7层),2000年建,1室0厅,36.01平米,南,0,6天前发布
6135,华侨城东岸三期精装套四三卫洋房,https://cd.ke.com/ershoufang/20030617710100139235.html,华侨城东岸三期,https://cd.ke.com/xiaoqu/1611062694944/,高楼层(共4层),2015年建,4室2厅,187.36平米,东南,0,6天前发布
6136,二环外侧，7号线地铁口，标准套三,https://cd.ke.com/ershoufang/20030617710100138966.html,银沙北街91号院,https://cd.ke.com/xiaoqu/1611047401106/,高楼层(共7层),1998年建,3室1厅,66.21平米,东南,0,6天前发布
6137,和朝新居3室2厅东北,https://cd.ke.com/ershoufang/20030617710100136535.html,和朝新居,https://cd.ke.com/xiaoqu/3011053919114/,高楼层(共6层),2001年建,3室2厅,118.93平米,东北,8,6天前发布
6138,兴元绿洲一期1室1厅南,https://cd.ke.com/ershoufang/20030617710100131080.html,兴元绿洲一期,https://cd.ke.com/xiaoqu/1611041885209/,高楼层(共22层),2007年建,1室1厅,46平米,南,2,6天前发布
6139,一环内花牌坊西锦国际电梯标准套三,https://cd.ke.com/ershoufang/20030617710100128319.html,西锦国际三期,https://cd.ke.com/xiaoqu/1620020801710254/,中楼层(共29层),2018年建,3室1厅,87.98平米,东南,4,6天前发布
6140,金府大套三价格便宜小区舒适诚心出售,https://cd.ke.com/ershoufang/20030617710100127815.html,新桥逸景A区,https://cd.ke.com/xiaoqu/1611047107700/,高楼层(共6层),2008年建,3室2厅,105.12平米,东,0,6天前发布
6141,西岸观邸3室2厅东北,https://cd.ke.com/ershoufang/20030617710100127275.html,西岸观邸,https://cd.ke.com/xiaoqu/3011055647387/,低楼层(共32层),2013年建,3室2厅,93平米,东北,1,6天前发布
6142,恒大西锦城4室2厅东,https://cd.ke.com/ershoufang/20030617710100120161.html,恒大西锦城,https://cd.ke.com/xiaoqu/1611059186624/,高楼层(共29层),2012年建,4室2厅,173.94平米,东,2,6天前发布
6143,长福苑标准套一带阳台户型方正,https://cd.ke.com/ershoufang/20030617710100123478.html,长福苑,https://cd.ke.com/xiaoqu/1611047692085/,高楼层(共6层),2004年建,1室1厅,45.5平米,东南,3,6天前发布
6144,银杏路1号1室1厅东南,https://cd.ke.com/ershoufang/20030617710100123138.html,银杏路1号,https://cd.ke.com/xiaoqu/3011055587847/,低楼层(共6层),1995年建,1室1厅,55.09平米,东南,1,6天前发布
6145,青房尚瑞天韵2室1厅东南,https://cd.ke.com/ershoufang/20030617710100115953.html,青房尚瑞天韵,https://cd.ke.com/xiaoqu/1611058920240/,高楼层(共26层),2009年建,2室1厅,88.22平米,东南,3,6天前发布
6146,府河路苑1室1厅南北,https://cd.ke.com/ershoufang/20030617710100115759.html,府河路苑,https://cd.ke.com/xiaoqu/3011054063638/,低楼层(共18层),2012年建,1室1厅,59平米,南北,0,6天前发布
6147,蓝色空间蓝月6跃7户型，顶楼跃层，业主自住,https://cd.ke.com/ershoufang/20030617710100111811.html,蓝色空间蓝月,https://cd.ke.com/xiaoqu/1611047370947/,高楼层(共6层),2003年建,3室2厅,107.69平米,东南,2,6天前发布
6148,高家庄赞城2室1厅东北,https://cd.ke.com/ershoufang/20030617710100112023.html,高家庄赞城,https://cd.ke.com/xiaoqu/3011054747489/,中楼层(共21层)2室1厅,49.94平米,东北,,,0,6天前发布
6149,沙湾商寓3室1厅南,https://cd.ke.com/ershoufang/20030617710100108168.html,沙湾商寓,https://cd.ke.com/xiaoqu/3011053924775/,高楼层(共6层),1998年建,3室1厅,97.45平米,南,2,6天前发布
6150,龙湖品质楼盘精装修温馨套三,https://cd.ke.com/ershoufang/20030617710100107541.html,龙湖源著西区,https://cd.ke.com/xiaoqu/1620022012064205/,中楼层(共16层),2016年建,3室2厅,107.98平米,东南,2,6天前发布
6151,1号线韦家碾旁绿地精装修三居室中高楼层采光视野好,https://cd.ke.com/ershoufang/20030617710100105815.html,绿地世纪城,https://cd.ke.com/xiaoqu/3011053997428/,高楼层(共24层),2016年建,3室2厅,91.14平米,东,1,6天前发布
6152,标准套二，房东诚心出售。交通便利，生活配套齐全。,https://cd.ke.com/ershoufang/20030617710100104752.html,银沙正街2号,https://cd.ke.com/xiaoqu/1611041928830/,高楼层(共7层),1996年建,2室1厅,58.41平米,南,0,6天前发布
6153,百寿路中医院单位房，标准套二精装修,https://cd.ke.com/ershoufang/20030617710100104697.html,百寿路9号,https://cd.ke.com/xiaoqu/3011055579172/,高楼层(共6层),2000年建,2室1厅,63.55平米,南,3,6天前发布
6154,锦城世家1室1厅西南,https://cd.ke.com/ershoufang/20030517710100208082.html,锦城世家,https://cd.ke.com/xiaoqu/3011053926360/,高楼层(共28层),2014年建,1室1厅,48.64平米,西南,0,7天前发布
6155,万科国宾润园3室2厅东北,https://cd.ke.com/ershoufang/20030517710100205992.html,万科国宾润园,https://cd.ke.com/xiaoqu/169186808704446/,低楼层(共18层)3室2厅,100.44平米,东北,,,0,7天前发布
6156,金牛区花牌坊大街高楼层电梯房跃层采光好户型方正,https://cd.ke.com/ershoufang/20030517710100203324.html,单飞鑫雅苑,https://cd.ke.com/xiaoqu/1611061008939/,高楼层(共8层),2009年建,1室1厅,54.61平米,东南,0,7天前发布
6157,小户型套二，近地铁，低楼层，安静宜居,https://cd.ke.com/ershoufang/20030517710100202772.html,东方公司宿舍,https://cd.ke.com/xiaoqu/3011055539393/,低楼层(共7层),1997年建,2室1厅,56.86平米,南,0,7天前发布
6158,绿地世纪城标准套二，户型方正，位置安静，诚心出售。,https://cd.ke.com/ershoufang/20030517710100201233.html,绿地世纪城,https://cd.ke.com/xiaoqu/3011053997428/,高楼层(共21层),2016年建,2室1厅,70.94平米,西,4,7天前发布
6159,西城首峻3室1厅东南,https://cd.ke.com/ershoufang/20030517710100199340.html,西城首峻,https://cd.ke.com/xiaoqu/1611060913293/,低楼层(共33层),2009年建,3室1厅,89.6平米,东南,2,7天前发布
6160,2.5环内花满庭对中挺大套二有装修交通便利,https://cd.ke.com/ershoufang/20030517710100197923.html,蓝光花满庭一期,https://cd.ke.com/xiaoqu/3011053734625/,低楼层(共20层),2009年建,2室1厅,77.86平米,东,0,7天前发布
6161,房屋有装修，家具家电齐全，视野开阔、采光效果好,https://cd.ke.com/ershoufang/20030517710100198334.html,五福佳苑,https://cd.ke.com/xiaoqu/1620026213479576/,中楼层(共17层)2室1厅,69平米,南,,,0,7天前发布
6162,金牛区泉水人家套二简装中间楼层采光通透。,https://cd.ke.com/ershoufang/20030517710100198887.html,泉水人家三期A区,https://cd.ke.com/xiaoqu/1611061596681/,中楼层(共6层),2011年建,2室2厅,68.27平米,南,2,7天前发布
6163,熙城国际1室0厅东,https://cd.ke.com/ershoufang/20030517710100196438.html,熙城国际,https://cd.ke.com/xiaoqu/3011054142698/,地下室(共层),2008年建,1室0厅,40.19平米,东,0,7天前发布
6164,地铁口精装套三低楼层带阳台小区旁是欧尚超市,https://cd.ke.com/ershoufang/20030517710100194938.html,瑞西小区,https://cd.ke.com/xiaoqu/3011053453727/,中楼层(共5层),1998年建,3室2厅,147.62平米,南,1,7天前发布
6165,红花教师苑，标准套二，户型方正，采光好,https://cd.ke.com/ershoufang/20030517710100191885.html,红花教师苑,https://cd.ke.com/xiaoqu/3011055765173/,中楼层(共7层),2004年建,2室1厅,83.23平米,东南,1,7天前发布
6166,保利清水套二，东南朝向，视野开阔,https://cd.ke.com/ershoufang/20030517710100191150.html,保利梧桐语,https://cd.ke.com/xiaoqu/1611061462318/,中楼层(共18层),2014年建,2室1厅,59.74平米,东南,4,7天前发布
6167,华侨城原岸有装修套三可拎包入住,https://cd.ke.com/ershoufang/20030517710100186733.html,华侨城原岸,https://cd.ke.com/xiaoqu/1611061493025/,中楼层(共31层),2016年建,3室2厅,87.02平米,东南,8,7天前发布
6168,水电气三通民用收费户型好无浪费,https://cd.ke.com/ershoufang/20030517710100186453.html,经典再现,https://cd.ke.com/xiaoqu/1611061351514/,高楼层(共20层),2010年建,2室1厅,52.83平米,东南,1,7天前发布
6169,套二改套三，带楼顶花园的，装修保养一般,https://cd.ke.com/ershoufang/20030517710100177564.html,潮蓉苑,https://cd.ke.com/xiaoqu/3011055641803/,高楼层(共7层),2000年建,3室2厅,96.57平米,东,0,7天前发布
6170,中环路5号线地铁口跃层套三带花园,https://cd.ke.com/ershoufang/20030517710100161417.html,泉水南苑,https://cd.ke.com/xiaoqu/1611059368659/,高楼层(共6层),2004年建,3室1厅,120平米,南北,0,7天前发布
6171,康品标准套二户型方正采光好,https://cd.ke.com/ershoufang/20030517710100161529.html,燕宇康品,https://cd.ke.com/xiaoqu/3011055662928/,低楼层(共26层),2009年建,2室2厅,78.2平米,西南,1,7天前发布
6172,幸福彼岸2室1厅东南,https://cd.ke.com/ershoufang/20030517710100163071.html,幸福彼岸,https://cd.ke.com/xiaoqu/3011053814906/,高楼层(共22层),2007年建,2室1厅,63平米,东南,1,7天前发布
6173,通惠门宽窄巷子旁单位房标准套二满五唯一,https://cd.ke.com/ershoufang/20030517710100165638.html,西青路90号,https://cd.ke.com/xiaoqu/3011053567703/,高楼层(共6层)2室2厅,61.17平米,西南,,,0,7天前发布
6174,曦城套二带车位视野开阔安静不临街三面采光,https://cd.ke.com/ershoufang/20030517710100156791.html,曦城,https://cd.ke.com/xiaoqu/3011054858227/,高楼层(共34层),2009年建,2室1厅,82.19平米,东南,3,7天前发布
6175,西城丽景套二有装修可以拎包入住,https://cd.ke.com/ershoufang/20030517710100156290.html,西城丽景,https://cd.ke.com/xiaoqu/3011054775525/,中楼层(共18层),2009年建,2室1厅,79.61平米,东南,0,7天前发布
6176,东原亲亲里+精装套二+中间楼层+对中庭安静不吵,https://cd.ke.com/ershoufang/20030517710100137188.html,东原亲亲里,https://cd.ke.com/xiaoqu/1611062687228/,低楼层(共19层),2015年建,2室2厅,77.38平米,东南,2,7天前发布
6177,二环路内侧香山苑正规套二出售,https://cd.ke.com/ershoufang/20030517710100135332.html,香山苑,https://cd.ke.com/xiaoqu/1611059035169/,中楼层(共23层),2007年建,2室1厅,85平米,东南,0,7天前发布
6178,茶店子西西里二期套二对公园视野开阔,https://cd.ke.com/ershoufang/20030517710100135021.html,西西里二期,https://cd.ke.com/xiaoqu/1611058061998/,高楼层(共34层),2009年建,2室1厅,77.46平米,西南,1,7天前发布
6179,下叠别墅自带车库小区安静雅居,https://cd.ke.com/ershoufang/20030517710100133316.html,金府路6号,https://cd.ke.com/xiaoqu/1611047708295/,低楼层(共5层),2006年建,4室2厅,228.61平米,东南,0,7天前发布
6180,上下两层，精装民宿，交通便利，设施完善，适合安家,https://cd.ke.com/ershoufang/20030517710100133789.html,瑞安城中汇,https://cd.ke.com/xiaoqu/1611064006367/,中楼层(共28层)1室1厅,63.78平米,东南,,,0,7天前发布
6181,西西里二期客厅带大阳台对公园视野开阔诚心出售,https://cd.ke.com/ershoufang/20030517710100133025.html,西西里二期,https://cd.ke.com/xiaoqu/1611058061998/,中楼层(共34层),2009年建,1室1厅,47.32平米,东南,5,7天前发布
6182,尚锦城2室2厅南北,https://cd.ke.com/ershoufang/20030517710100131787.html,尚锦城,https://cd.ke.com/xiaoqu/3011055773221/,高楼层(共22层),2007年建,2室2厅,89平米,南北,0,7天前发布
6183,"新都会小区地下第二层车位,地理位置好，出行方便..",https://cd.ke.com/ershoufang/20030517710100130013.html,金牛新都会,https://cd.ke.com/xiaoqu/1611047645315/,地下室(共层)1室0厅,36.31平米,东,,,0,7天前发布
6184,朝南电梯套三，户型方正采光好，总价低,https://cd.ke.com/ershoufang/20030517710100122717.html,云景豪庭,https://cd.ke.com/xiaoqu/3011055065942/,低楼层(共29层),2010年建,3室1厅,86.29平米,南,3,7天前发布
6185,九里小区低楼层套二可拎包入住,https://cd.ke.com/ershoufang/20030517710100128081.html,九里小区,https://cd.ke.com/xiaoqu/3011053932302/,低楼层(共7层),2000年建,2室1厅,81.99平米,南,1,7天前发布
6186,博雅馨地2室1厅北东,https://cd.ke.com/ershoufang/20030517710100125669.html,博雅馨地,https://cd.ke.com/xiaoqu/1611057881814/,高楼层(共6层),2004年建,2室1厅,73.29平米,北东,1,7天前发布
6187,平福巷中间楼层套二房东自住保养好,https://cd.ke.com/ershoufang/20030517710100122314.html,平福巷4号,https://cd.ke.com/xiaoqu/1611061566364/,中楼层(共6层)2室1厅,55.43平米,东南,,,0,7天前发布
6188,西城天下2室1厅东东北,https://cd.ke.com/ershoufang/20030517710100121957.html,西城天下,https://cd.ke.com/xiaoqu/3011054758502/,中楼层(共31层),2009年建,2室1厅,89.67平米,东东北,0,7天前发布
6189,温馨套三，对中庭，次新小区，明厨明卫。,https://cd.ke.com/ershoufang/20030517710100116166.html,青房天韵华庭,https://cd.ke.com/xiaoqu/1611061098088/,低楼层(共16层),2013年建,3室2厅,88.46平米,东南,1,7天前发布
6190,首开龙湖紫宸香颂3室1厅东南,https://cd.ke.com/ershoufang/20030517710100116348.html,首开龙湖紫宸香颂,https://cd.ke.com/xiaoqu/1620041009804739/,高楼层(共36层)3室1厅,91平米,东南,,,1,7天前发布
6191,二环内中楼层大套三户型方正东南朝向,https://cd.ke.com/ershoufang/20030517710100111480.html,红花教师苑,https://cd.ke.com/xiaoqu/3011055765173/,中楼层(共7层),2004年建,3室1厅,108平米,东南,45,7天前发布
6192,中间楼层，拎包入住，有装修，采光好,https://cd.ke.com/ershoufang/20030517710100111345.html,马鞍东路社区,https://cd.ke.com/xiaoqu/3011053908714/,中楼层(共6层),1999年建,2室1厅,48.12平米,南,0,7天前发布
6193,实业街双卫套三，安静不临街，带车位，公摊9.8%,https://cd.ke.com/ershoufang/20030517710100110781.html,新世界丽晶花园,https://cd.ke.com/xiaoqu/1611059163335/,低楼层(共12层),2003年建,3室2厅,105.61平米,西北,5,7天前发布
6194,九里堤南路99号套四办公装修看房提前约,https://cd.ke.com/ershoufang/20030517710100110383.html,九里堤南路99号,https://cd.ke.com/xiaoqu/3011053920221/,中楼层(共11层)4室2厅,146.7平米,南,,,0,7天前发布
6195,金牛区电梯套二，客厅带阳台，看房子有钥匙。,https://cd.ke.com/ershoufang/20030517710100109230.html,锦城名都,https://cd.ke.com/xiaoqu/1611047296454/,低楼层(共33层),2008年建,2室1厅,73.78平米,东南,4,7天前发布
6196,标准套二改套三，装修保养好，，，，,https://cd.ke.com/ershoufang/20030517710100102579.html,九里园,https://cd.ke.com/xiaoqu/3011053921658/,中楼层(共7层),1998年建,3室1厅,104平米,东,2,7天前发布
6197,蓝光花满庭，标准居家套二，拎包入住,https://cd.ke.com/ershoufang/20030517710100101561.html,蓝光花满庭一期,https://cd.ke.com/xiaoqu/3011053734625/,中楼层(共20层),2009年建,2室2厅,75.42平米,北,0,7天前发布
6198,西西里一期，满两年，客厅带有阳台，朝西南,https://cd.ke.com/ershoufang/20030417710100209715.html,西西里一期,https://cd.ke.com/xiaoqu/1611058067102/,中楼层(共33层),2008年建,2室1厅,84.28平米,东南东北,3,8天前发布
6199,金沙巷8号2室2厅西南南,https://cd.ke.com/ershoufang/20030417710100205364.html,金沙巷8号,https://cd.ke.com/xiaoqu/1611059700886/,低楼层(共7层),2000年建,2室2厅,66.27平米,西南南,1,8天前发布
6200,龙湖北城天街一期3室1厅东南,https://cd.ke.com/ershoufang/20030417710100204648.html,龙湖北城天街一期,https://cd.ke.com/xiaoqu/1611059619438/,中楼层(共23层),2012年建,3室1厅,106.23平米,东南,3,8天前发布
6201,一环内刚需套二好采光好视野,https://cd.ke.com/ershoufang/20030417710100200955.html,金牛万达D组团,https://cd.ke.com/xiaoqu/1611061061185/,高楼层(共32层),2013年建,2室2厅,61.98平米,东,0,8天前发布
6202,长福苑标准套二带阳台有装修,https://cd.ke.com/ershoufang/20030417710100200425.html,长福苑,https://cd.ke.com/xiaoqu/1611047692085/,中楼层(共6层),2002年建,2室1厅,61.28平米,东,11,8天前发布
6203,顶峰水岸汇景2室1厅西北,https://cd.ke.com/ershoufang/20030417710100195384.html,顶峰水岸汇景,https://cd.ke.com/xiaoqu/1611047297139/,低楼层(共33层),2008年建,2室1厅,82.38平米,西北,8,8天前发布
6204,东原亲亲里里面难得的清水套三出售,https://cd.ke.com/ershoufang/20030417710100197366.html,东原亲亲里,https://cd.ke.com/xiaoqu/1611062687228/,中楼层(共19层)3室1厅,89.43平米,东南,,,6,8天前发布
6205,西门先生1室0厅南,https://cd.ke.com/ershoufang/20030417710100197111.html,西门先生,https://cd.ke.com/xiaoqu/1614939730751460/,高楼层(共34层),2015年建,1室0厅,43平米,南,0,8天前发布
6206,金牛区洞子口五块石沙河源上金府套一,https://cd.ke.com/ershoufang/20030417710100193078.html,沙河源上金府,https://cd.ke.com/xiaoqu/3011053824237/,中楼层(共22层),2009年建,1室1厅,53.91平米,东,5,8天前发布
6207,客厅次卧通阳台有装修套三中间楼层,https://cd.ke.com/ershoufang/20030417710100191970.html,西岸观邸,https://cd.ke.com/xiaoqu/3011055647387/,中楼层(共32层),2012年建,3室2厅,92.62平米,南北,2,8天前发布
6208,铁二局建，中间楼层标准套三，房子前后不临街，采光好,https://cd.ke.com/ershoufang/20030417710100188771.html,沙湾北区商寓,https://cd.ke.com/xiaoqu/1611047108291/,中楼层(共7层),2006年建,3室2厅,101.11平米,东南,0,8天前发布
6209,银沙正街2号标准套二，户型方正，采光好,https://cd.ke.com/ershoufang/20030417710100191727.html,银沙正街2号,https://cd.ke.com/xiaoqu/1611041928830/,低楼层(共7层),1996年建,2室1厅,62.7平米,东南,7,8天前发布
6210,西城首峻3室1厅东南,https://cd.ke.com/ershoufang/20030417710100188418.html,西城首峻,https://cd.ke.com/xiaoqu/1611060913293/,高楼层(共33层),2009年建,3室1厅,122.7平米,东南,0,8天前发布
6211,兴元绿洲一期3室2厅东北,https://cd.ke.com/ershoufang/20030417710100185617.html,兴元绿洲一期,https://cd.ke.com/xiaoqu/1611041885209/,低楼层(共22层),2007年建,3室2厅,122.2平米,东北,1,8天前发布
6212,天悦城标准套二朝南，全天采光。,https://cd.ke.com/ershoufang/20030417710100184133.html,天悦城,https://cd.ke.com/xiaoqu/1611063533871/,低楼层(共25层),2015年建,2室2厅,69.17平米,南,0,8天前发布
6213,居然小区1室1厅南,https://cd.ke.com/ershoufang/20030417710100181834.html,居然小区,https://cd.ke.com/xiaoqu/1611061401241/,中楼层(共24层),2012年建,1室1厅,62.19平米,南,3,8天前发布
6214,首开龙湖紫宸香颂2室1厅东北,https://cd.ke.com/ershoufang/20030417710100175941.html,首开龙湖紫宸香颂,https://cd.ke.com/xiaoqu/1620041009804739/,高楼层(共36层)2室1厅,70.99平米,东北,,,0,8天前发布
6215,营门口外侧精装修套二，诚心出售。,https://cd.ke.com/ershoufang/20030417710100166520.html,外化成五里墩东二巷10号,https://cd.ke.com/xiaoqu/1613243220504171/,高楼层(共7层)2室1厅,71.5平米,东南,,,14,8天前发布
6216,马家花园路13号3室1厅东,https://cd.ke.com/ershoufang/20030417710100164275.html,马家花园路13号,https://cd.ke.com/xiaoqu/3011054711939/,低楼层(共7层),1998年建,3室1厅,80.18平米,东,1,8天前发布
6217,凤凰栖4室2厅南,https://cd.ke.com/ershoufang/20030417710100160713.html,凤凰栖,https://cd.ke.com/xiaoqu/1611047737564/,中楼层(共6层),2001年建,4室2厅,154平米,南,0,8天前发布
6218,锦西国际1室0厅东南,https://cd.ke.com/ershoufang/20030417710100159820.html,锦西国际,https://cd.ke.com/xiaoqu/1611047665350/,低楼层(共22层),2008年建,1室0厅,34.69平米,东南,0,8天前发布
6219,一环内地铁口精装套三次新房,https://cd.ke.com/ershoufang/20030417710100153841.html,西锦国际三期,https://cd.ke.com/xiaoqu/1620020801710254/,中楼层(共29层),2018年建,3室1厅,86.83平米,南,0,8天前发布
6220,二环内老会展，精装修套二，关门出售带车位,https://cd.ke.com/ershoufang/20030417710100148097.html,现代城,https://cd.ke.com/xiaoqu/3011055272967/,中楼层(共31层),2014年建,2室1厅,89.49平米,东北,1,8天前发布
6221,天悦城3室2厅北,https://cd.ke.com/ershoufang/20030417710100147146.html,天悦城,https://cd.ke.com/xiaoqu/1611063533871/,中楼层(共33层),2016年建,3室2厅,87.43平米,北,1,8天前发布
6222,西西里二期2室1厅东,https://cd.ke.com/ershoufang/20030417710100145370.html,西西里二期,https://cd.ke.com/xiaoqu/1611058061998/,高楼层(共34层),2009年建,2室1厅,89.76平米,东,0,8天前发布
6223,天合凯旋港1室1厅东南,https://cd.ke.com/ershoufang/20030417710100143917.html,天合凯旋港,https://cd.ke.com/xiaoqu/3011053872040/,高楼层(共24层),2008年建,1室1厅,65.89平米,东南,0,8天前发布
6224,此房满两年无增值税，户型方正采光好,https://cd.ke.com/ershoufang/20030417710100142040.html,凌江尚府,https://cd.ke.com/xiaoqu/3011053753580/,高楼层(共23层),2009年建,2室1厅,74.74平米,西,0,8天前发布
6225,金牛万达广场套二出售有装修,https://cd.ke.com/ershoufang/20030417710100140443.html,金牛万达C组团,https://cd.ke.com/xiaoqu/1611061059984/,高楼层(共32层),2012年建,2室1厅,74.56平米,西北,4,8天前发布
6226,恒大西锦城，自住三房，居家装修，客厅阳台,https://cd.ke.com/ershoufang/20030417710100135847.html,恒大西锦城,https://cd.ke.com/xiaoqu/1611059186624/,高楼层(共29层),2012年建,3室2厅,121.72平米,东北,1,8天前发布
6227,精装套二，视野开阔，采光好，对中庭安静不临街,https://cd.ke.com/ershoufang/20030417710100135581.html,西城丽景,https://cd.ke.com/xiaoqu/3011054775525/,高楼层(共18层),2009年建,2室1厅,79.45平米,东南,0,8天前发布
6228,纯水岸三期两居室带大阳台精装修,https://cd.ke.com/ershoufang/20030417710100134298.html,华侨城纯水岸三期,https://cd.ke.com/xiaoqu/1611058087600/,中楼层(共33层),2013年建,2室1厅,72.34平米,北,0,8天前发布
6229,锦城名都1室0厅东,https://cd.ke.com/ershoufang/20030417710100131862.html,锦城名都,https://cd.ke.com/xiaoqu/1611047296454/,地下室(共层)1室0厅,25.02平米,东,,,0,8天前发布
6230,劲草苑二三期标准套三，低楼层，随时看,https://cd.ke.com/ershoufang/20030417710100129837.html,劲草苑二三期,https://cd.ke.com/xiaoqu/1611058862983/,低楼层(共7层),1999年建,3室2厅,128.6平米,北,0,8天前发布
6231,青羊小区住家套二有装修可直接入住,https://cd.ke.com/ershoufang/20030417710100129582.html,青羊北路3号,https://cd.ke.com/xiaoqu/3011055565790/,中楼层(共7层),1999年建,2室1厅,64.75平米,南,4,8天前发布
6232,劲草苑二三期+低楼层套三双卫+储物间。,https://cd.ke.com/ershoufang/20030417710100123262.html,劲草苑二三期,https://cd.ke.com/xiaoqu/1611058862983/,低楼层(共7层),1999年建,3室2厅,131.38平米,南,0,8天前发布
6233,锦西国际套二有装修看房提前约,https://cd.ke.com/ershoufang/20030417710100126482.html,锦西国际,https://cd.ke.com/xiaoqu/1611047665350/,中楼层(共22层),2008年建,2室1厅,32.6平米,南,6,8天前发布
6234,一环边小套二，中间楼层，采光好，业主诚心出售,https://cd.ke.com/ershoufang/20030417710100123638.html,解颐路9号,https://cd.ke.com/xiaoqu/1616411356596628/,中楼层(共6层),2000年建,2室2厅,67.25平米,东南,4,8天前发布
6235,加贝花园套三双卫东南可看房诚心出售,https://cd.ke.com/ershoufang/20030417710100118529.html,加贝花园,https://cd.ke.com/xiaoqu/1611059159973/,中楼层(共6层),2001年建,3室1厅,116平米,东南,41,8天前发布
6236,金城丽景3室1厅南,https://cd.ke.com/ershoufang/20030417710100117558.html,金城丽景,https://cd.ke.com/xiaoqu/1611047367601/,低楼层(共11层),2004年建,3室1厅,107.27平米,南,0,8天前发布
6237,金府国际1室1厅南,https://cd.ke.com/ershoufang/20030417710100106836.html,金府国际,https://cd.ke.com/xiaoqu/1611041875393/,低楼层(共31层),2011年建,1室1厅,53.44平米,南,0,8天前发布
6238,二环内侧标准套二交通便利配套成熟,https://cd.ke.com/ershoufang/20030417710100106790.html,营兴街2号,https://cd.ke.com/xiaoqu/3011053688884/,中楼层(共7层),1995年建,2室1厅,62.62平米,南,1,8天前发布
6239,青房尚瑞天韵套三双卫+有装修+有阳台,https://cd.ke.com/ershoufang/20030417710100106038.html,青房尚瑞天韵,https://cd.ke.com/xiaoqu/1611058920240/,低楼层(共26层),2009年建,3室2厅,123.68平米,西南,0,8天前发布
6240,地铁西岸观邸自住精装大套三双卫，随时都可以看房子,https://cd.ke.com/ershoufang/20030417710100105430.html,西岸观邸,https://cd.ke.com/xiaoqu/3011055647387/,高楼层(共30层),2013年建,3室2厅,115.89平米,西北,13,8天前发布
6241,户型方正，标准套一，小区环境安静,https://cd.ke.com/ershoufang/20030417710100101147.html,红花北路16号,https://cd.ke.com/xiaoqu/1611061602767/,低楼层(共6层),1998年建,1室1厅,47.93平米,西南,2,8天前发布
6242,正成拉斐1室0厅东,https://cd.ke.com/ershoufang/20030317710100196674.html,正成拉斐,https://cd.ke.com/xiaoqu/1611059202930/,地下室(共层)1室0厅,87.68平米,东,,,4,9天前发布
6243,交大智能九期1室0厅北,https://cd.ke.com/ershoufang/20030317710100195271.html,交大智能九期,https://cd.ke.com/xiaoqu/1611047302496/,地下室(共层),2003年建,1室0厅,30.97平米,北,0,9天前发布
6244,二环内标准大套二，安静居家，看房提前预约。,https://cd.ke.com/ershoufang/20030317710100194248.html,公安局宿舍(金牛区),https://cd.ke.com/xiaoqu/1611057890680/,高楼层(共7层),1998年建,2室1厅,78.47平米,东南,1,9天前发布
6245,化成街10号2室1厅南,https://cd.ke.com/ershoufang/20030317710100192085.html,化成街10号,https://cd.ke.com/xiaoqu/1611061423904/,高楼层(共7层),1996年建,2室1厅,74.94平米,南,1,9天前发布
6246,阳光地带，标准套一，户型方正。,https://cd.ke.com/ershoufang/20030317710100190246.html,阳光地带(金牛),https://cd.ke.com/xiaoqu/3011056058648/,中楼层(共7层),2004年建,1室1厅,59.83平米,西,1,9天前发布
6247,精装套三带地暖楼层好采光好,https://cd.ke.com/ershoufang/20030317710100187959.html,中加水岸,https://cd.ke.com/xiaoqu/1611063498992/,高楼层(共33层)3室2厅,86.19平米,东南,,,0,9天前发布
6248,城市1.5环，三室两厅一厨一卫，,https://cd.ke.com/ershoufang/20030317710100180766.html,红花东路55号,https://cd.ke.com/xiaoqu/1611061604665/,低楼层(共6层),2000年建,3室2厅,82.91平米,东南,6,9天前发布
6249,交通巷小区标准套一低楼层,https://cd.ke.com/ershoufang/20030317710100180011.html,交通巷36号,https://cd.ke.com/xiaoqu/3011056515751/,低楼层(共7层),1990年建,1室1厅,49.41平米,东南,0,9天前发布
6250,北极星花园标准套一安静带装修,https://cd.ke.com/ershoufang/20030317710100179184.html,中房北极星花园,https://cd.ke.com/xiaoqu/166986511692080/,低楼层(共29层),2016年建,1室1厅,39.5平米,南,3,9天前发布
6251,三和花园3室2厅东南,https://cd.ke.com/ershoufang/20030317710100172089.html,三和花园,https://cd.ke.com/xiaoqu/1611041919241/,高楼层(共7层),2001年建,3室2厅,139.39平米,东南,2,9天前发布
6252,成都市金牛区泉水东路2号泉水南苑套一,https://cd.ke.com/ershoufang/20030317710100170353.html,泉水南苑,https://cd.ke.com/xiaoqu/1611059368659/,中楼层(共6层),2004年建,1室1厅,44.88平米,南,3,9天前发布
6253,龙湖天街旁优质大套三，快来看看吧,https://cd.ke.com/ershoufang/20030317710100173822.html,芙华新大陆,https://cd.ke.com/xiaoqu/1611060732182/,低楼层(共11层),2006年建,3室1厅,119.75平米,东南,2,9天前发布
6254,一环内电梯房，中间楼层，视野开阔配套齐全。,https://cd.ke.com/ershoufang/20030317710100168754.html,格林尚元丽舍,https://cd.ke.com/xiaoqu/1611060281234/,中楼层(共20层),2007年建,3室1厅,137.04平米,东南,2,9天前发布
6255,低楼层二环内抚琴社区业主诚心出售户型方正,https://cd.ke.com/ershoufang/20030317710100166180.html,营和街58号,https://cd.ke.com/xiaoqu/1611063210196/,低楼层(共7层),1995年建,3室1厅,95.07平米,西南,4,9天前发布
6256,采光充足，交通便利，朝向好，户型好，楼层好，,https://cd.ke.com/ershoufang/20030317710100159540.html,幸福彼岸,https://cd.ke.com/xiaoqu/3011053814906/,中楼层(共22层),2007年建,2室1厅,62.84平米,东南,3,9天前发布
6257,正成拉斐，满五，对中庭，诚心出售,https://cd.ke.com/ershoufang/20030317710100159764.html,正成拉斐,https://cd.ke.com/xiaoqu/1611059202930/,低楼层(共18层),2012年建,3室1厅,87.68平米,东南,21,9天前发布
6258,聚贤半岛花苑2室2厅西南,https://cd.ke.com/ershoufang/20030317710100159257.html,聚贤半岛花苑,https://cd.ke.com/xiaoqu/1611047108619/,中楼层(共7层),2002年建,2室2厅,84.91平米,西南,0,9天前发布
6259,金牛区简装套一房东诚心出售。,https://cd.ke.com/ershoufang/20030317710100161240.html,王贾•红豆华庭,https://cd.ke.com/xiaoqu/1620024559058831/,中楼层(共17层)1室1厅,50.2平米,南,,,0,9天前发布
6260,为民路89号2室1厅东南,https://cd.ke.com/ershoufang/20030317710100160454.html,为民路89号,https://cd.ke.com/xiaoqu/3011056521249/,高楼层(共6层),1998年建,2室1厅,53.48平米,东南,1,9天前发布
6261,府河路苑2室2厅南北,https://cd.ke.com/ershoufang/20030317710100162264.html,府河路苑,https://cd.ke.com/xiaoqu/3011054063638/,低楼层(共18层),2012年建,2室2厅,69平米,南北,8,9天前发布
6262,金城丽景地下标准车位有产权,https://cd.ke.com/ershoufang/20030317710100154330.html,金城丽景,https://cd.ke.com/xiaoqu/1611047367601/,地下室(共1层),2004年建,1室0厅,26.97平米,东南,0,9天前发布
6263,二环边的优质大房子，交通便利，位置巴适得很。。。。,https://cd.ke.com/ershoufang/20030317710100150565.html,二环路北三段191号,https://cd.ke.com/xiaoqu/169028756057349/,中楼层(共9层),2005年建,3室2厅,98平米,南北,2,9天前发布
6264,高家庄赞城2室1厅东,https://cd.ke.com/ershoufang/20030317710100150918.html,高家庄赞城,https://cd.ke.com/xiaoqu/3011054747489/,高楼层(共21层)2室1厅,49.58平米,东,,,0,9天前发布
6265,西体路新二村2室2厅南,https://cd.ke.com/ershoufang/20030317710100153148.html,西体路新二村,https://cd.ke.com/xiaoqu/3011054724710/,低楼层(共7层),1991年建,2室2厅,104.62平米,南,0,9天前发布
6266,金琴路南一巷，套二户型，装修保养好。,https://cd.ke.com/ershoufang/20030317710100147734.html,金琴路南一巷1号,https://cd.ke.com/xiaoqu/3011053935468/,高楼层(共7层),1997年建,2室1厅,59.69平米,西南,1,9天前发布
6267,翡翠海湾三室不临街位置安静,https://cd.ke.com/ershoufang/20030317710100148348.html,翡翠海湾,https://cd.ke.com/xiaoqu/3011054117736/,低楼层(共18层),2008年建,3室2厅,140.76平米,东南,6,9天前发布
6268,众合北尚3室2厅南,https://cd.ke.com/ershoufang/20030317710100146269.html,众合北尚,https://cd.ke.com/xiaoqu/1616663717097132/,低楼层(共3层),2008年建,3室2厅,108.24平米,南,5,9天前发布
6269,二环路营门口标准套三，诚心出售,https://cd.ke.com/ershoufang/20030317710100144276.html,五里墩东路18号,https://cd.ke.com/xiaoqu/3011054108255/,中楼层(共7层),2002年建,3室1厅,99.07平米,东南,1,9天前发布
6270,居然小区，跃层套二，户型方正.,https://cd.ke.com/ershoufang/20030317710100142671.html,居然小区,https://cd.ke.com/xiaoqu/1611061401241/,中楼层(共24层),2012年建,2室2厅,89.9平米,西南,2,9天前发布
6271,白鸽岛尚居家套二视野好采光好,https://cd.ke.com/ershoufang/20030317710100142062.html,白鸽岛尚,https://cd.ke.com/xiaoqu/3011054730875/,高楼层(共19层),2008年建,2室2厅,86.05平米,东南,1,9天前发布
6272,今日靖园1室1厅南,https://cd.ke.com/ershoufang/20030317710100140174.html,今日靖园,https://cd.ke.com/xiaoqu/1620021107936143/,高楼层(共18层)1室1厅,57.19平米,南,,,0,9天前发布
6273,西宸原著御景套三出售交通便利,https://cd.ke.com/ershoufang/20030317710100140735.html,西宸原著御景,https://cd.ke.com/xiaoqu/1620021526413414/,高楼层(共40层),2019年建,3室2厅,102平米,东南,2,9天前发布
6274,兴元绿洲一期3室1厅东南,https://cd.ke.com/ershoufang/20030317710100133476.html,兴元绿洲一期,https://cd.ke.com/xiaoqu/1611041885209/,中楼层(共22层),2007年建,3室1厅,97.78平米,东南,0,9天前发布
6275,普罗旺斯清水套二双卫，视野开阔采光好，直接装修！,https://cd.ke.com/ershoufang/20030317710100132237.html,普罗旺斯,https://cd.ke.com/xiaoqu/1611058934012/,高楼层(共6层),2004年建,2室2厅,114平米,南北,0,9天前发布
6276,百寿巷2号2室1厅东西,https://cd.ke.com/ershoufang/20030317710100131423.html,百寿巷2号,https://cd.ke.com/xiaoqu/3011055582830/,高楼层(共7层),1995年建,2室1厅,79.28平米,东西,0,9天前发布
6277,羊犀立交内侧和谐家园套三出售,https://cd.ke.com/ershoufang/20030317710100130399.html,和谐家园,https://cd.ke.com/xiaoqu/1611041868928/,低楼层(共18层),2006年建,3室2厅,127.04平米,西北,19,9天前发布
6278,檀香花园优质套三对中庭采光好,https://cd.ke.com/ershoufang/20030317710100127946.html,檀香花园,https://cd.ke.com/xiaoqu/3011055368733/,中楼层(共26层),2011年建,3室1厅,92.14平米,东南东北,25,9天前发布
6279,一环内，永陵公园旁，品质楼盘，园林式小区，标准套一,https://cd.ke.com/ershoufang/20030317710100126124.html,锦城世家,https://cd.ke.com/xiaoqu/3011053926360/,低楼层(共28层),2014年建,1室1厅,48.84平米,东,3,9天前发布
6280,泰逸美景1室0厅东,https://cd.ke.com/ershoufang/20030317710100125520.html,泰逸美景,https://cd.ke.com/xiaoqu/3011053915133/,地下室(共1层)1室0厅,32.88平米,东,,,0,9天前发布
6281,"水韵天府,方正户型,标准套二,满两年无增值税",https://cd.ke.com/ershoufang/20030317710100118436.html,水韵天府,https://cd.ke.com/xiaoqu/3011053805067/,低楼层(共18层),2006年建,2室1厅,81.45平米,东,0,9天前发布
6282,标准套三，主卧带衣帽间、装修，可以直接拎包入住,https://cd.ke.com/ershoufang/20030317710100116332.html,富丽碧蔓汀,https://cd.ke.com/xiaoqu/3011056057833/,高楼层(共26层),2009年建,3室2厅,83平米,西南,3,9天前发布
6283,锦西两室，不临街看房方便。提前预约,https://cd.ke.com/ershoufang/20030317710100111353.html,锦西国际,https://cd.ke.com/xiaoqu/1611047665350/,高楼层(共22层),2008年建,2室1厅,36平米,西南,9,9天前发布
6284,映日荷花标准车位，1栋，面积32.13,https://cd.ke.com/ershoufang/20030317710100105325.html,映日荷花,https://cd.ke.com/xiaoqu/3011053820608/,地下室(共层),2009年建,1室0厅,32.13平米,东,0,9天前发布
6285,华侨城原岸4室2厅东南,https://cd.ke.com/ershoufang/20030317710100102114.html,华侨城原岸,https://cd.ke.com/xiaoqu/1611061493025/,中楼层(共32层),2014年建,4室2厅,141.49平米,东南,0,9天前发布
6286,标准套二，户型方正，明厨明卫。,https://cd.ke.com/ershoufang/20030217710100174227.html,锦城名都,https://cd.ke.com/xiaoqu/1611047296454/,中楼层(共33层),2009年建,2室1厅,82.03平米,东南,2,10天前发布
6287,状元府邸(金牛)3室1厅东南,https://cd.ke.com/ershoufang/20030217710100170531.html,状元府邸(金牛),https://cd.ke.com/xiaoqu/1611041886610/,中楼层(共31层),2008年建,3室1厅,91.67平米,东南,25,10天前发布
6288,金沙美邻丽雅苑1室1厅东南,https://cd.ke.com/ershoufang/20030217710100169976.html,金沙美邻丽雅苑,https://cd.ke.com/xiaoqu/3011053933070/,高楼层(共6层)1室1厅,44.03平米,东南,,,0,10天前发布
6289,凌江尚府标准套二低楼层居家户型,https://cd.ke.com/ershoufang/20030217710100169193.html,凌江尚府,https://cd.ke.com/xiaoqu/3011053753580/,低楼层(共22层),2009年建,2室2厅,79.53平米,东南,2,10天前发布
6290,成都市金牛区一环内一楼标准套二出售,https://cd.ke.com/ershoufang/20030217710100167780.html,通锦路3号院,https://cd.ke.com/xiaoqu/3011052563789/,低楼层(共3层),1992年建,2室1厅,58.26平米,东南,6,10天前发布
6291,平福巷低楼层套二适合有老年人小孩居住,https://cd.ke.com/ershoufang/20030217710100165693.html,平福巷4号,https://cd.ke.com/xiaoqu/1611061566364/,低楼层(共6层),2000年建,2室1厅,55.43平米,东南,0,10天前发布
6292,二环内，标准套三，精装修，低楼层,https://cd.ke.com/ershoufang/20030217710100163994.html,营通街16号,https://cd.ke.com/xiaoqu/3011053388023/,低楼层(共7层),1997年建,3室1厅,83.17平米,东南,0,10天前发布
6293,泉水人家二期B区，朝南，满五唯一，随时看房,https://cd.ke.com/ershoufang/20030217710100158134.html,泉水人家二期B区,https://cd.ke.com/xiaoqu/3011053756859/,低楼层(共16层),2011年建,2室2厅,68.14平米,南,26,10天前发布
6294,户型方正，通透户型，精装修，中间楼层，采光好,https://cd.ke.com/ershoufang/20030217710100157292.html,蓝光花满庭一期,https://cd.ke.com/xiaoqu/3011053734625/,中楼层(共20层),2009年建,2室1厅,66.7平米,西,4,10天前发布
6295,锦城世家套四双卫+对中庭安静不临街,https://cd.ke.com/ershoufang/20030217710100154517.html,锦城世家,https://cd.ke.com/xiaoqu/3011053926360/,高楼层(共32层),2014年建,4室1厅,147.85平米,东南,5,10天前发布
6296,2.5环办公公寓，无需资格，水电气三通,https://cd.ke.com/ershoufang/20030217710100154463.html,金府国际,https://cd.ke.com/xiaoqu/1611041875393/,高楼层(共33层)2室1厅,74.1平米,南北,,,0,10天前发布
6297,凤凰大厦1室1厅东,https://cd.ke.com/ershoufang/20030217710100151420.html,凤凰大厦,https://cd.ke.com/xiaoqu/1611063563889/,中楼层(共15层),2001年建,1室1厅,67.46平米,东,0,10天前发布
6298,西西里一期套二阳台大,https://cd.ke.com/ershoufang/20030217710100151181.html,西西里一期,https://cd.ke.com/xiaoqu/1611058067102/,中楼层(共33层),2008年建,2室1厅,87平米,东南西,0,10天前发布
6299,金牛区洞子口蓝光花满庭一期车位,https://cd.ke.com/ershoufang/20030217710100150844.html,蓝光花满庭一期,https://cd.ke.com/xiaoqu/3011053734625/,地下室(共层),2009年建,1室0厅,20.54平米,南,3,10天前发布
6300,金泉阳光畅新苑，底层标准套二的户型，清水,https://cd.ke.com/ershoufang/20030217710100147481.html,金泉阳光畅新苑,https://cd.ke.com/xiaoqu/3011055308334/,低楼层(共6层),2006年建,2室1厅,62平米,西南,4,10天前发布
6301,西宸原著御景2室2厅南,https://cd.ke.com/ershoufang/20030217710100146549.html,西宸原著御景,https://cd.ke.com/xiaoqu/1620021526413414/,低楼层(共40层),2019年建,2室2厅,71.8平米,南,1,10天前发布
6302,"龙湖西宸原著标准的套二户型,清水，视野开阔采光好",https://cd.ke.com/ershoufang/20030217710100147086.html,西宸原著御景,https://cd.ke.com/xiaoqu/1620021526413414/,高楼层(共33层),2019年建,2室2厅,71.8平米,西南西北,0,10天前发布
6303,金牛区高家庄白鸽岛尚装修小套三出售,https://cd.ke.com/ershoufang/20030217710100147230.html,白鸽岛尚,https://cd.ke.com/xiaoqu/3011054730875/,中楼层(共19层),2008年建,3室2厅,88.13平米,西北,15,10天前发布
6304,一环内近地铁永陵公园旁44平大车位业主诚心出售,https://cd.ke.com/ershoufang/20030217710100139473.html,荷里活,https://cd.ke.com/xiaoqu/3011052661863/,地下室(共层)1室0厅,43.93平米,东,,,0,10天前发布
6305,福祥家园瑞康苑2室2厅西南,https://cd.ke.com/ershoufang/20030217710100135962.html,福祥家园瑞康苑,https://cd.ke.com/xiaoqu/3011054747723/,低楼层(共6层)2室2厅,76.2平米,西南,,,0,10天前发布
6306,精装套三小区环境优美邻里和睦,https://cd.ke.com/ershoufang/20030217710100136442.html,中加水岸,https://cd.ke.com/xiaoqu/1611063498992/,低楼层(共30层),2016年建,3室1厅,91.1平米,西南,0,10天前发布
6307,户型方正的，府河边，一环内，交通方便,https://cd.ke.com/ershoufang/20030217710100136054.html,马鞍北路社区,https://cd.ke.com/xiaoqu/3011054429348/,高楼层(共4层),1997年建,3室1厅,71.34平米,南北,5,10天前发布
6308,解放西路2楼正规套二出售,https://cd.ke.com/ershoufang/20030217710100133046.html,解放西路,https://cd.ke.com/xiaoqu/3011054903991/,低楼层(共6层),1989年建,2室1厅,69.49平米,东南,0,10天前发布
6309,香木林加州国际2室1厅东,https://cd.ke.com/ershoufang/20030217710100132460.html,香木林加州国际,https://cd.ke.com/xiaoqu/1611047338092/,中楼层(共18层),2009年建,2室1厅,43.56平米,东,1,10天前发布
6310,西西里二期标准套三视野开阔采光好,https://cd.ke.com/ershoufang/20030217710100130117.html,西西里二期,https://cd.ke.com/xiaoqu/1611058061998/,中楼层(共34层),2009年建,3室1厅,89.81平米,西南,6,10天前发布
6311,房子朝南，对着中庭，视野开阔无遮挡，二环边出行方便,https://cd.ke.com/ershoufang/20030217710100129255.html,府河路苑,https://cd.ke.com/xiaoqu/3011054063638/,中楼层(共18层),2012年建,2室1厅,81.33平米,南,6,10天前发布
6312,万科精装套四，户型方正，提前预约随时看房,https://cd.ke.com/ershoufang/20030217710100127224.html,万科国宾润园,https://cd.ke.com/xiaoqu/169186808704446/,低楼层(共18层),2017年建,4室2厅,126平米,东,1,10天前发布
6313,西宸原著御景清水内跃套四,https://cd.ke.com/ershoufang/20030217710100120950.html,西宸原著御景,https://cd.ke.com/xiaoqu/1620021526413414/,中楼层(共40层),2019年建,4室2厅,164平米,西北,0,10天前发布
6314,满两年，客厅带有阳台，朝目前自住，有装修,https://cd.ke.com/ershoufang/20030217710100111799.html,西西里一期,https://cd.ke.com/xiaoqu/1611058067102/,高楼层(共33层),2008年建,2室1厅,84.6平米,东南,1,10天前发布
6315,新桥丽景，安置小区标准套三，清水房,https://cd.ke.com/ershoufang/20030217710100111687.html,新桥丽景A区,https://cd.ke.com/xiaoqu/1611061300808/,低楼层(共6层),2004年建,3室2厅,102.83平米,东,1,10天前发布
6316,锦汇花园3室1厅东南,https://cd.ke.com/ershoufang/20030217710100111349.html,锦汇花园,https://cd.ke.com/xiaoqu/3011053413709/,高楼层(共9层),2003年建,3室1厅,97.09平米,东南,1,10天前发布
6317,2015建成鑫城府标准套一有家具家电,https://cd.ke.com/ershoufang/20030217710100111114.html,鑫城府,https://cd.ke.com/xiaoqu/1611061208200/,低楼层(共32层),2015年建,1室1厅,43平米,南,4,10天前发布
6318,西一环精装套二地铁口三楼,https://cd.ke.com/ershoufang/20030217710100107040.html,抚琴西南路4号,https://cd.ke.com/xiaoqu/3011054749567/,中楼层(共6层),1998年建,2室2厅,52.4平米,南北,12,10天前发布
6319,西城天下，标准套二，户型方正，视野开阔。,https://cd.ke.com/ershoufang/20030217710100106581.html,西城天下,https://cd.ke.com/xiaoqu/3011054758502/,低楼层(共31层),2009年建,2室1厅,72.01平米,东南,2,10天前发布
6320,一环内蓝光开发住宅56万标间满两年,https://cd.ke.com/ershoufang/20030217710100101283.html,枫桥晓月,https://cd.ke.com/xiaoqu/1611060186967/,中楼层(共12层),2004年建,1室0厅,42.01平米,东,0,10天前发布
6321,标准套三，采光好，户型方正，居家装修。,https://cd.ke.com/ershoufang/20030117710100209029.html,交大智能一期南苑,https://cd.ke.com/xiaoqu/1611047109002/,低楼层(共7层),2000年建,3室1厅,103.9平米,东南,10,11天前发布
6322,一环内永陵公园旁满五唯一进地铁中铁品质开发,https://cd.ke.com/ershoufang/20030117710100207821.html,荷里活,https://cd.ke.com/xiaoqu/3011052661863/,低楼层(共24层),2012年建,3室1厅,77平米,东,3,11天前发布
6323,荷里活2室2厅东,https://cd.ke.com/ershoufang/20030117710100206589.html,荷里活,https://cd.ke.com/xiaoqu/3011052661863/,高楼层(共24层),2012年建,2室2厅,44.16平米,东,1,11天前发布
6324,书香门第套三双卫出售,https://cd.ke.com/ershoufang/20030117710100203968.html,书香门第,https://cd.ke.com/xiaoqu/3011052557144/,中楼层(共22层),2004年建,3室1厅,130.97平米,东南,4,11天前发布
6325,标准套三不临街电梯带阳台带飘窗,https://cd.ke.com/ershoufang/20030117710100203196.html,金沙美邻丽榭苑,https://cd.ke.com/xiaoqu/3011055248464/,中楼层(共12层),2008年建,3室2厅,106平米,东北,1,11天前发布
6326,上层建筑大套二户型方正采光好中间楼层居家装修,https://cd.ke.com/ershoufang/20030117710100202865.html,上层建筑,https://cd.ke.com/xiaoqu/1611062168867/,中楼层(共27层),2008年建,3室2厅,99.42平米,东南,0,11天前发布
6327,标准套二，安静不临街，户型方正，通透。,https://cd.ke.com/ershoufang/20030117710100201467.html,潮蓉苑,https://cd.ke.com/xiaoqu/3011055641803/,高楼层(共7层),2000年建,2室1厅,89.84平米,南,0,11天前发布
6328,金牛区2.5环标准小套二户型方正采光好,https://cd.ke.com/ershoufang/20030117710100198134.html,新桥逸景B区,https://cd.ke.com/xiaoqu/1611047368901/,中楼层(共23层),2010年建,2室1厅,71.46平米,西南,31,11天前发布
6329,二环边，公摊小，老房子，交通便利,https://cd.ke.com/ershoufang/20030117710100197063.html,红旗巷5号,https://cd.ke.com/xiaoqu/1611061668283/,高楼层(共7层),2000年建,2室1厅,81.4平米,南,0,11天前发布
6330,一环边标准套二户型方正交通便利,https://cd.ke.com/ershoufang/20030117710100193169.html,抚琴街南三巷1号,https://cd.ke.com/xiaoqu/1611058740968/,低楼层(共7层),1999年建,2室2厅,55.7平米,东南,6,11天前发布
6331,荷花池公寓3室2厅南,https://cd.ke.com/ershoufang/20030117710100190833.html,荷花池公寓,https://cd.ke.com/xiaoqu/1611061196347/,高楼层(共7层),2000年建,3室2厅,132.43平米,南,0,11天前发布
6332,金府九里提兴元绿洲精装套三对公园,https://cd.ke.com/ershoufang/20030117710100188550.html,兴元绿洲一期,https://cd.ke.com/xiaoqu/1611041885209/,低楼层(共22层),2007年建,3室2厅,91.86平米,东,4,11天前发布
6333,阳曦芙蓉城2室1厅东南,https://cd.ke.com/ershoufang/20030117710100187949.html,阳曦芙蓉城,https://cd.ke.com/xiaoqu/3011054860008/,高楼层(共17层),2009年建,2室1厅,83.16平米,东南,1,11天前发布
6334,现代福满苑A区标准套一，户型方正，配套齐全,https://cd.ke.com/ershoufang/20030117710100184834.html,现代福满苑A区,https://cd.ke.com/xiaoqu/3011055532741/,低楼层(共6层),2006年建,1室1厅,45.69平米,东,3,11天前发布
6335,营门口路212号2室1厅东南,https://cd.ke.com/ershoufang/20030117710100183222.html,营门口路212号,https://cd.ke.com/xiaoqu/3011053618894/,中楼层(共7层),2000年建,2室1厅,70.01平米,东南,2,11天前发布
6336,一环边电梯套二，地铁小区，近金牛万达广场,https://cd.ke.com/ershoufang/20030117710100180648.html,泰基北锦,https://cd.ke.com/xiaoqu/1611057361846/,高楼层(共26层),2009年建,2室1厅,76.72平米,南西,0,11天前发布
6337,中粮祥云里新上套三，清水，中间楼层,https://cd.ke.com/ershoufang/20030117710100178416.html,中粮祥云里,https://cd.ke.com/xiaoqu/1614099468006377/,低楼层(共33层),2018年建,3室1厅,94平米,东,5,11天前发布
6338,户型方正+中上楼层+客厅朝西南+采光足,https://cd.ke.com/ershoufang/20030117710100180791.html,兴元绿洲一期,https://cd.ke.com/xiaoqu/1611041885209/,高楼层(共22层),2007年建,1室1厅,41.13平米,东,1,11天前发布
6339,老会展现代城+标准套二+采光充足,https://cd.ke.com/ershoufang/20030117710100180164.html,现代城,https://cd.ke.com/xiaoqu/3011055272967/,高楼层(共31层),2014年建,2室1厅,89.9平米,西南,1,11天前发布
6340,欧波罗1室1厅东南,https://cd.ke.com/ershoufang/20030117710100177561.html,欧波罗,https://cd.ke.com/xiaoqu/1611047724495/,低楼层(共19层),2008年建,1室1厅,42平米,东南,3,11天前发布
6341,华侨城纯水岸二期优质套三户型通透采光好,https://cd.ke.com/ershoufang/20030117710100173778.html,华侨城纯水岸二期,https://cd.ke.com/xiaoqu/1611058082282/,高楼层(共33层),2010年建,3室2厅,87.78平米,南,0,11天前发布
6342,金都花园4室2厅东南,https://cd.ke.com/ershoufang/20030117710100173562.html,金都花园,https://cd.ke.com/xiaoqu/1611047922702/,中楼层(共11层),2003年建,4室2厅,177.8平米,东南,0,11天前发布
6343,华侨城东岸一期3室1厅东北,https://cd.ke.com/ershoufang/20030117710100173015.html,华侨城东岸一期,https://cd.ke.com/xiaoqu/1611063614968/,低楼层(共4层),2011年建,3室1厅,149.2平米,东北,0,11天前发布
6344,一环边，过厅套二，生活方便，交通便利，配套成熟。,https://cd.ke.com/ershoufang/20030117710100167263.html,抚琴街北一巷5号,https://cd.ke.com/xiaoqu/1611059510930/,中楼层(共8层)1室2厅,38.39平米,东西,,,0,11天前发布
6345,西景花园1室1厅东南,https://cd.ke.com/ershoufang/20030117710100170323.html,西景花园,https://cd.ke.com/xiaoqu/3011053383736/,中楼层(共9层),2004年建,1室1厅,49.02平米,东南,1,11天前发布
6346,一环内星辉西路府南河边标准套三双卫,https://cd.ke.com/ershoufang/20030117710100167413.html,星辉西路1号,https://cd.ke.com/xiaoqu/1611060047969/,中楼层(共8层),2000年建,3室2厅,139.06平米,东,0,11天前发布
6347,2014年次新房一环内电梯房环境精致,https://cd.ke.com/ershoufang/20030117710100165358.html,中铁马家公馆,https://cd.ke.com/xiaoqu/1611063826168/,中楼层(共32层),2014年建,3室2厅,95.29平米,东南,3,11天前发布
6348,地铁口，电梯套二新熙门，诚心出售,https://cd.ke.com/ershoufang/20030117710100169728.html,新熙门,https://cd.ke.com/xiaoqu/1611060366082/,低楼层(共32层),2012年建,2室2厅,72.6平米,东南,0,11天前发布
6349,华凌尚城房东自住，带装修不对火车道对中庭,https://cd.ke.com/ershoufang/20030117710100164755.html,华凌尚城,https://cd.ke.com/xiaoqu/1611059785667/,中楼层(共11层),2006年建,3室2厅,117.22平米,南,0,11天前发布
6350,华润正朝南，采光好竖厅套三，有装修,https://cd.ke.com/ershoufang/20030117710100164290.html,华润银杏华庭,https://cd.ke.com/xiaoqu/1611061212112/,低楼层(共20层),2012年建,3室1厅,90.94平米,南,0,11天前发布
6351,小面积，总价低，低楼层，配套成熟,https://cd.ke.com/ershoufang/20030117710100162473.html,马鞍山路1号,https://cd.ke.com/xiaoqu/1615728619850936/,低楼层(共6层)2室1厅,52平米,东南,,,0,11天前发布
6352,此房楼层好，小区环境安静，配套设施齐全。,https://cd.ke.com/ershoufang/20030117710100162016.html,一环路北一段300号,https://cd.ke.com/xiaoqu/1620033035132170/,低楼层(共3层)2室1厅,83.5平米,东南,,,0,11天前发布
6353,阳曦芙蓉城2室2厅东,https://cd.ke.com/ershoufang/20030117710100160450.html,阳曦芙蓉城,https://cd.ke.com/xiaoqu/3011054860008/,低楼层(共28层),2009年建,2室2厅,85.68平米,东,1,11天前发布
6354,曦城1室0厅东南,https://cd.ke.com/ershoufang/20030117710100159067.html,曦城,https://cd.ke.com/xiaoqu/3011054858227/,地下室(共层)1室0厅,31.36平米,东南,,,0,11天前发布
6355,百佳庭院3室2厅南,https://cd.ke.com/ershoufang/20030117710100151650.html,百佳庭院,https://cd.ke.com/xiaoqu/1611061544766/,中楼层(共11层)3室2厅,110平米,南,,,0,11天前发布
6356,恒大西锦城有装修套三装修保养好,https://cd.ke.com/ershoufang/20030117710100153912.html,恒大西锦城,https://cd.ke.com/xiaoqu/1611059186624/,中楼层(共29层),2012年建,3室2厅,123.57平米,西北,0,11天前发布
6357,此房是龙湖西宸原著标准的套二户型，视野开阔采光好,https://cd.ke.com/ershoufang/20030117710100157641.html,西宸原著御景,https://cd.ke.com/xiaoqu/1620021526413414/,低楼层(共40层),2019年建,2室2厅,71.8平米,南,0,11天前发布
6358,经典再现1室1厅西南,https://cd.ke.com/ershoufang/20030117710100148364.html,经典再现,https://cd.ke.com/xiaoqu/1611061351514/,低楼层(共20层),2010年建,1室1厅,52.83平米,西南,1,11天前发布
6359,二环内，中间楼层，采光好.房东诚心卖,https://cd.ke.com/ershoufang/20030117710100146455.html,宏源大厦,https://cd.ke.com/xiaoqu/1611059381124/,中楼层(共6层),1999年建,2室1厅,78.74平米,东,8,11天前发布
6360,城北橡树林水电气三通loft公寓买一层得一层房龄新,https://cd.ke.com/ershoufang/20030117710100145956.html,瑞升城北橡树林,https://cd.ke.com/xiaoqu/167012733955410/,中楼层(共22层)1室1厅,37.45平米,东,,,0,11天前发布
6361,香江岸3室2厅北,https://cd.ke.com/ershoufang/20030117710100140415.html,香江岸,https://cd.ke.com/xiaoqu/1611061094953/,中楼层(共18层),2009年建,3室2厅,122.77平米,北,0,11天前发布
6362,老会展现代城+标准套二+低楼层,https://cd.ke.com/ershoufang/20030117710100140837.html,现代城,https://cd.ke.com/xiaoqu/3011055272967/,低楼层(共31层),2014年建,2室1厅,78.2平米,西南,0,11天前发布
6363,金牛花园套三双卫客厅带阳台,https://cd.ke.com/ershoufang/20030117710100138110.html,金牛花园,https://cd.ke.com/xiaoqu/3011055302543/,高楼层(共17层),2009年建,3室2厅,138.36平米,西北,1,11天前发布
6364,阳曦芙蓉城，套二，没有装修，朝西北，客厅带阳台。,https://cd.ke.com/ershoufang/20030117710100136648.html,阳曦芙蓉城,https://cd.ke.com/xiaoqu/3011054860008/,低楼层(共27层),2009年建,2室2厅,85.96平米,西南,0,11天前发布
6365,五号线地铁洞子口站，精装套二，拎包入住,https://cd.ke.com/ershoufang/20030117710100134376.html,蓝光花满庭一期,https://cd.ke.com/xiaoqu/3011053734625/,中楼层(共21层),2009年建,2室2厅,68.89平米,北,11,11天前发布
6366,房子为中间楼层，满两年，无增值税。,https://cd.ke.com/ershoufang/20030117710100133184.html,龙湖北城天街一期,https://cd.ke.com/xiaoqu/1611059619438/,中楼层(共18层),2012年建,1室0厅,39.5平米,西,1,11天前发布
6367,锦西名宅西区+精装大套二+适中楼层,https://cd.ke.com/ershoufang/20030117710100131710.html,锦西名宅西区,https://cd.ke.com/xiaoqu/1611042029094/,高楼层(共6层),2002年建,2室1厅,98.9平米,西南,1,11天前发布
6368,精装套二，房子装修好，采光好，户型方正。,https://cd.ke.com/ershoufang/20030117710100131381.html,中加水岸,https://cd.ke.com/xiaoqu/1611063498992/,高楼层(共33层)2室1厅,72.5平米,西南,,,0,11天前发布
6369,西西里一期，满两年，客厅带阳台，朝西南，有装修,https://cd.ke.com/ershoufang/20030117710100126084.html,西西里一期,https://cd.ke.com/xiaoqu/1611058067102/,高楼层(共33层),2008年建,3室2厅,89平米,南,0,11天前发布
6370,2.5环金府内侧新桥逸景标准套一户型方正,https://cd.ke.com/ershoufang/20030117710100127250.html,新桥逸景B区,https://cd.ke.com/xiaoqu/1611047368901/,中楼层(共23层),2010年建,1室1厅,55.24平米,东,4,11天前发布
6371,马鞍北路精装套三户型方正采光好,https://cd.ke.com/ershoufang/20030117710100121417.html,马鞍北路社区,https://cd.ke.com/xiaoqu/3011054429348/,中楼层(共7层),2000年建,3室2厅,84.93平米,东,3,11天前发布
6372,5号线地铁口龙湖二期三居室中高楼层诚心出售,https://cd.ke.com/ershoufang/20030117710100119367.html,龙湖北城天街二期,https://cd.ke.com/xiaoqu/1611059622292/,中楼层(共23层),2013年建,3室1厅,105.7平米,西南,11,11天前发布
6373,中间楼层，安静对中庭，户型方正，交通便利。,https://cd.ke.com/ershoufang/20030117710100119489.html,绿杨新邨,https://cd.ke.com/xiaoqu/3011053933674/,中楼层(共18层),2002年建,2室2厅,103.57平米,东南,1,11天前发布
6374,锦西国际2室1厅南,https://cd.ke.com/ershoufang/20030117710100118525.html,锦西国际,https://cd.ke.com/xiaoqu/1611047665350/,中楼层(共22层),2008年建,2室1厅,32.6平米,南,0,11天前发布
6375,正成拉斐3室2厅东南,https://cd.ke.com/ershoufang/20030117710100112547.html,正成拉斐,https://cd.ke.com/xiaoqu/1611059202930/,高楼层(共18层),2012年建,3室2厅,92.06平米,东南,4,11天前发布
6376,金牛凯德交桂巷菜市场旁交桂一巷11号院,https://cd.ke.com/ershoufang/20030117710100105266.html,交桂一巷11号,https://cd.ke.com/xiaoqu/1611047619682/,高楼层(共7层),1999年建,3室2厅,86.21平米,南,0,11天前发布
6377,茶店子羊犀立交金色池塘套三出售带独立车库,https://cd.ke.com/ershoufang/20030117710100106620.html,金色池塘,https://cd.ke.com/xiaoqu/1611057884185/,低楼层(共6层),2004年建,3室2厅,94.53平米,西北,31,11天前发布
6378,二环内，套三双卫，无面积浪费，采光好,https://cd.ke.com/ershoufang/20030117710100106084.html,红花教师苑,https://cd.ke.com/xiaoqu/3011055765173/,高楼层(共7层),2004年建,3室1厅,109.47平米,东南,2,11天前发布
6379,新桥逸景A区2室1厅东,https://cd.ke.com/ershoufang/20030117710100102816.html,新桥逸景A区,https://cd.ke.com/xiaoqu/1611047107700/,低楼层(共6层),2006年建,2室1厅,54.84平米,东,22,11天前发布
6380,水韵天府居家装修大套二，满二，临公园,https://cd.ke.com/ershoufang/20030117710100102387.html,水韵天府,https://cd.ke.com/xiaoqu/3011053805067/,高楼层(共18层),2006年建,2室1厅,87.4平米,南,16,11天前发布
6381,精装套三，家具家电齐全，户型方正,https://cd.ke.com/ershoufang/20022917710100197267.html,天悦城,https://cd.ke.com/xiaoqu/1611063533871/,中楼层(共25层),2015年建,3室1厅,88.89平米,北,1,12天前发布
6382,圃园南一路4号2室1厅南,https://cd.ke.com/ershoufang/20022917710100195063.html,圃园南一路4号,https://cd.ke.com/xiaoqu/1611058861707/,高楼层(共7层),2000年建,2室1厅,88.79平米,南,0,12天前发布
6383,恒大西锦城套三双卫客厅和卧室带阳台安静不临街,https://cd.ke.com/ershoufang/20022917710100192134.html,恒大西锦城,https://cd.ke.com/xiaoqu/1611059186624/,高楼层(共29层),2012年建,3室2厅,124.17平米,西北,8,12天前发布
6384,绿地世纪城标准套三，户型方正，采光充足。,https://cd.ke.com/ershoufang/20022917710100191235.html,绿地世纪城,https://cd.ke.com/xiaoqu/3011053997428/,高楼层(共24层)3室2厅,91.14平米,东,,,30,12天前发布
6385,福林公寓3室2厅东南,https://cd.ke.com/ershoufang/20022917710100190969.html,福林公寓,https://cd.ke.com/xiaoqu/3011053865119/,高楼层(共7层)3室2厅,149平米,东南,,,0,12天前发布
6386,西岸观邸套四+对中庭安静舒适+看中庭全景+客厅带阳台,https://cd.ke.com/ershoufang/20022917710100188994.html,西岸观邸,https://cd.ke.com/xiaoqu/3011055647387/,低楼层(共32层),2013年建,4室2厅,126.73平米,西北,4,12天前发布
6387,锦城世家标准套一精装修保养很好拎包入住,https://cd.ke.com/ershoufang/20022917710100185979.html,锦城世家,https://cd.ke.com/xiaoqu/3011053926360/,中楼层(共28层),2014年建,1室1厅,48.62平米,东南,1,12天前发布
6388,金牛新都会地下车位-----地理位置好，出行方便,https://cd.ke.com/ershoufang/20022917710100183486.html,金牛新都会,https://cd.ke.com/xiaoqu/1611047645315/,地下室(共层),2013年建,1室0厅,34.26平米,东,0,12天前发布
6389,标准套二户型，房子户型方正，采光好,https://cd.ke.com/ershoufang/20022917710100184940.html,花圃北路11号,https://cd.ke.com/xiaoqu/3011053749919/,中楼层(共7层),1994年建,2室1厅,49.9平米,东南,2,12天前发布
6390,标准套三拎包入住、楼层、朝向都没有挑的,https://cd.ke.com/ershoufang/20022917710100179489.html,富丽碧蔓汀,https://cd.ke.com/xiaoqu/3011056057833/,低楼层(共26层),2009年建,3室1厅,74平米,南,18,12天前发布
6391,房子位于一环内，电梯房子，自住装修，户型方正,https://cd.ke.com/ershoufang/20022917710100175981.html,泰丰御园,https://cd.ke.com/xiaoqu/3011053928734/,中楼层(共20层),2012年建,3室1厅,89.9平米,东,0,12天前发布
6392,泰逸阳光1室1厅东南,https://cd.ke.com/ershoufang/20022917710100174624.html,泰逸阳光,https://cd.ke.com/xiaoqu/1611058741005/,中楼层(共5层),2005年建,1室1厅,62.18平米,东南,0,12天前发布
6393,沙河源上金府标准套二，主卧带阳台,https://cd.ke.com/ershoufang/20022917710100171452.html,沙河源上金府,https://cd.ke.com/xiaoqu/3011053824237/,高楼层(共22层),2009年建,2室1厅,75.88平米,东北,0,12天前发布
6394,二环边，地铁口，普通装修，标准套二,https://cd.ke.com/ershoufang/20022917710100167667.html,银沙北街58号院,https://cd.ke.com/xiaoqu/1611047351872/,高楼层(共7层),2001年建,2室1厅,76.31平米,西北东南,0,12天前发布
6395,西宸原著御景3室2厅南,https://cd.ke.com/ershoufang/20022917710100166886.html,西宸原著御景,https://cd.ke.com/xiaoqu/1620021526413414/,中楼层(共40层),2019年建,3室2厅,140平米,南,0,12天前发布
6396,锦城名都二期，新上车位，位置好，停车方便,https://cd.ke.com/ershoufang/20022917710100165512.html,锦城名都,https://cd.ke.com/xiaoqu/1611047296454/,地下室(共层)1室0厅,25.02平米,北,,,0,12天前发布
6397,天地芳苑，朝南套二，安静不临街！,https://cd.ke.com/ershoufang/20022917710100159525.html,天地芳苑,https://cd.ke.com/xiaoqu/1611047364874/,高楼层(共6层),2001年建,2室2厅,81.67平米,南,0,12天前发布
6398,此房满两年，楼层好，采光充足，配套设施齐全,https://cd.ke.com/ershoufang/20022917710100159334.html,龙湖北城天街二期,https://cd.ke.com/xiaoqu/1611059622292/,低楼层(共23层),2013年建,2室1厅,80平米,东北,0,12天前发布
6399,保利两河森林4室2厅南,https://cd.ke.com/ershoufang/20022917710100158725.html,保利两河森林,https://cd.ke.com/xiaoqu/1611063460290/,低楼层(共1层),2017年建,4室2厅,183平米,南,0,12天前发布
6400,一梯两户套三双卫配套成熟,https://cd.ke.com/ershoufang/20022917710100157134.html,蜀通街35号,https://cd.ke.com/xiaoqu/3011053444259/,中楼层(共7层),2003年建,3室2厅,138.95平米,西南,0,12天前发布
6401,锦西国际1室0厅西北,https://cd.ke.com/ershoufang/20022917710100157587.html,锦西国际,https://cd.ke.com/xiaoqu/1611047665350/,中楼层(共22层),2008年建,1室0厅,35.04平米,西北,1,12天前发布
6402,阳曦芙蓉城2室2厅南,https://cd.ke.com/ershoufang/20022917710100151676.html,阳曦芙蓉城,https://cd.ke.com/xiaoqu/3011054860008/,低楼层(共31层),2009年建,2室2厅,86.8平米,南,3,12天前发布
6403,泰逸美景，标准套二，带车位出售。,https://cd.ke.com/ershoufang/20022917710100149346.html,泰逸美景,https://cd.ke.com/xiaoqu/3011053915133/,低楼层(共11层),2005年建,2室1厅,99.32平米,东南,2,12天前发布
6404,龙湖源著东区+套四精装修自住+满2年+诚心出售,https://cd.ke.com/ershoufang/20022917710100146666.html,龙湖源著东区,https://cd.ke.com/xiaoqu/1620022064527315/,高楼层(共16层)4室2厅,125.38平米,东,,,6,12天前发布
6405,此房是跃层的，精装修的，家具家电齐。可拎包入住。,https://cd.ke.com/ershoufang/20022917710100145631.html,保利两河森林,https://cd.ke.com/xiaoqu/1611063460290/,低楼层(共10层)5室2厅,150.31平米,南北,,,0,12天前发布
6406,1号线韦家碾精装修套二绿地品质居家装修,https://cd.ke.com/ershoufang/20022917710100144263.html,绿地世纪城,https://cd.ke.com/xiaoqu/3011053997428/,中楼层(共16层),2016年建,2室1厅,74.18平米,南,3,12天前发布
6407,远洋朗郡1室0厅南,https://cd.ke.com/ershoufang/20022917710100133340.html,远洋朗郡,https://cd.ke.com/xiaoqu/1611061580219/,地下室(共层),2012年建,1室0厅,31.82平米,南,0,12天前发布
6408,满五唯一有阳台南北向不临街无抵押无按揭,https://cd.ke.com/ershoufang/20022917710100131728.html,西安中路39号,https://cd.ke.com/xiaoqu/3011053542062/,中楼层(共7层),1996年建,2室2厅,78.28平米,南北,1,12天前发布
6409,工人村新1室1厅南北,https://cd.ke.com/ershoufang/20022917710100126827.html,工人村新,https://cd.ke.com/xiaoqu/3011054419761/,中楼层(共5层),1978年建,1室1厅,28.42平米,南北,5,12天前发布
6410,电梯次新房，交通方便，配套完善,https://cd.ke.com/ershoufang/20022917710100124880.html,中房北极星花园,https://cd.ke.com/xiaoqu/166986511692080/,低楼层(共29层),2016年建,1室1厅,46.99平米,东南,0,12天前发布
6411,户型方正中间楼层安静不临街采光好,https://cd.ke.com/ershoufang/20022917710100125693.html,沙湾东一路171号,https://cd.ke.com/xiaoqu/1611058165432/,中楼层(共7层),2000年建,3室2厅,96平米,东南,0,12天前发布
6412,羊犀立交旁明阳家在回廊套三出售,https://cd.ke.com/ershoufang/20022917710100109428.html,明阳家在回廊,https://cd.ke.com/xiaoqu/1611057888858/,高楼层(共7层),2002年建,3室2厅,101.58平米,东南,12,12天前发布
6413,天鑫花园套二，精装修，采光好，临街，,https://cd.ke.com/ershoufang/20022917710100110217.html,锦西名宅西区,https://cd.ke.com/xiaoqu/1611042029094/,中楼层(共5层),2002年建,2室2厅,78.82平米,东南,10,12天前发布
6414,双地铁3号线7号线，多层大套二，看河看楼看风景。。,https://cd.ke.com/ershoufang/20022917710100107869.html,红旗巷5号,https://cd.ke.com/xiaoqu/1611061668283/,中楼层(共7层),2000年建,2室2厅,80.32平米,南,0,12天前发布
6415,营门口309小区户型方正有装修,https://cd.ke.com/ershoufang/20022917710100106591.html,营门口路309号,https://cd.ke.com/xiaoqu/1611061306607/,高楼层(共7层),1999年建,3室2厅,95.24平米,北南,0,12天前发布
6416,智慧康城套三双卫户型方正采光好,https://cd.ke.com/ershoufang/20022917710100105889.html,交大智能五期,https://cd.ke.com/xiaoqu/1611047077373/,高楼层(共6层),2001年建,3室2厅,131.21平米,东南,25,12天前发布
6417,映日荷花84.58平米套二，简装装修，朝南,https://cd.ke.com/ershoufang/20022817710100168132.html,映日荷花,https://cd.ke.com/xiaoqu/3011053820608/,中楼层(共20层),2009年建,2室1厅,84.58平米,南,0,13天前发布
6418,国宾片区精装三房户型方正采光好客厅带阳台,https://cd.ke.com/ershoufang/20022817710100162238.html,西城丽景,https://cd.ke.com/xiaoqu/3011054775525/,高楼层(共18层),2009年建,3室1厅,91.49平米,东南,3,13天前发布
6419,地铁口精装刚需套二..随时可以看房,https://cd.ke.com/ershoufang/20022817710100156531.html,国宾时光汇,https://cd.ke.com/xiaoqu/1611063528626/,高楼层(共22层),2015年建,2室1厅,78.33平米,南西南,1,13天前发布
6420,站西桥西街32号院1室1厅南北,https://cd.ke.com/ershoufang/20022817710100156252.html,站西桥西街32号院,https://cd.ke.com/xiaoqu/3011055081453/,中楼层(共7层)1室1厅,42.9平米,南北,,,0,13天前发布
6421,此房满二没有增值税，户型方正，采光好，位置安静。,https://cd.ke.com/ershoufang/20022817710100155362.html,泰丰花苑,https://cd.ke.com/xiaoqu/3011055549881/,低楼层(共11层),2005年建,2室1厅,71.14平米,西北,1,13天前发布
6422,华侨城东岸一楼套三清水，带花园，有地下室。,https://cd.ke.com/ershoufang/20022817710100153810.html,华侨城东岸一期,https://cd.ke.com/xiaoqu/1611063614968/,低楼层(共4层),2011年建,3室2厅,147.09平米,南,0,13天前发布
6423,泉水人家二期A区2室2厅南,https://cd.ke.com/ershoufang/20022817710100150695.html,泉水人家二期A区,https://cd.ke.com/xiaoqu/3011053756858/,低楼层(共16层),2010年建,2室2厅,81.38平米,南,4,13天前发布
6424,地铁口居家精装套二，客厅带阳台,https://cd.ke.com/ershoufang/20022817710100146026.html,一品天下C区,https://cd.ke.com/xiaoqu/1611060367406/,高楼层(共9层),2007年建,2室1厅,89.18平米,东南,3,13天前发布
6425,锦西国际标间装修采光好看房提前约,https://cd.ke.com/ershoufang/20022817710100143126.html,锦西国际,https://cd.ke.com/xiaoqu/1611047665350/,中楼层(共22层),2008年建,1室0厅,34.35平米,南,6,13天前发布
6426,育苗路14号3室1厅东南,https://cd.ke.com/ershoufang/20022817710100137239.html,育苗路14号,https://cd.ke.com/xiaoqu/3011054863788/,中楼层(共7层),1999年建,3室1厅,71.7平米,东南,5,13天前发布
6427,西西里一期精装修可以拎包入住,https://cd.ke.com/ershoufang/20022817710100130924.html,西西里一期,https://cd.ke.com/xiaoqu/1611058067102/,高楼层(共33层),2008年建,1室1厅,52.61平米,东南,4,13天前发布
6428,此房户型方正+采光好+视野开阔+满两年安静不吵。,https://cd.ke.com/ershoufang/20022817710100127019.html,东原亲亲里,https://cd.ke.com/xiaoqu/1611062687228/,中楼层(共19层),2015年建,3室1厅,89平米,东南,11,13天前发布
6429,中间楼层标准套三，双卫，居家装i徐可以拎包入住。,https://cd.ke.com/ershoufang/20022817710100126332.html,欣园,https://cd.ke.com/xiaoqu/1611044814747/,中楼层(共7层),2000年建,3室1厅,110.3平米,东南,3,13天前发布
6430,1.5环旁，居家套二，安静采光好,https://cd.ke.com/ershoufang/20022817710100125748.html,营和巷12号,https://cd.ke.com/xiaoqu/1611099961868/,低楼层(共7层),1997年建,2室1厅,60.63平米,北,23,13天前发布
6431,居家装修，客厅朝南看府河，拎包入住,https://cd.ke.com/ershoufang/20022817710100120598.html,锦江岸,https://cd.ke.com/xiaoqu/1611059164621/,低楼层(共23层),2008年建,2室2厅,90.23平米,南,5,13天前发布
6432,经典再现水电气民用小户型总价低,https://cd.ke.com/ershoufang/20022817710100119777.html,经典再现,https://cd.ke.com/xiaoqu/1611061351514/,中楼层(共20层),2010年建,1室1厅,48.16平米,南北,6,13天前发布
6433,金牛区华侨城原岸清水套二诚心出售,https://cd.ke.com/ershoufang/20022817710100117420.html,华侨城原岸,https://cd.ke.com/xiaoqu/1611061493025/,低楼层(共30层),2017年建,2室1厅,85平米,南北,0,13天前发布
6434,进城路线直达，旁边有龙湖北城天街综合体，龙湖品质,https://cd.ke.com/ershoufang/20022817710100116814.html,龙湖北城天街一期,https://cd.ke.com/xiaoqu/1611059619438/,地下室(共层),2012年建,1室0厅,28.88平米,东,0,13天前发布
6435,此房是龙湖西宸原著标准的套二户型，视野开阔采光好。,https://cd.ke.com/ershoufang/20022817710100115669.html,西宸原著御景,https://cd.ke.com/xiaoqu/1620021526413414/,中楼层(共40层),2019年建,2室1厅,73平米,西北,2,13天前发布
6436,龙湖北城天街二期2室2厅南,https://cd.ke.com/ershoufang/20022817710100115186.html,龙湖北城天街二期,https://cd.ke.com/xiaoqu/1611059622292/,高楼层(共23层),2013年建,2室2厅,80.18平米,南,0,13天前发布
6437,阳光金沙有装修套二采光好位置安静,https://cd.ke.com/ershoufang/20022817710100113167.html,阳光金沙,https://cd.ke.com/xiaoqu/1611044214290/,高楼层(共6层),2006年建,2室1厅,70.18平米,西南,7,13天前发布
6438,远洋朗郡3室2厅南,https://cd.ke.com/ershoufang/20022817710100110689.html,远洋朗郡,https://cd.ke.com/xiaoqu/1611061580219/,低楼层(共17层),2012年建,3室2厅,122.2平米,南,0,13天前发布
6439,交大智能二期+三居室+户型方正+客厅带阳台,https://cd.ke.com/ershoufang/20022817710100101887.html,交大智能二期,https://cd.ke.com/xiaoqu/1611047302033/,中楼层(共7层),2000年建,3室1厅,98.05平米,西北,25,13天前发布
6440,花好月圆套二，采光好，视野开阔，拎包入住居家装修,https://cd.ke.com/ershoufang/20022817710100101279.html,蓝光花好月圆,https://cd.ke.com/xiaoqu/1611058404480/,中楼层(共11层),2004年建,2室1厅,63.98平米,西南,27,13天前发布
6441,顶层住宅出售有装修，客厅阳台屋顶花园，需要全款全款,https://cd.ke.com/ershoufang/20022717710100165944.html,西线阳光,https://cd.ke.com/xiaoqu/3011054776444/,高楼层(共18层),2007年建,2室1厅,81.21平米,西北,0,14天前发布
6442,"福祥家园瑞康苑,小户型，有装修明厨明卫",https://cd.ke.com/ershoufang/20022717710100164984.html,福祥家园瑞康苑,https://cd.ke.com/xiaoqu/3011054747723/,高楼层(共6层),2007年建,2室1厅,51.15平米,南北,10,14天前发布
6443,户型优势：明厨明卫，通风效果好。视野良好,https://cd.ke.com/ershoufang/20022717710100164598.html,蓝光花满庭一期,https://cd.ke.com/xiaoqu/3011053734625/,低楼层(共21层),2009年建,2室1厅,65.36平米,南,1,14天前发布
6444,锦西国际套二有装修看房提前约,https://cd.ke.com/ershoufang/20022717710100164096.html,锦西国际,https://cd.ke.com/xiaoqu/1611047665350/,高楼层(共22层),2008年建,2室1厅,34.07平米,北,1,14天前发布
6445,西宸原著御景3室2厅南北,https://cd.ke.com/ershoufang/20022717710100163885.html,西宸原著御景,https://cd.ke.com/xiaoqu/1620021526413414/,中楼层(共40层),2019年建,3室2厅,100.24平米,南北,6,14天前发布
6446,茶店子公园旁，，风格简约时尚。。。。。。。。,https://cd.ke.com/ershoufang/20022717710100158235.html,金璐天下,https://cd.ke.com/xiaoqu/1611061509327/,高楼层(共31层),2010年建,1室0厅,59.83平米,东南,0,14天前发布
6447,二环内，标准套二，中间楼层，精装，客厅正带阳台,https://cd.ke.com/ershoufang/20022717710100157785.html,尚锦城,https://cd.ke.com/xiaoqu/3011055773221/,中楼层(共22层),2007年建,2室2厅,87.98平米,东南,0,14天前发布
6448,外化成五里墩一巷7号3室2厅东南,https://cd.ke.com/ershoufang/20022717710100156197.html,外化成五里墩一巷7号,https://cd.ke.com/xiaoqu/1620031804675551/,高楼层(共7层),1995年建,3室2厅,92.73平米,东南,2,14天前发布
6449,保利梧桐语标准产权车位，诚心出售,https://cd.ke.com/ershoufang/20022717710100154077.html,保利梧桐语,https://cd.ke.com/xiaoqu/1611061462318/,地下室(共1层)1室0厅,32.22平米,北,,,0,14天前发布
6450,洞子口，蓝光花满庭套二，不临街，可看,https://cd.ke.com/ershoufang/20022717710100153523.html,蓝光花满庭一期,https://cd.ke.com/xiaoqu/3011053734625/,中楼层(共21层),2009年建,2室1厅,77.7平米,南,1,14天前发布
6451,二环内，标准套二，带阳台，安静不临街,https://cd.ke.com/ershoufang/20022717710100147044.html,万科加州湾,https://cd.ke.com/xiaoqu/3011055265759/,低楼层(共27层),2008年建,2室2厅,82.12平米,东南,1,14天前发布
6452,此房满五唯一，中间楼层，卧室带阳台，户型通透,https://cd.ke.com/ershoufang/20022717710100142755.html,营通街181号,https://cd.ke.com/xiaoqu/1611059454044/,中楼层(共7层),1995年建,2室1厅,51.95平米,东南,0,14天前发布
6453,两河锦地居家装修套二，客厅带阳台。,https://cd.ke.com/ershoufang/20022717710100141793.html,两河锦地,https://cd.ke.com/xiaoqu/1611061096672/,高楼层(共18层),2009年建,2室2厅,86.4平米,西北,2,14天前发布
6454,蓝光富丽城，二环外侧套二，位置好，出行方便,https://cd.ke.com/ershoufang/20022717710100140463.html,蓝光富丽城,https://cd.ke.com/xiaoqu/1611061352342/,高楼层(共18层),2005年建,2室1厅,75.04平米,北,1,14天前发布
6455,凌江尚府2室1厅东南,https://cd.ke.com/ershoufang/20022717710100137928.html,凌江尚府,https://cd.ke.com/xiaoqu/3011053753580/,低楼层(共22层),2009年建,2室1厅,63.5平米,东南,0,14天前发布
6456,带车位大平层客厅带阳台对小区里面采光好视野开阔,https://cd.ke.com/ershoufang/20022717710100137463.html,华侨城天鹅堡,https://cd.ke.com/xiaoqu/1611058082316/,高楼层(共30层),2012年建,5室2厅,193.33平米,东,4,14天前发布
6457,营和街29号1室1厅东南,https://cd.ke.com/ershoufang/20022717710100133118.html,营和街29号,https://cd.ke.com/xiaoqu/1620024447843863/,高楼层(共7层),1994年建,1室1厅,45平米,东南,2,14天前发布
6458,百仁安盛，带家具家电，套4，西南朝向,https://cd.ke.com/ershoufang/20022717710100129039.html,百仁安盛,https://cd.ke.com/xiaoqu/3011054761924/,中楼层(共11层),2008年建,4室1厅,185.85平米,西南,2,14天前发布
6459,一环内，省工行单位小区，府河边，配套成熟,https://cd.ke.com/ershoufang/20022717710100129894.html,金华公寓,https://cd.ke.com/xiaoqu/3011053865620/,低楼层(共26层),2000年建,3室1厅,101.89平米,西北,2,14天前发布
6460,两河锦地，小套三，西南朝向，对公园,https://cd.ke.com/ershoufang/20022717710100130351.html,两河锦地,https://cd.ke.com/xiaoqu/1611061096672/,低楼层(共18层),2009年建,3室1厅,89.4平米,西南,3,14天前发布
6461,木综厂宿舍多层套二房子明厨明卫的,https://cd.ke.com/ershoufang/20022717710100129590.html,木综厂宿舍,https://cd.ke.com/xiaoqu/3011053987208/,高楼层(共7层),2006年建,2室2厅,79.85平米,东,3,14天前发布
6462,户型方正+高楼层+有装修+看房预约,https://cd.ke.com/ershoufang/20022717710100128261.html,兴元绿洲一期,https://cd.ke.com/xiaoqu/1611041885209/,高楼层(共22层),2007年建,2室2厅,94.01平米,东南,0,14天前发布
6463,龙湖北城天街二期洋房欧式装修,https://cd.ke.com/ershoufang/20022717710100128414.html,龙湖北城天街二期,https://cd.ke.com/xiaoqu/1611059622292/,高楼层(共6层),2013年建,3室1厅,129.16平米,南,0,14天前发布
6464,西线阳光，二居室，中高楼层采光好,https://cd.ke.com/ershoufang/20022717710100125954.html,西线阳光,https://cd.ke.com/xiaoqu/3011054776444/,中楼层(共18层),2007年建,2室1厅,81.21平米,东南,0,14天前发布
6465,一环路北三段55号3室2厅东南,https://cd.ke.com/ershoufang/20022717710100125426.html,一环路北三段55号,https://cd.ke.com/xiaoqu/3011054769608/,高楼层(共7层),2000年建,3室2厅,112平米,东南,1,14天前发布
6466,对中庭，大阳台，视野宽无遮挡，采光视线好。,https://cd.ke.com/ershoufang/20022717710100121032.html,万科金域西岭,https://cd.ke.com/xiaoqu/1611058825282/,中楼层(共34层),2012年建,2室2厅,89平米,南北,3,14天前发布
6467,龙门镇二期3室1厅南,https://cd.ke.com/ershoufang/20022717710100119564.html,龙门镇二期,https://cd.ke.com/xiaoqu/3011053977876/,高楼层(共32层),2013年建,3室1厅,93.65平米,南,8,14天前发布
6468,映日荷花小套二有装修满两年,https://cd.ke.com/ershoufang/20022717710100117224.html,映日荷花,https://cd.ke.com/xiaoqu/3011053820608/,低楼层(共23层),2009年建,2室1厅,57.05平米,西,9,14天前发布
6469,西城星座套二有装修卧室朝南诚心出售多多推荐,https://cd.ke.com/ershoufang/20022717710100111547.html,西城星座,https://cd.ke.com/xiaoqu/1611060952415/,中楼层(共18层),2007年建,2室2厅,86.99平米,南,1,14天前发布
6470,低楼层不临街全明格局套二，采光好户型正,https://cd.ke.com/ershoufang/20022717710100109135.html,汇阳新村,https://cd.ke.com/xiaoqu/1611047785597/,低楼层(共6层),2003年建,2室1厅,84.76平米,东南东北,9,14天前发布
6471,保利梧桐语2室1厅东南,https://cd.ke.com/ershoufang/20022717710100108699.html,保利梧桐语,https://cd.ke.com/xiaoqu/1611061462318/,高楼层(共15层),2014年建,2室1厅,109.71平米,东南,3,14天前发布
6472,两河锦地，有花园，空间大，跃层,https://cd.ke.com/ershoufang/20022717710100110318.html,两河锦地,https://cd.ke.com/xiaoqu/1611061096672/,低楼层(共18层),2009年建,2室1厅,87.35平米,东南,16,14天前发布
6473,天悦城3室1厅东南,https://cd.ke.com/ershoufang/20022717710100109415.html,天悦城,https://cd.ke.com/xiaoqu/1611063533871/,低楼层(共33层),2016年建,3室1厅,99.8平米,东南,4,14天前发布
6474,金沙美邻丽榭苑2室1厅东南,https://cd.ke.com/ershoufang/20022717710100104781.html,金沙美邻丽榭苑,https://cd.ke.com/xiaoqu/3011055248464/,高楼层(共12层),2008年建,2室1厅,84.66平米,东南,8,14天前发布
6475,金福苑标准套二，户型方正，配套齐全,https://cd.ke.com/ershoufang/20022717710100101756.html,金福苑(金牛),https://cd.ke.com/xiaoqu/3011055530572/,高楼层(共6层)2室1厅,71.34平米,东南,,,3,14天前发布
6476,龙门镇2室2厅北,https://cd.ke.com/ershoufang/20022717710100101679.html,龙门镇,https://cd.ke.com/xiaoqu/3011053919910/,高楼层(共33层),2013年建,2室2厅,87.27平米,北,0,14天前发布
6477,两河锦地优质车位，进出方便。。,https://cd.ke.com/ershoufang/20022617710100161640.html,两河锦地,https://cd.ke.com/xiaoqu/1611061096672/,地下室(共层)1室0厅,35.51平米,东南,,,0,15天前发布
6478,两河锦地2室1厅东南,https://cd.ke.com/ershoufang/20022617710100160857.html,两河锦地,https://cd.ke.com/xiaoqu/1611061096672/,中楼层(共18层),2009年建,2室1厅,85.05平米,东南,0,15天前发布
6479,悦民苑中楼层标准套二,https://cd.ke.com/ershoufang/20022617710100159312.html,悦民苑,https://cd.ke.com/xiaoqu/3011053389005/,中楼层(共7层),2000年建,3室2厅,103.03平米,南,0,15天前发布
6480,低楼层带花园，套三双卫，大平层，前后不临街,https://cd.ke.com/ershoufang/20022617710100158084.html,交大智能四期,https://cd.ke.com/xiaoqu/1611047303497/,低楼层(共7层),2001年建,3室2厅,114.3平米,北,0,15天前发布
6481,地铁仁和迎宾采光性好自住精装标准套三双卫保养好,https://cd.ke.com/ershoufang/20022617710100156751.html,仁和迎宾,https://cd.ke.com/xiaoqu/1611059200641/,中楼层(共23层),2012年建,3室1厅,103.18平米,南,0,15天前发布
6482,沙河公园旁标准套三，对中庭，无遮挡，采光好,https://cd.ke.com/ershoufang/20022617710100156842.html,芙华新大陆,https://cd.ke.com/xiaoqu/1611060732182/,中楼层(共11层),2006年建,3室1厅,99.18平米,北,2,15天前发布
6483,低楼层套二，大卧室，带阳台，随时看房,https://cd.ke.com/ershoufang/20022617710100155134.html,一环路北一段270号,https://cd.ke.com/xiaoqu/3011055237260/,低楼层(共6层),1988年建,2室1厅,60.85平米,东南,60,15天前发布
6484,荷里活1室0厅东南北,https://cd.ke.com/ershoufang/20022617710100152871.html,荷里活,https://cd.ke.com/xiaoqu/3011052661863/,地下室(共层)1室0厅,43.93平米,东南北,,,0,15天前发布
6485,荷里活精装套二自住装修朝北,https://cd.ke.com/ershoufang/20022617710100152075.html,荷里活,https://cd.ke.com/xiaoqu/3011052661863/,高楼层(共24层),2012年建,2室2厅,46.02平米,北,3,15天前发布
6486,次新房+小区环境好+采光视野好,https://cd.ke.com/ershoufang/20022617710100150237.html,天羽揽月轩,https://cd.ke.com/xiaoqu/1611064016064/,低楼层(共12层),2016年建,3室1厅,82.82平米,东南,18,15天前发布
6487,金沙别致2室1厅西南,https://cd.ke.com/ershoufang/20022617710100148384.html,金沙别致,https://cd.ke.com/xiaoqu/3011055311865/,高楼层(共23层),2011年建,2室1厅,78.26平米,西南,2,15天前发布
6488,阳曦芙蓉城两室两厅一厨一卫，厨房和卫生间有窗户.,https://cd.ke.com/ershoufang/20022617710100146416.html,阳曦芙蓉城,https://cd.ke.com/xiaoqu/3011054860008/,低楼层(共31层),2009年建,2室2厅,86.8平米,东南,2,15天前发布
6489,一环内，花牌坊街，房子满两年，交通便利，带车位。,https://cd.ke.com/ershoufang/20022617710100136638.html,泰丰御园,https://cd.ke.com/xiaoqu/3011053928734/,中楼层(共16层),2012年建,3室2厅,89.25平米,北西北,3,15天前发布
6490,映日荷花好房小套二，地铁口，对中庭,https://cd.ke.com/ershoufang/20022617710100134698.html,映日荷花,https://cd.ke.com/xiaoqu/3011053820608/,中楼层(共23层),2009年建,2室1厅,53平米,南北,32,15天前发布
6491,2.5环沙河公园边标准三房对小区中庭,https://cd.ke.com/ershoufang/20022617710100132925.html,芙华新大陆,https://cd.ke.com/xiaoqu/1611060732182/,高楼层(共11层),2006年建,3室1厅,99.37平米,西,15,15天前发布
6492,一环边采光充足居家套二诚心出售,https://cd.ke.com/ershoufang/20022617710100125970.html,解放西路,https://cd.ke.com/xiaoqu/3011054903991/,高楼层(共6层)2室1厅,64.2平米,南北,,,0,15天前发布
6493,花朝月盈精装修套三，采光良好。,https://cd.ke.com/ershoufang/20022617710100126797.html,花朝月盈,https://cd.ke.com/xiaoqu/1611047365248/,中楼层(共6层),2005年建,3室1厅,100.12平米,东南,3,15天前发布
6494,轻工厅标准套二，安静不临街，中间楼层，看房方便,https://cd.ke.com/ershoufang/20022617710100123256.html,一环路北三段6号,https://cd.ke.com/xiaoqu/1620022384370709/,中楼层(共7层)2室2厅,84.21平米,南,,,0,15天前发布
6495,蜀汉路绿洲华苑精装套三带同面积屋顶花园不临街,https://cd.ke.com/ershoufang/20022617710100122650.html,绿洲华苑,https://cd.ke.com/xiaoqu/3011055676316/,高楼层(共6层),2004年建,3室1厅,111.65平米,东西,2,15天前发布
6496,檀香花园3室2厅东北,https://cd.ke.com/ershoufang/20022617710100117863.html,檀香花园,https://cd.ke.com/xiaoqu/3011055368733/,中楼层(共26层),2011年建,3室2厅,93.6平米,东北,8,15天前发布
6497,对中庭看花园，朝东开间4米3，阳台6.4平米的标间,https://cd.ke.com/ershoufang/20022617710100112457.html,兴元绿洲一期,https://cd.ke.com/xiaoqu/1611041885209/,中楼层(共22层),2007年建,1室1厅,45.56平米,东,5,15天前发布
6498,精装套二看房预约诚心出售交通方便,https://cd.ke.com/ershoufang/20022617710100111569.html,都市人家二期,https://cd.ke.com/xiaoqu/1611061117848/,中楼层(共7层),1997年建,2室1厅,83.47平米,西南,3,15天前发布
6499,03年园林小区，中间楼层，交通方便,https://cd.ke.com/ershoufang/20022617710100109433.html,凤凰栖,https://cd.ke.com/xiaoqu/1611047737564/,中楼层(共6层),2000年建,3室2厅,123.74平米,东南,4,15天前发布
6500,北站东二路7号2室1厅东南,https://cd.ke.com/ershoufang/20022617710100108744.html,北站东二路7号,https://cd.ke.com/xiaoqu/1620028327174486/,中楼层(共7层),2000年建,2室1厅,73平米,东南,3,15天前发布
6501,香木林加州国际标准套一，户型方正采光好,https://cd.ke.com/ershoufang/20022517710100154673.html,香木林加州国际,https://cd.ke.com/xiaoqu/1611047338092/,低楼层(共23层),2009年建,1室1厅,49.44平米,东,2,16天前发布
6502,一环内金牛区次新房中铁马家公馆三居室带车位,https://cd.ke.com/ershoufang/20022517710100152218.html,中铁马家公馆,https://cd.ke.com/xiaoqu/1611063826168/,中楼层(共32层),2014年建,3室1厅,103平米,东南,0,16天前发布
6503,瑞升城北橡树林2室1厅南,https://cd.ke.com/ershoufang/20022517710100151114.html,瑞升城北橡树林,https://cd.ke.com/xiaoqu/167012733955410/,中楼层(共22层)2室1厅,37.54平米,南,,,0,16天前发布
6504,瑞升城北橡树林2室1厅南,https://cd.ke.com/ershoufang/20022517710100151314.html,瑞升城北橡树林,https://cd.ke.com/xiaoqu/167012733955410/,中楼层(共22层)2室1厅,37.54平米,南,,,1,16天前发布
6505,蜀汉路金都花园精装套二可直接拎包入住不临街,https://cd.ke.com/ershoufang/20022517710100141615.html,金都花园,https://cd.ke.com/xiaoqu/1611047922702/,中楼层(共11层),2003年建,2室1厅,89.19平米,西南,6,16天前发布
6506,新天地3室2厅南东,https://cd.ke.com/ershoufang/20022517710100140244.html,新天地,https://cd.ke.com/xiaoqu/3011053935080/,高楼层(共18层),2002年建,3室2厅,143.63平米,南东,0,16天前发布
6507,九里堤金府清水套二中间楼层,https://cd.ke.com/ershoufang/20022517710100132637.html,兴元绿洲一期,https://cd.ke.com/xiaoqu/1611041885209/,中楼层(共22层),2007年建,2室1厅,82.9平米,东南西南,4,16天前发布
6508,精装套二户型方正业主自主,https://cd.ke.com/ershoufang/20022517710100132493.html,锦城名都,https://cd.ke.com/xiaoqu/1611047296454/,低楼层(共33层),2009年建,2室2厅,83.41平米,西南,1,16天前发布
6509,仁和迎宾套二有装修有阳台采光好,https://cd.ke.com/ershoufang/20022517710100126572.html,仁和迎宾,https://cd.ke.com/xiaoqu/1611059200641/,低楼层(共23层),2012年建,2室1厅,66.19平米,东南,11,16天前发布
6510,标准套二南北通透采光好低楼层,https://cd.ke.com/ershoufang/20022517710100126270.html,青羊东二路78号,https://cd.ke.com/xiaoqu/3011055563006/,中楼层(共6层),1993年建,2室1厅,70.47平米,南北,0,16天前发布
6511,地铁口处恒大西锦城自住精装套三带阳台对中庭,https://cd.ke.com/ershoufang/20022517710100125634.html,恒大西锦城,https://cd.ke.com/xiaoqu/1611059186624/,低楼层(共29层),2012年建,3室1厅,121.47平米,西北,5,16天前发布
6512,标准套一，明厨明卫，端头位置，不临街,https://cd.ke.com/ershoufang/20022517710100107781.html,交大智能八期,https://cd.ke.com/xiaoqu/1611047109099/,低楼层(共6层),2003年建,1室1厅,51.36平米,南,2,16天前发布
6513,银沙横街6号+套一+户型方正+采光好,https://cd.ke.com/ershoufang/20022517710100108520.html,银沙横街6号院,https://cd.ke.com/xiaoqu/1611047701031/,高楼层(共7层),2000年建,1室1厅,44.35平米,南,2,16天前发布
6514,一环路边，对中庭，采光好，安静不临街，随时看房,https://cd.ke.com/ershoufang/20022517710100103312.html,鑫园(金牛),https://cd.ke.com/xiaoqu/3011054767154/,高楼层(共7层),2006年建,4室2厅,126.86平米,南,16,16天前发布
6515,映日荷花朝南小套二有装修,https://cd.ke.com/ershoufang/20022417710100140492.html,映日荷花,https://cd.ke.com/xiaoqu/3011053820608/,中楼层(共19层),2009年建,2室1厅,63.29平米,南,0,17天前发布
6516,精装套二+卧室客厅通阳台视野好,https://cd.ke.com/ershoufang/20022417710100138061.html,西岸观邸,https://cd.ke.com/xiaoqu/3011055647387/,高楼层(共30层),2013年建,2室2厅,87.92平米,南,19,17天前发布
6517,精装套三，一梯两户，厨房和次卧带生活阳台，对中庭,https://cd.ke.com/ershoufang/20022417710100137975.html,锦西花园一期,https://cd.ke.com/xiaoqu/1611047370267/,高楼层(共7层),2000年建,3室2厅,114.42平米,东南,3,17天前发布
6518,全兴花园3室2厅南,https://cd.ke.com/ershoufang/20022417710100134536.html,全兴花园,https://cd.ke.com/xiaoqu/3011053944332/,高楼层(共18层),2002年建,3室2厅,151.17平米,南,0,17天前发布
6519,华侨城天鹅堡3室1厅东东南,https://cd.ke.com/ershoufang/20022417710100133915.html,华侨城天鹅堡,https://cd.ke.com/xiaoqu/1611058082316/,中楼层(共32层),2012年建,3室1厅,139平米,东东南,0,17天前发布
6520,文殊院北极星精装套一带榻榻米,https://cd.ke.com/ershoufang/20022417710100125225.html,中房北极星花园,https://cd.ke.com/xiaoqu/166986511692080/,低楼层(共29层),2016年建,1室1厅,46.99平米,南,14,17天前发布
6521,房子满两年带阳台，采光好，精装修保养很不错,https://cd.ke.com/ershoufang/20022417710100120777.html,白鸽岛尚,https://cd.ke.com/xiaoqu/3011054730875/,高楼层(共19层),2008年建,3室2厅,120.08平米,南北,0,17天前发布
6522,房子带一个平台，比同户型实际使用面积更大,https://cd.ke.com/ershoufang/20022417710100115085.html,金色港湾,https://cd.ke.com/xiaoqu/1611061148488/,低楼层(共15层),2008年建,2室1厅,48.23平米,南,0,17天前发布
6523,全兴花园跃层套二，有装修，看房提前预约,https://cd.ke.com/ershoufang/20022417710100113636.html,全兴花园,https://cd.ke.com/xiaoqu/3011053944332/,中楼层(共11层),2002年建,2室2厅,102.45平米,南北,1,17天前发布
6524,唯特郡1室1厅东南,https://cd.ke.com/ershoufang/20022417710100111983.html,唯特郡,https://cd.ke.com/xiaoqu/3011053441739/,高楼层(共18层),2007年建,1室1厅,53.73平米,东南,2,17天前发布
6525,西门蜀汉路锦汇花园套二，户型方正，不临街，,https://cd.ke.com/ershoufang/20022417710100111027.html,锦汇花园,https://cd.ke.com/xiaoqu/3011053413709/,低楼层(共11层),2001年建,2室1厅,89.9平米,东南,0,17天前发布
6526,碧蔓汀装修套三不临街可拎包入住,https://cd.ke.com/ershoufang/20022417710100107067.html,富丽碧蔓汀,https://cd.ke.com/xiaoqu/3011056057833/,中楼层(共26层),2009年建,3室1厅,100.83平米,东南,13,17天前发布
6527,二环外测，标准套三单卫带阳台，朝东南采光好。,https://cd.ke.com/ershoufang/20022417710100106996.html,润泽园,https://cd.ke.com/xiaoqu/3011056085946/,高楼层(共7层),2000年建,3室2厅,89.72平米,东南,0,17天前发布
6528,明厨明卫，采光好，中楼层，有阳台，无抵押，满五年,https://cd.ke.com/ershoufang/20022417710100105512.html,十二桥路17号,https://cd.ke.com/xiaoqu/3011055573996/,中楼层(共7层),1995年建,2室1厅,70.53平米,东南,7,17天前发布
6529,金房央座2室2厅东南,https://cd.ke.com/ershoufang/20022417710100102117.html,金房央座,https://cd.ke.com/xiaoqu/1611047613861/,低楼层(共20层),2010年建,2室2厅,79.8平米,东南,0,17天前发布
6530,一环路，城北小区中低楼层，配套好,https://cd.ke.com/ershoufang/20022317710100142755.html,城北小区(金牛),https://cd.ke.com/xiaoqu/3011054693623/,低楼层(共7层),2000年建,4室2厅,130.17平米,南西南,0,18天前发布
6531,2.5环沙河公园旁，方正套二，朝南对中庭，有装修,https://cd.ke.com/ershoufang/20022317710100139780.html,水韵天府,https://cd.ke.com/xiaoqu/3011053805067/,低楼层(共18层),2006年建,2室1厅,87.05平米,南,0,18天前发布
6532,西城公馆2室1厅东南,https://cd.ke.com/ershoufang/20022317710100138998.html,西城公馆,https://cd.ke.com/xiaoqu/1611041922936/,中楼层(共30层),2009年建,2室1厅,85.22平米,东南,0,18天前发布
6533,营门口电梯套二，精装修房东自住。,https://cd.ke.com/ershoufang/20022317710100132033.html,澳林春天,https://cd.ke.com/xiaoqu/1611041866772/,中楼层(共23层),2009年建,2室1厅,70.81平米,南,6,18天前发布
6534,双城2室1厅东南,https://cd.ke.com/ershoufang/20022317710100131341.html,双城,https://cd.ke.com/xiaoqu/1611059503380/,低楼层(共33层),2009年建,2室1厅,76平米,东南,2,18天前发布
6535,兴元绿洲一期2室1厅西,https://cd.ke.com/ershoufang/20022317710100126982.html,兴元绿洲一期,https://cd.ke.com/xiaoqu/1611041885209/,中楼层(共22层),2007年建,2室1厅,44.97平米,西,7,18天前发布
6536,营福庭苑2室2厅南,https://cd.ke.com/ershoufang/20022317710100123710.html,营福庭苑,https://cd.ke.com/xiaoqu/3011053584585/,低楼层(共7层),1996年建,2室2厅,68.38平米,南,0,18天前发布
6537,花牌坊191号3室1厅东,https://cd.ke.com/ershoufang/20022317710100118489.html,花牌坊191号,https://cd.ke.com/xiaoqu/3011052217030/,低楼层(共7层),1988年建,3室1厅,76.2平米,东,0,18天前发布
6538,此房是龙湖西宸原著标准的套二户型，视野开阔采光好,https://cd.ke.com/ershoufang/20022317710100111913.html,西宸原著御景,https://cd.ke.com/xiaoqu/1620021526413414/,低楼层(共40层),2019年建,2室1厅,73平米,东南,1,18天前发布
6539,曦城套一户型方正不临街朝东南,https://cd.ke.com/ershoufang/20022317710100104776.html,曦城,https://cd.ke.com/xiaoqu/3011054858227/,低楼层(共33层),2009年建,1室1厅,47.71平米,东南,5,18天前发布
6540,青羊西路2号院3室1厅南,https://cd.ke.com/ershoufang/20022317710100103455.html,青羊西路2号院,https://cd.ke.com/xiaoqu/1611060915510/,高楼层(共7层),1986年建,3室1厅,65.93平米,南,1,18天前发布
6541,五福丽景，标准套一，采光好，中间楼层，,https://cd.ke.com/ershoufang/20022317710100102696.html,五福丽景,https://cd.ke.com/xiaoqu/1620030294021389/,中楼层(共6层)1室1厅,43.07平米,东南,,,3,18天前发布
6542,精装套四双卫带入户，明厨明卫，采光好，带车位,https://cd.ke.com/ershoufang/20022317710100100149.html,正成拉斐,https://cd.ke.com/xiaoqu/1611059202930/,高楼层(共18层),2012年建,4室2厅,89.42平米,东西,1,18天前发布
6543,二环边大套一，电梯商品房，2011年小区，价格很实惠,https://cd.ke.com/ershoufang/20022217710100138587.html,紫金乐章,https://cd.ke.com/xiaoqu/167969784737624/,低楼层(共18层)1室1厅,59.84平米,东,,,0,19天前发布
6544,蓝光富丽碧蔓汀东南朝向套二出售！！！,https://cd.ke.com/ershoufang/20022217710100138428.html,富丽碧蔓汀,https://cd.ke.com/xiaoqu/3011056057833/,高楼层(共26层),2009年建,2室2厅,62平米,东南,4,19天前发布
6545,蓝光花好月圆电梯精装修套一,https://cd.ke.com/ershoufang/20022217710100137258.html,蓝光花好月圆,https://cd.ke.com/xiaoqu/1611058404480/,高楼层(共11层),2004年建,1室1厅,51平米,西南,29,19天前发布
6546,居家两室客厅带阳台视野开阔采光好,https://cd.ke.com/ershoufang/20022217710100136360.html,华侨城纯水岸二期,https://cd.ke.com/xiaoqu/1611058082282/,中楼层(共33层),2010年建,2室1厅,76.19平米,东南,0,19天前发布
6547,低楼层的标准套二，明厨明卫，对中庭，安静不临街,https://cd.ke.com/ershoufang/20022217710100135439.html,营通街16号,https://cd.ke.com/xiaoqu/3011053388023/,低楼层(共7层),1997年建,2室1厅,68.38平米,东南,1,19天前发布
6548,一环内中铁二局09年小区套一带书房,https://cd.ke.com/ershoufang/20022217710100133680.html,曦城,https://cd.ke.com/xiaoqu/3011054858227/,低楼层(共33层),2009年建,1室1厅,49.61平米,东南,1,19天前发布
6549,凯丽标准套二，户型方正，明厨明卫，采光充足,https://cd.ke.com/ershoufang/20022217710100132630.html,凯丽豪景,https://cd.ke.com/xiaoqu/3011053425970/,高楼层(共30层),2008年建,2室2厅,62.06平米,东南,15,19天前发布
6550,高家庄标准套一精装修带小花园,https://cd.ke.com/ershoufang/20022217710100123344.html,西城丽景,https://cd.ke.com/xiaoqu/3011054775525/,低楼层(共18层),2009年建,1室1厅,60.38平米,东东南,0,19天前发布
6551,户型方正，采光好，安静不临街。,https://cd.ke.com/ershoufang/20022217710100119961.html,荷里活,https://cd.ke.com/xiaoqu/3011052661863/,高楼层(共24层),2012年建,2室1厅,54.24平米,东南,5,19天前发布
6552,万科金域西岭4室2厅东南,https://cd.ke.com/ershoufang/20022217710100117348.html,万科金域西岭,https://cd.ke.com/xiaoqu/1611058825282/,高楼层(共34层),2012年建,4室2厅,174平米,东南,2,19天前发布
6553,泰逸美景安静精装套二电梯小高层,https://cd.ke.com/ershoufang/20022217710100113469.html,泰逸美景,https://cd.ke.com/xiaoqu/3011053915133/,中楼层(共11层),2005年建,2室1厅,97.11平米,东北,6,19天前发布
6554,西南朝向俯瞰别墅区多重阳台飘窗拓宽室内空间,https://cd.ke.com/ershoufang/20022217710100100820.html,华侨城纯水岸二期,https://cd.ke.com/xiaoqu/1611058082282/,高楼层(共30层),2010年建,3室1厅,91.69平米,西南,4,19天前发布
6555,金府世家2室1厅东南,https://cd.ke.com/ershoufang/20022117710100148146.html,金府世家,https://cd.ke.com/xiaoqu/3011053744749/,高楼层(共17层),2009年建,2室1厅,86.79平米,东南,0,20天前发布
6556,五号线地铁口，电梯高层，大套一,https://cd.ke.com/ershoufang/20022117710100143724.html,泉水人家二期A区,https://cd.ke.com/xiaoqu/3011053756858/,低楼层(共16层),2010年建,1室1厅,62.39平米,北,8,20天前发布
6557,主城区三环边，地铁口套一，公园房,https://cd.ke.com/ershoufang/20022117710100143932.html,泉水人家二期A区,https://cd.ke.com/xiaoqu/3011053756858/,低楼层(共16层),2010年建,1室1厅,50.15平米,南,11,20天前发布
6558,此房精装修，带家具家电，安静高楼层采光好,https://cd.ke.com/ershoufang/20022117710100141036.html,华侨城天鹅堡,https://cd.ke.com/xiaoqu/1611058082316/,低楼层(共32层),2012年建,4室1厅,146.87平米,东南南,1,20天前发布
6559,幸福丽景居家装修，水电气三通标准套一,https://cd.ke.com/ershoufang/20022117710100125199.html,幸福丽景,https://cd.ke.com/xiaoqu/1611041885701/,中楼层(共5层),2000年建,1室1厅,35.88平米,东南,3,20天前发布
6560,装修套二客厅带阳台卧室方正,https://cd.ke.com/ershoufang/20022117710100124055.html,两河锦地,https://cd.ke.com/xiaoqu/1611061096672/,中楼层(共18层),2009年建,2室2厅,87.58平米,南西,0,20天前发布
6561,双城1室1厅东,https://cd.ke.com/ershoufang/20022117710100122654.html,双城,https://cd.ke.com/xiaoqu/1611059503380/,中楼层(共33层),2009年建,1室1厅,54.61平米,东,0,20天前发布
6562,沙河源上金府标准套二朝南对中庭中间楼层,https://cd.ke.com/ershoufang/20022117710100121459.html,沙河源上金府,https://cd.ke.com/xiaoqu/3011053824237/,中楼层(共22层),2009年建,2室1厅,89平米,南,1,20天前发布
6563,成都市金牛区一环内标准套一出售,https://cd.ke.com/ershoufang/20022117710100118633.html,通锦路3号院,https://cd.ke.com/xiaoqu/3011052563789/,低楼层(共3层),1992年建,1室1厅,46.31平米,南,2,20天前发布
6564,小区安静不临街户型方正改善型住宅,https://cd.ke.com/ershoufang/20022117710100118420.html,北辰花园,https://cd.ke.com/xiaoqu/1611059172164/,中楼层(共12层),2000年建,3室1厅,133平米,南,7,20天前发布
6565,西西里二期客厅带阳台视野开阔业主诚心出售,https://cd.ke.com/ershoufang/20022117710100119289.html,西西里二期,https://cd.ke.com/xiaoqu/1611058061998/,中楼层(共34层),2009年建,2室1厅,88.98平米,西南,0,20天前发布
6566,西城天下3室2厅西北,https://cd.ke.com/ershoufang/20022117710100114610.html,西城天下,https://cd.ke.com/xiaoqu/3011054758502/,中楼层(共31层),2009年建,3室2厅,125平米,西北,0,20天前发布
6567,西宸原著御景3室2厅西南,https://cd.ke.com/ershoufang/20022117710100113015.html,西宸原著御景,https://cd.ke.com/xiaoqu/1620021526413414/,低楼层(共33层),2019年建,3室2厅,138.27平米,西南,0,20天前发布
6568,双地铁口一品天下C区标准套二,https://cd.ke.com/ershoufang/20022117710100111549.html,一品天下C区,https://cd.ke.com/xiaoqu/1611060367406/,高楼层(共9层),2007年建,2室1厅,84.52平米,东南,3,20天前发布
6569,西体路9号2室1厅东南,https://cd.ke.com/ershoufang/20022117710100110373.html,西体路9号,https://cd.ke.com/xiaoqu/3011055652416/,中楼层(共7层),1990年建,2室1厅,71.98平米,东南,4,20天前发布
6570,泉水人家二期B区2室2厅西,https://cd.ke.com/ershoufang/20022117710100110127.html,泉水人家二期B区,https://cd.ke.com/xiaoqu/3011053756859/,高楼层(共16层),2011年建,2室2厅,80.68平米,西,1,20天前发布
6571,五合苑标准套一户型方正采光充足,https://cd.ke.com/ershoufang/20022117710100107463.html,五合苑,https://cd.ke.com/xiaoqu/1614196151955539/,低楼层(共23层),2015年建,1室1厅,49.02平米,东西,0,20天前发布
6572,04年商品房，小区环境好，户型通透无浪费,https://cd.ke.com/ershoufang/20022117710100106970.html,宜家结庐缘,https://cd.ke.com/xiaoqu/1611060917058/,高楼层(共6层),2010年建,2室2厅,84平米,东南,1,20天前发布
6573,沙河公园旁，新装修套三双卫，对中庭采光视野好,https://cd.ke.com/ershoufang/20022117710100100893.html,水韵天府,https://cd.ke.com/xiaoqu/3011053805067/,低楼层(共18层),2006年建,3室1厅,127平米,西,1,20天前发布
6574,配套设施齐全，地铁3号线，交通便利,https://cd.ke.com/ershoufang/20022117710100100772.html,格林尚元丽舍,https://cd.ke.com/xiaoqu/1611060281234/,高楼层(共20层),2007年建,2室1厅,65.36平米,东南,1,20天前发布
6575,标准套三，户型方正，房间通透，中间楼层，采光好,https://cd.ke.com/ershoufang/20022017710100134038.html,水韵天府,https://cd.ke.com/xiaoqu/3011053805067/,低楼层(共18层),2006年建,3室1厅,108.71平米,东,1,21天前发布
6576,欧美苑，标准套一户型方正，视野好，采光好。,https://cd.ke.com/ershoufang/20022017710100132735.html,欧美苑,https://cd.ke.com/xiaoqu/1611047575880/,中楼层(共6层),2003年建,1室1厅,40.44平米,东南,2,21天前发布
6577,金牛花园，标准套二，精装修，有家具家电，中间楼层,https://cd.ke.com/ershoufang/20022017710100131317.html,金牛花园,https://cd.ke.com/xiaoqu/3011055302543/,中楼层(共17层),2009年建,2室2厅,88平米,南北,0,21天前发布
6578,金都花园2室1厅东南西南,https://cd.ke.com/ershoufang/20022017710100130126.html,金都花园,https://cd.ke.com/xiaoqu/1611047922702/,中楼层(共11层),2003年建,2室1厅,110.53平米,东南西南,2,21天前发布
6579,西西里二期公园前标准套三双卫,https://cd.ke.com/ershoufang/20022017710100120279.html,西西里二期,https://cd.ke.com/xiaoqu/1611058061998/,低楼层(共34层),2009年建,3室2厅,105.72平米,东南,31,21天前发布
6580,内跃顶楼带大花园，品质小区不临街，套五三卫,https://cd.ke.com/ershoufang/20022017710100116867.html,菁华园,https://cd.ke.com/xiaoqu/1611047613153/,高楼层(共6层),2002年建,5室1厅,144.6平米,南,20,21天前发布
6581,电梯房！电梯房！电梯房！住宅！,https://cd.ke.com/ershoufang/20022017710100116530.html,赛云台东一路4号,https://cd.ke.com/xiaoqu/1620022852209985/,高楼层(共7层)1室0厅,38.61平米,东南,,,1,21天前发布
6582,锦西国际标间装修采光好看房提前约,https://cd.ke.com/ershoufang/20022017710100115230.html,锦西国际,https://cd.ke.com/xiaoqu/1611047665350/,中楼层(共22层),2008年建,1室1厅,37.15平米,东南,0,21天前发布
6583,交大智能一期标准套二前后不临街户型方正,https://cd.ke.com/ershoufang/20022017710100115370.html,交大智能一期南苑,https://cd.ke.com/xiaoqu/1611047109002/,中楼层(共7层),2000年建,2室1厅,69.24平米,东南,6,21天前发布
6584,顶楼带平台，楼上楼下各一间，园林式小区,https://cd.ke.com/ershoufang/20022017710100108778.html,交大智能四期,https://cd.ke.com/xiaoqu/1611047303497/,高楼层(共7层),2001年建,1室0厅,36.9平米,东,5,21天前发布
6585,育苗路2号2室1厅东南,https://cd.ke.com/ershoufang/20022017710100107616.html,育苗路2号,https://cd.ke.com/xiaoqu/3011054862929/,中楼层(共7层),2001年建,2室1厅,64.83平米,东南,0,21天前发布
6586,龙湖源著+套三双卫+对中庭+位置好+中高楼层视野开阔,https://cd.ke.com/ershoufang/20022017710100106517.html,龙湖源著东区,https://cd.ke.com/xiaoqu/1620022064527315/,高楼层(共16层)3室1厅,114.85平米,西南,,,8,21天前发布
6587,中间楼层套二，三个阳台，户型方正，住家装修,https://cd.ke.com/ershoufang/20022017710100102733.html,西体路新二村,https://cd.ke.com/xiaoqu/3011054724710/,中楼层(共7层),1991年建,2室1厅,57.75平米,东南,0,21天前发布
6588,西城丽景2室1厅西北,https://cd.ke.com/ershoufang/20022017710100101819.html,西城丽景,https://cd.ke.com/xiaoqu/3011054775525/,低楼层(共18层),2009年建,2室1厅,78.01平米,西北,0,21天前发布
6589,青房尚瑞天韵套一，对中庭，看房预约,https://cd.ke.com/ershoufang/20022017710100101419.html,青房尚瑞天韵,https://cd.ke.com/xiaoqu/1611058920240/,高楼层(共25层),2009年建,1室1厅,43.81平米,东南,4,21天前发布
6590,抚琴西南路4号标准套一，可以上楼顶。,https://cd.ke.com/ershoufang/20021917710100122255.html,抚琴西南路4号,https://cd.ke.com/xiaoqu/3011054749567/,高楼层(共7层)1室1厅,42.12平米,东,,,0,22天前发布
6591,标准大套一+中间楼层+安静不吵,https://cd.ke.com/ershoufang/20021917710100113820.html,佳美花园,https://cd.ke.com/xiaoqu/1611047639274/,中楼层(共6层),2001年建,1室1厅,63.08平米,东南,1,22天前发布
6592,交桂巷8号院2室1厅东南,https://cd.ke.com/ershoufang/20021817710100115995.html,交桂巷8号院,https://cd.ke.com/xiaoqu/1611047349496/,中楼层(共7层),1998年建,2室1厅,47.71平米,东南,5,23天前发布
6593,兴元绿洲标准套一客厅带阳台,https://cd.ke.com/ershoufang/20021817710100114774.html,兴元绿洲一期,https://cd.ke.com/xiaoqu/1611041885209/,低楼层(共22层),2007年建,1室1厅,46.18平米,南,1,23天前发布
6594,一环内电梯标准套一，对中庭安静适合居住,https://cd.ke.com/ershoufang/20021817710100114444.html,贝多小屋,https://cd.ke.com/xiaoqu/3011054710908/,低楼层(共12层),2004年建,1室1厅,46.41平米,东南,3,23天前发布
6595,金牛区，地铁口。套一带小平台，看房提前联系,https://cd.ke.com/ershoufang/20021817710100113473.html,西城上域,https://cd.ke.com/xiaoqu/1611060906786/,高楼层(共18层),2012年建,1室1厅,51.5平米,北,2,23天前发布
6596,电梯房，对小区中庭比较安静，配套齐全,https://cd.ke.com/ershoufang/20021817710100112767.html,泰丰花苑,https://cd.ke.com/xiaoqu/3011055549881/,中楼层(共11层),2005年建,2室1厅,75平米,南,0,23天前发布
6597,瑞升城北橡树林1室1厅南,https://cd.ke.com/ershoufang/20021817710100112034.html,瑞升城北橡树林,https://cd.ke.com/xiaoqu/167012733955410/,高楼层(共22层)1室1厅,37.68平米,南,,,0,23天前发布
6598,清江东路120号2室1厅东南,https://cd.ke.com/ershoufang/20021817710100109714.html,清江东路120号,https://cd.ke.com/xiaoqu/3011055585457/,低楼层(共7层),2001年建,2室1厅,73平米,东南,0,23天前发布
6599,黄忠爱丽舍1室1厅东南,https://cd.ke.com/ershoufang/20021717710100129735.html,黄忠爱丽舍,https://cd.ke.com/xiaoqu/1611059160786/,高楼层(共12层),2003年建,1室1厅,56.98平米,东南,1,24天前发布
6600,新桥逸景A区位于2.5环位置，交通便利，绿化环境好。,https://cd.ke.com/ershoufang/20021717710100124858.html,新桥逸景A区,https://cd.ke.com/xiaoqu/1611047107700/,中楼层(共6层),2008年建,2室1厅,60.74平米,东,3,24天前发布
6601,价格合适的大套三，业主诚心出售。,https://cd.ke.com/ershoufang/20021717710100117583.html,宏源新居,https://cd.ke.com/xiaoqu/1611047370658/,高楼层(共6层),2001年建,3室1厅,127.42平米,东南,2,24天前发布
6602,云翔金谷+带地暖+不临街+户型方正,https://cd.ke.com/ershoufang/20021717710100117455.html,云翔金谷,https://cd.ke.com/xiaoqu/3011054777263/,高楼层(共18层),2009年建,3室2厅,141.66平米,东南,0,24天前发布
6603,带全屋空调视野好有装修套三,https://cd.ke.com/ershoufang/20021717710100115064.html,万科金域西岭,https://cd.ke.com/xiaoqu/1611058825282/,低楼层(共33层),2012年建,3室1厅,140.76平米,东东南西南,1,24天前发布
6604,蜀汉路东站旁，电梯精装套一，首付15万,https://cd.ke.com/ershoufang/20021717710100114661.html,西景花园,https://cd.ke.com/xiaoqu/3011053383736/,高楼层(共9层),2004年建,1室0厅,43.98平米,东南,17,24天前发布
6605,青房天韵华庭2室2厅南,https://cd.ke.com/ershoufang/20021717710100106321.html,青房天韵华庭,https://cd.ke.com/xiaoqu/1611061098088/,低楼层(共16层),2013年建,2室2厅,79.94平米,南,0,24天前发布
6606,联排别墅二跃三户型带车库带花园,https://cd.ke.com/ershoufang/20021717710100105760.html,锦城豪庭,https://cd.ke.com/xiaoqu/1611059190596/,低楼层(共3层),2003年建,5室2厅,298.73平米,东南南,1,24天前发布
6607,抚琴西南路12号+套三+有装修+带阳台,https://cd.ke.com/ershoufang/20021717710100104141.html,抚琴西南路12号,https://cd.ke.com/xiaoqu/3011054752641/,高楼层(共6层),1998年建,3室1厅,77.7平米,南,1,24天前发布
6608,一环内，户型方正，交通便利，适合居家,https://cd.ke.com/ershoufang/20021717710100101674.html,工人村,https://cd.ke.com/xiaoqu/3011054400416/,中楼层(共6层),1990年建,2室2厅,87.23平米,东,0,24天前发布
6609,林业厅套二，安静不临街，自住装修，拎包入住,https://cd.ke.com/ershoufang/20021617710100118852.html,人民北路一段21号,https://cd.ke.com/xiaoqu/3011053866167/,中楼层(共6层),1999年建,2室1厅,63.2平米,东南,13,25天前发布
6610,交大智能二期车库经纪人详细介绍。,https://cd.ke.com/ershoufang/20021617710100104566.html,交大智能二期,https://cd.ke.com/xiaoqu/1611047302033/,地下室(共层)1室0厅,18平米,东南,,,0,25天前发布
6611,白果林银杏广场，低楼层，精装修，电梯套二,https://cd.ke.com/ershoufang/20021617710100103654.html,白果林银杏广场,https://cd.ke.com/xiaoqu/1612610089528945/,低楼层(共15层),2015年建,2室1厅,47.28平米,南,1,25天前发布
6612,金沙美邻丽榭苑1室1厅东东南,https://cd.ke.com/ershoufang/20021617710100103261.html,金沙美邻丽榭苑,https://cd.ke.com/xiaoqu/3011055248464/,低楼层(共12层),2008年建,1室1厅,53.96平米,东东南,0,25天前发布
6613,华明庭院2室2厅东南,https://cd.ke.com/ershoufang/20021617710100102745.html,华明庭院,https://cd.ke.com/xiaoqu/1611047369565/,高楼层(共7层),2002年建,2室2厅,98平米,东南,0,25天前发布
6614,华宇西城雅郡3室2厅东北,https://cd.ke.com/ershoufang/20021617710100100119.html,华宇西城雅郡,https://cd.ke.com/xiaoqu/1611063168012/,低楼层(共18层),2017年建,3室2厅,73.9平米,东北,8,25天前发布
6615,金牛区教师宿舍套三低楼层不临街,https://cd.ke.com/ershoufang/20021517710100114181.html,金牛区教师宿舍,https://cd.ke.com/xiaoqu/1620022184098894/,低楼层(共7层)3室1厅,93.29平米,东南西南,,,10,26天前发布
6616,标准套二，户型方正，客厅带阳台，厨房带生活阳台,https://cd.ke.com/ershoufang/20021417710100126259.html,聚贤半岛花苑,https://cd.ke.com/xiaoqu/1611047108619/,高楼层(共7层),2002年建,2室1厅,84.86平米,西南,1,27天前发布
6617,交大北园标准套二户型，中间楼层，采光好,https://cd.ke.com/ershoufang/20021417710100117846.html,交大北园,https://cd.ke.com/xiaoqu/1611047109218/,中楼层(共7层),1998年建,2室1厅,54平米,东南,4,27天前发布
6618,交大东园顶跃带花园对中庭,https://cd.ke.com/ershoufang/20021417710100117017.html,交大东园,https://cd.ke.com/xiaoqu/1611047373147/,高楼层(共6层),2000年建,6室3厅,262.49平米,南,4,27天前发布
6619,龙门镇二期3室1厅南北,https://cd.ke.com/ershoufang/20021417710100102427.html,龙门镇二期,https://cd.ke.com/xiaoqu/3011053977876/,高楼层(共32层),2013年建,3室1厅,91平米,南北,1,27天前发布
6620,二环内高楼层，采光好，安静不临街，小区整改过,https://cd.ke.com/ershoufang/20021417710100102061.html,营和街66号,https://cd.ke.com/xiaoqu/3011053607803/,高楼层(共7层),1996年建,3室1厅,70.75平米,西南,39,27天前发布
6621,水韵天府3室2厅西南,https://cd.ke.com/ershoufang/20021317710100125181.html,水韵天府,https://cd.ke.com/xiaoqu/3011053805067/,高楼层(共18层),2006年建,3室2厅,127.01平米,西南,3,28天前发布
6622,清水别墅，自由装修，楼层好，采光好,https://cd.ke.com/ershoufang/20021317710100121159.html,华侨城东岸三期,https://cd.ke.com/xiaoqu/1611062694944/,高楼层(共4层),2015年建,5室2厅,217平米,南北,0,28天前发布
6623,翡翠海湾套二户型客厅带阳台有装修,https://cd.ke.com/ershoufang/20021317710100120794.html,翡翠海湾,https://cd.ke.com/xiaoqu/3011054117736/,高楼层(共18层),2008年建,2室1厅,88.95平米,东南,19,28天前发布
6624,交大五期少有的电梯套三，居家装修，前后不临街,https://cd.ke.com/ershoufang/20021317710100119492.html,交大智能五期,https://cd.ke.com/xiaoqu/1611047077373/,中楼层(共8层),2001年建,3室2厅,129.86平米,东南,3,28天前发布
6625,仁和迎宾标准套二，电梯中层，视野开阔，主卧带阳台,https://cd.ke.com/ershoufang/20021317710100112841.html,仁和迎宾,https://cd.ke.com/xiaoqu/1611059200641/,中楼层(共23层),2012年建,2室1厅,65.32平米,西南,1,28天前发布
6626,房子满两年，朝向东南，中间楼层，视野好,https://cd.ke.com/ershoufang/20021317710100107714.html,三九绿城,https://cd.ke.com/xiaoqu/3011053792139/,中楼层(共21层),2008年建,2室1厅,82.71平米,南,0,28天前发布
6627,二环路，蓝光富丽城标准套三，户型方正，采光好。,https://cd.ke.com/ershoufang/20021317710100106614.html,蓝光富丽城,https://cd.ke.com/xiaoqu/1611061352342/,高楼层(共18层),2005年建,3室2厅,112.82平米,东南,0,28天前发布
6628,赞城套二装修两居带家具家电,https://cd.ke.com/ershoufang/20021317710100105334.html,高家庄赞城,https://cd.ke.com/xiaoqu/3011054747489/,低楼层(共21层)2室1厅,53.86平米,东,,,0,28天前发布
6629,金府SOHO1室0厅西,https://cd.ke.com/ershoufang/20021217710100115783.html,金府SOHO,https://cd.ke.com/xiaoqu/1611047757732/,高楼层(共31层),2011年建,1室0厅,43.4平米,西,0,29天前发布
6630,此房精装修，高楼层，视野无遮挡。,https://cd.ke.com/ershoufang/20021217710100113156.html,华侨城天鹅堡,https://cd.ke.com/xiaoqu/1611058082316/,低楼层(共32层),2012年建,4室1厅,130平米,南,0,29天前发布
6631,青房天韵华庭套三有装修+中间楼层+有阳台,https://cd.ke.com/ershoufang/20021217710100111212.html,青房天韵华庭,https://cd.ke.com/xiaoqu/1611061098088/,中楼层(共16层),2013年建,3室2厅,88.82平米,西南,6,29天前发布
6632,一环内府南河边小区环境优美，套二,https://cd.ke.com/ershoufang/20021217710100108322.html,星辉西路8号,https://cd.ke.com/xiaoqu/1611059638289/,高楼层(共8层),2000年建,2室1厅,66.59平米,东南,155,29天前发布
6633,标准套一，户型方正通透明亮，配套齐全,https://cd.ke.com/ershoufang/20021217710100107822.html,西景花园,https://cd.ke.com/xiaoqu/3011053383736/,低楼层(共9层),2004年建,1室1厅,49.02平米,东南,0,29天前发布
6634,标间户型套一，采光好，户型方正，交通便利,https://cd.ke.com/ershoufang/20021217710100105858.html,西景花园,https://cd.ke.com/xiaoqu/3011053383736/,高楼层(共9层),2004年建,1室1厅,38.05平米,东南,4,29天前发布
6635,泰逸阳光电梯小高层套一精装修,https://cd.ke.com/ershoufang/20021217710100101116.html,泰逸阳光,https://cd.ke.com/xiaoqu/1611058741005/,中楼层(共5层),2005年建,1室1厅,65.8平米,东北,0,29天前发布
6636,五块石映日荷花标准电梯朝南套二,https://cd.ke.com/ershoufang/20021117710100107525.html,映日荷花,https://cd.ke.com/xiaoqu/3011053820608/,中楼层(共22层),2009年建,2室1厅,86.39平米,南,2,30天前发布
6637,龙樾熙城次新小区，清水套三，通透户型,https://cd.ke.com/ershoufang/20021117710100104044.html,北京城建龙樾熙城,https://cd.ke.com/xiaoqu/166987289735236/,高楼层(共15层),2017年建,3室2厅,94.41平米,东南,1,30天前发布
6638,枣子巷17号精装大套二，中医大省院背后，采光好,https://cd.ke.com/ershoufang/20021117710100103631.html,枣子巷17号,https://cd.ke.com/xiaoqu/3011053408672/,高楼层(共6层),2001年建,2室1厅,67.9平米,东西,1,30天前发布
6639,临地铁精装套三双卫+小书房房东诚心出售朝中庭,https://cd.ke.com/ershoufang/20021117710100101764.html,西岸观邸,https://cd.ke.com/xiaoqu/3011055647387/,中楼层(共32层),2013年建,3室2厅,93平米,南北,126,30天前发布
6640,龙门镇二期+套三+精装修+看房提前联系,https://cd.ke.com/ershoufang/20021017710100119727.html,龙门镇二期,https://cd.ke.com/xiaoqu/3011053977876/,低楼层(共33层),2013年建,3室2厅,141.45平米,西南,6,1月前发布
6641,西线阳光2室2厅东南,https://cd.ke.com/ershoufang/20021017710100119469.html,西线阳光,https://cd.ke.com/xiaoqu/3011054776444/,低楼层(共18层),2007年建,2室2厅,79.91平米,东南,0,1月前发布
6642,学堂南苑1室1厅南,https://cd.ke.com/ershoufang/20021017710100114216.html,学堂南苑,https://cd.ke.com/xiaoqu/1611048168195/,高楼层(共6层),2004年建,1室1厅,51.81平米,南,0,1月前发布
6643,此房满五唯一，全新装修，视野宽阔，采光充足,https://cd.ke.com/ershoufang/20021017710100105410.html,华侨城东岸一期,https://cd.ke.com/xiaoqu/1611063614968/,中楼层(共4层),2012年建,6室2厅,306平米,南北,0,1月前发布
6644,恒大西锦城+套四双卫+居家装修+可以拎包入住+满两年,https://cd.ke.com/ershoufang/20021017710100104775.html,恒大西锦城,https://cd.ke.com/xiaoqu/1611059186624/,中楼层(共29层),2012年建,4室2厅,171.97平米,东北,1,1月前发布
6645,楼层好，装修保养不错，布局合理，中庭位置,https://cd.ke.com/ershoufang/20021017710100104551.html,福祥家园瑞康苑,https://cd.ke.com/xiaoqu/3011054747723/,高楼层(共6层),2006年建,2室1厅,61.52平米,南北,19,1月前发布
6646,和睦人家一二期，顶楼带花园套三户型,https://cd.ke.com/ershoufang/20021017710100103110.html,和睦人家一二期,https://cd.ke.com/xiaoqu/1611047357902/,高楼层(共6层),2002年建,3室2厅,101.83平米,东,2,1月前发布
6647,金卉苑清水房舒适三居房型,https://cd.ke.com/ershoufang/20021017710100102441.html,金卉苑,https://cd.ke.com/xiaoqu/3011054726404/,高楼层(共6层),2003年建,3室2厅,91.31平米,南,1,1月前发布
6648,次新房，位于2.5环，府河摄影公园,https://cd.ke.com/ershoufang/20020917710100108248.html,中加水岸,https://cd.ke.com/xiaoqu/1611063498992/,高楼层(共34层),2016年建,2室2厅,75.49平米,西北,0,1月前发布
6649,楼顶带花园，户型方正，采光好，不临街,https://cd.ke.com/ershoufang/20020917710100107840.html,抚琴西南路12号,https://cd.ke.com/xiaoqu/3011054752641/,高楼层(共7层),1996年建,2室1厅,59平米,西南,1,1月前发布
6650,此房户型方正通透看房方便,https://cd.ke.com/ershoufang/20020917710100103323.html,兴元绿洲一期,https://cd.ke.com/xiaoqu/1611041885209/,低楼层(共22层),2007年建,1室1厅,41平米,东南,7,1月前发布
6651,智慧康城，低楼层，标准套三，户型通透。,https://cd.ke.com/ershoufang/20020817710100112168.html,交大智能五期,https://cd.ke.com/xiaoqu/1611047077373/,低楼层(共6层),2001年建,3室2厅,124平米,南北,8,1月前发布
6652,泉水人家二期B区1室1厅南,https://cd.ke.com/ershoufang/20020817710100110171.html,泉水人家二期B区,https://cd.ke.com/xiaoqu/3011053756859/,高楼层(共16层),2011年建,1室1厅,62平米,南,2,1月前发布
6653,锦西国际1室1厅东,https://cd.ke.com/ershoufang/20020817710100108877.html,锦西国际,https://cd.ke.com/xiaoqu/1611047665350/,低楼层(共22层),2008年建,1室1厅,34.69平米,东,0,1月前发布
6654,营康西路80号低楼层套二双卫,https://cd.ke.com/ershoufang/20020817710100106517.html,营康西路80号,https://cd.ke.com/xiaoqu/1611061222817/,低楼层(共6层),2002年建,2室1厅,63.24平米,南,3,1月前发布
6655,户型方正采光好中间楼层装修好,https://cd.ke.com/ershoufang/20020817710100106213.html,佳美榕苑,https://cd.ke.com/xiaoqu/1611047601934/,中楼层(共7层),2003年建,3室2厅,130.46平米,东南,0,1月前发布
6656,二环内精装自住对中庭套二采光好,https://cd.ke.com/ershoufang/20020817710100105541.html,香山苑,https://cd.ke.com/xiaoqu/1611059035169/,中楼层(共23层),2007年建,2室1厅,81.05平米,南北,0,1月前发布
6657,长福苑2室1厅东,https://cd.ke.com/ershoufang/20020717710100120871.html,长福苑,https://cd.ke.com/xiaoqu/1611047692085/,低楼层(共6层),2004年建,2室1厅,61平米,东,0,1月前发布
6658,泉水南苑跃层套一改套二带花园，居家装修朝中庭。,https://cd.ke.com/ershoufang/20020717710100114513.html,泉水南苑,https://cd.ke.com/xiaoqu/1611059368659/,高楼层(共6层),2004年建,1室1厅,44.86平米,东,0,1月前发布
6659,金牛区高家庄步梯房，高楼层，公摊小，看房方便,https://cd.ke.com/ershoufang/20020717710100108199.html,金科苑中街54号,https://cd.ke.com/xiaoqu/3011055320618/,高楼层(共6层),2007年建,2室1厅,61.59平米,西南,1,1月前发布
6660,紧凑套三双卫对中庭中间楼层看府河摄影公园,https://cd.ke.com/ershoufang/20020717710100107337.html,中加水岸,https://cd.ke.com/xiaoqu/1611063498992/,高楼层(共34层),2016年建,3室2厅,89平米,北,3,1月前发布
6661,千和茗居3室2厅东南西北,https://cd.ke.com/ershoufang/20020717710100106423.html,千和茗居,https://cd.ke.com/xiaoqu/1611061515667/,高楼层(共6层),2003年建,3室2厅,119.68平米,东南西北,1,1月前发布
6662,精装修套三双卫，中间楼层，业主诚心出售,https://cd.ke.com/ershoufang/20020717710100103233.html,东原亲亲里,https://cd.ke.com/xiaoqu/1611062687228/,中楼层(共20层),2015年建,3室2厅,88平米,北,0,1月前发布
6663,银沙正街66号标准套一，简单装修，采光好,https://cd.ke.com/ershoufang/20020717710100102674.html,银沙正街66号,https://cd.ke.com/xiaoqu/1611047653661/,中楼层(共7层),1998年建,1室1厅,44.27平米,南北,1,1月前发布
6664,香木林加州国际跃层套三，高楼层,https://cd.ke.com/ershoufang/20020617710100110433.html,香木林加州国际,https://cd.ke.com/xiaoqu/1611047338092/,高楼层(共18层),2009年建,3室1厅,55.23平米,西,0,1月前发布
6665,精装全齐套一拎包入住轻松在成都安家,https://cd.ke.com/ershoufang/20020617710100106128.html,金牛万达D组团,https://cd.ke.com/xiaoqu/1611061061185/,低楼层(共32层),2013年建,1室1厅,54.99平米,西,0,1月前发布
6666,金牛万达A组团套二出售，户型方正，采光好，产权清晰,https://cd.ke.com/ershoufang/20020517710100123016.html,金牛万达A组团,https://cd.ke.com/xiaoqu/1611061058668/,中楼层(共32层),2012年建,2室1厅,71.43平米,东南,0,1月前发布
6667,户型方正，采光好，有装修，房子无按揭，手续简单,https://cd.ke.com/ershoufang/20020517710100121090.html,沙河源街道川建社区,https://cd.ke.com/xiaoqu/1611953462324584/,中楼层(共7层)2室2厅,72平米,东南西,,,0,1月前发布
6668,三九绿城3室1厅南,https://cd.ke.com/ershoufang/20020517710100119089.html,三九绿城,https://cd.ke.com/xiaoqu/3011053792139/,高楼层(共21层),2008年建,3室1厅,127.69平米,南,1,1月前发布
6669,蜀汉路欧尚，中层套三，自住装修，看房预约,https://cd.ke.com/ershoufang/20020517710100118744.html,锦赛雅苑,https://cd.ke.com/xiaoqu/3011053422927/,中楼层(共7层),2003年建,3室2厅,106.8平米,南北,1,1月前发布
6670,一环路北三段81号1室1厅南,https://cd.ke.com/ershoufang/20020517710100117130.html,一环路北三段81号,https://cd.ke.com/xiaoqu/1620037297028354/,中楼层(共5层)1室1厅,30.75平米,南,,,9,1月前发布
6671,蜀汉路金都花园装修套三通透户型不临街采光好,https://cd.ke.com/ershoufang/20020517710100110468.html,金都花园,https://cd.ke.com/xiaoqu/1611047922702/,高楼层(共11层),2003年建,3室2厅,141平米,东北,3,1月前发布
6672,04年电梯小高层，出门就是黄忠公园，不临街，有装修,https://cd.ke.com/ershoufang/20020517710100109325.html,博雅庭韵,https://cd.ke.com/xiaoqu/1611048469528/,低楼层(共11层),2003年建,3室2厅,127.92平米,南北,0,1月前发布
6673,低楼层带花园不临街装修好套三双卫,https://cd.ke.com/ershoufang/20020517710100109060.html,花香九里,https://cd.ke.com/xiaoqu/1611047619473/,低楼层(共6层),2000年建,3室1厅,106.6平米,东南,108,1月前发布
6674,蓝光云鼎套一有装修有阳台,https://cd.ke.com/ershoufang/20020517710100102495.html,蓝光云鼎,https://cd.ke.com/xiaoqu/1611058501893/,高楼层(共31层),2012年建,1室1厅,48.08平米,东北,7,1月前发布
6675,一环内，府河边，大标间，单价低，交通便利，配套齐全,https://cd.ke.com/ershoufang/20020517710100101077.html,天合凯旋港,https://cd.ke.com/xiaoqu/3011053872040/,高楼层(共21层),2008年建,1室0厅,63.4平米,东,2,1月前发布
6676,蜀汉路新天地平层套四电梯,https://cd.ke.com/ershoufang/20020517710100100215.html,新天地,https://cd.ke.com/xiaoqu/3011053935080/,高楼层(共18层),2002年建,4室1厅,143.6平米,东南,5,1月前发布
6677,品质套三双卫，交通方便，配套成熟,https://cd.ke.com/ershoufang/20020417710100121071.html,绿地世纪城,https://cd.ke.com/xiaoqu/3011053997428/,低楼层(共21层)3室2厅,102.69平米,北,,,1,1月前发布
6678,杨柳新屯标准套二环境好居家装修,https://cd.ke.com/ershoufang/20020417710100120970.html,杨柳新屯,https://cd.ke.com/xiaoqu/1611061204393/,高楼层(共6层),2006年建,2室1厅,61.17平米,南北,0,1月前发布
6679,欧美苑1室0厅西北,https://cd.ke.com/ershoufang/20020417710100113237.html,欧美苑,https://cd.ke.com/xiaoqu/1611047575880/,中楼层(共9层),2003年建,1室0厅,33.14平米,西北,24,1月前发布
6680,通透户型，装修保养好，前后不临街，拎包入住；,https://cd.ke.com/ershoufang/20020417710100110616.html,金房苑琴园,https://cd.ke.com/xiaoqu/1611047809645/,中楼层(共7层),2000年建,3室1厅,177.28平米,东南,6,1月前发布
6681,顶峰水岸汇景二期套二带大阳台，前后不临街,https://cd.ke.com/ershoufang/20020417710100110174.html,顶峰水岸汇景,https://cd.ke.com/xiaoqu/1611047297139/,中楼层(共33层),2008年建,2室1厅,87.05平米,东南,3,1月前发布
6682,一环内中间楼层楼梯房采光好，交通方便,https://cd.ke.com/ershoufang/20020417710100107028.html,马鞍北路55号,https://cd.ke.com/xiaoqu/1615206629804142/,中楼层(共6层)2室1厅,70.25平米,东,,,0,1月前发布
6683,西锦国际二期2室1厅东南,https://cd.ke.com/ershoufang/20020417710100106165.html,西锦国际二期,https://cd.ke.com/xiaoqu/1611060794403/,高楼层(共32层),2013年建,2室1厅,85.72平米,东南,0,1月前发布
6684,桂香庭园小高层有电梯通透套三,https://cd.ke.com/ershoufang/20020417710100104787.html,桂香庭园,https://cd.ke.com/xiaoqu/3011053411507/,中楼层(共7层),2004年建,3室2厅,126.89平米,东南,0,1月前发布
6685,一环宽窄旁民宿风低楼层地铁口大套三,https://cd.ke.com/ershoufang/20020417710100103010.html,新罗路49号,https://cd.ke.com/xiaoqu/3011055577165/,低楼层(共7层),1999年建,3室2厅,100.4平米,南,17,1月前发布
6686,远洋朗郡+装修套二+中间楼层+东南朝向,https://cd.ke.com/ershoufang/20020417710100101345.html,远洋朗郡,https://cd.ke.com/xiaoqu/1611061580219/,中楼层(共17层),2012年建,2室1厅,78平米,东南,3,1月前发布
6687,房子小户型，户型方正，视野开阔，交通购物方便。,https://cd.ke.com/ershoufang/20020317710100117153.html,交桂巷8号院,https://cd.ke.com/xiaoqu/1611047349496/,中楼层(共7层),1998年建,2室1厅,60.58平米,南,4,1月前发布
6688,泉水南苑2室1厅南,https://cd.ke.com/ershoufang/20020317710100112855.html,泉水南苑,https://cd.ke.com/xiaoqu/1611059368659/,中楼层(共6层),2004年建,2室1厅,72.34平米,南,3,1月前发布
6689,西线阳光标准套二带阳台,https://cd.ke.com/ershoufang/20020317710100111992.html,西线阳光,https://cd.ke.com/xiaoqu/3011054776444/,高楼层(共18层),2007年建,2室1厅,80.94平米,西北,22,1月前发布
6690,西沙美景套一不临街有钥匙随时看,https://cd.ke.com/ershoufang/20020317710100109947.html,西沙美景小区,https://cd.ke.com/xiaoqu/1611047638533/,高楼层(共18层),2008年建,1室1厅,56.11平米,西,4,1月前发布
6691,一环边城北小区中高楼层装修保养好,https://cd.ke.com/ershoufang/20020317710100108225.html,城北小区(金牛),https://cd.ke.com/xiaoqu/3011054693623/,中楼层(共7层),2000年建,4室2厅,141.93平米,东南,1,1月前发布
6692,锦泰世家标准套二出售简装采光好,https://cd.ke.com/ershoufang/20020317710100107565.html,锦泰世家,https://cd.ke.com/xiaoqu/3011053523244/,低楼层(共18层),2005年建,2室2厅,88.1平米,南,0,1月前发布
6693,一环内住家小区标准套3双卫不临街有装修随时看房,https://cd.ke.com/ershoufang/20020317710100102272.html,一环路北三段2号,https://cd.ke.com/xiaoqu/1611100436542/,中楼层(共26层),2011年建,3室2厅,147.09平米,东南,0,1月前发布
6694,尚锦城正规套二，户型方正，居家装修。,https://cd.ke.com/ershoufang/20020217710100107238.html,尚锦城,https://cd.ke.com/xiaoqu/3011055773221/,低楼层(共22层),2007年建,2室2厅,87.83平米,东,0,1月前发布
6695,此房为业主自住装修，装修保养好，可拎包入住,https://cd.ke.com/ershoufang/20020217710100106983.html,金牛新都会,https://cd.ke.com/xiaoqu/1611047645315/,高楼层(共38层),2013年建,3室2厅,97.56平米,东南,27,1月前发布
6696,五号线地铁口，沙河公园旁，三阳台套二，对中庭,https://cd.ke.com/ershoufang/20020217710100104713.html,蓝光花满庭一期,https://cd.ke.com/xiaoqu/3011053734625/,低楼层(共21层),2009年建,2室1厅,70.84平米,北,1,1月前发布
6697,此房为标准套二，采光好，明厨明卫，客厅带阳台。,https://cd.ke.com/ershoufang/20020117710100103329.html,中房北极星花园,https://cd.ke.com/xiaoqu/166986511692080/,中楼层(共29层),2016年建,2室1厅,56.45平米,东南,1,1月前发布
6698,西南交大旁优质套三+配套成熟+交通购物便利,https://cd.ke.com/ershoufang/20020117710100102284.html,交大智能一期南苑,https://cd.ke.com/xiaoqu/1611047109002/,低楼层(共7层),2000年建,3室2厅,108平米,东南,3,1月前发布
6699,锦西国际采光好，户型方正，布局合理。精装修,https://cd.ke.com/ershoufang/20013117710100102129.html,锦西国际,https://cd.ke.com/xiaoqu/1611047665350/,高楼层(共22层),2008年建,2室1厅,32.97平米,北,9,1月前发布
6700,沙河公园旁，方正套二全对中庭安静,https://cd.ke.com/ershoufang/20013017710100101839.html,水韵天府,https://cd.ke.com/xiaoqu/3011053805067/,低楼层(共22层),2006年建,2室1厅,83.72平米,西北,2,1月前发布
6701,一环边对小区里面安静不临街,https://cd.ke.com/ershoufang/20012917710100101867.html,熙城国际,https://cd.ke.com/xiaoqu/3011054142698/,低楼层(共28层),2009年建,2室1厅,74.37平米,东南,87,1月前发布
6702,西1.5环位置，低楼层标准套三户型，自主装修,https://cd.ke.com/ershoufang/20012917710100100626.html,东方公司宿舍,https://cd.ke.com/xiaoqu/3011055539393/,低楼层(共7层),1997年建,3室1厅,84.56平米,南,4,1月前发布
6703,绿地世纪城简装套一业主诚心出售,https://cd.ke.com/ershoufang/20012817710100102744.html,绿地世纪城,https://cd.ke.com/xiaoqu/3011053997428/,高楼层(共21层),2016年建,1室1厅,53.01平米,南,4,1月前发布
6704,锦西国际套一有装修看房提前预约,https://cd.ke.com/ershoufang/20012817710100101621.html,锦西国际,https://cd.ke.com/xiaoqu/1611047665350/,低楼层(共22层),2008年建,1室1厅,35.7平米,北,0,1月前发布
6705,绿地世纪城精装修套三，带有一个车位，带家具家电。,https://cd.ke.com/ershoufang/20012817710100101511.html,绿地世纪城,https://cd.ke.com/xiaoqu/3011053997428/,中楼层(共20层),2016年建,3室2厅,86.58平米,南,1,1月前发布
6706,正成拉斐精装套3，视野无遮挡，保养好，拎包入住,https://cd.ke.com/ershoufang/20012417710100100336.html,正成拉斐,https://cd.ke.com/xiaoqu/1611059202930/,中楼层(共18层),2012年建,3室2厅,80平米,东南,0,1月前发布
6707,万科锦西润园3室2厅东南,https://cd.ke.com/ershoufang/20012217710100101852.html,万科锦西润园,https://cd.ke.com/xiaoqu/1612828295310501/,低楼层(共22层)3室2厅,103.15平米,东南,,,0,1月前发布
6708,和睦人家一二期3室2厅东南,https://cd.ke.com/ershoufang/20012217710100100822.html,和睦人家一二期,https://cd.ke.com/xiaoqu/1611047357902/,高楼层(共6层),2002年建,3室2厅,98.29平米,东南,3,1月前发布
6709,西城公馆2室2厅东南,https://cd.ke.com/ershoufang/20012117710100105171.html,西城公馆,https://cd.ke.com/xiaoqu/1611041922936/,中楼层(共30层),2009年建,2室2厅,88.31平米,东南,0,1月前发布
6710,文华路小区低楼层简装套二,https://cd.ke.com/ershoufang/20012117710100103890.html,文华路11号,https://cd.ke.com/xiaoqu/1617722310953562/,低楼层(共5层),2002年建,2室1厅,76.68平米,南,0,1月前发布
6711,万科精装套四户型方正预约看房,https://cd.ke.com/ershoufang/20012017710100121538.html,万科国宾润园,https://cd.ke.com/xiaoqu/169186808704446/,高楼层(共18层)4室2厅,144平米,西南东北,,,0,1月前发布
6712,西雅图1室0厅南北,https://cd.ke.com/ershoufang/20012017710100121069.html,西雅图,https://cd.ke.com/xiaoqu/1611059038802/,中楼层(共12层),2005年建,1室0厅,45.71平米,南北,2,1月前发布
6713,西西里二期1室1厅东北,https://cd.ke.com/ershoufang/20012017710100119750.html,西西里二期,https://cd.ke.com/xiaoqu/1611058061998/,低楼层(共34层),2009年建,1室1厅,56.6平米,东北,0,1月前发布
6714,1号线韦家碾旁精装修绿地套一居家装修,https://cd.ke.com/ershoufang/20012017710100119556.html,绿地世纪城,https://cd.ke.com/xiaoqu/3011053997428/,高楼层(共18层),2016年建,1室1厅,51.2平米,北,1,1月前发布
6715,2环内标准套二有小区环境带装修,https://cd.ke.com/ershoufang/20012017710100118973.html,营通街99号,https://cd.ke.com/xiaoqu/3011053687991/,中楼层(共7层),1996年建,2室1厅,58平米,南北,0,1月前发布
6716,二环内抚琴社区装修保养不错,https://cd.ke.com/ershoufang/20012017710100116028.html,营通街181号,https://cd.ke.com/xiaoqu/1611059454044/,中楼层(共7层),1995年建,2室1厅,57.81平米,东南,0,1月前发布
6717,文家东巷15号2室1厅南,https://cd.ke.com/ershoufang/20012017710100114916.html,文家东巷15号,https://cd.ke.com/xiaoqu/1620022285808467/,中楼层(共7层),1995年建,2室1厅,53.96平米,南,1,1月前发布
6718,仁和迎宾3室2厅东南,https://cd.ke.com/ershoufang/20012017710100109728.html,仁和迎宾,https://cd.ke.com/xiaoqu/1611059200641/,高楼层(共23层),2012年建,3室2厅,104平米,东南,1,1月前发布
6719,银沙路40号，套三，简单装修，采光好,https://cd.ke.com/ershoufang/20012017710100108821.html,银沙路40号院,https://cd.ke.com/xiaoqu/1611047799807/,高楼层(共6层),2000年建,3室2厅,107平米,南北,0,1月前发布
6720,地铁口，楼层好，朝中庭，优质标准套二商品房,https://cd.ke.com/ershoufang/20012017710100107188.html,映日荷花,https://cd.ke.com/xiaoqu/3011053820608/,低楼层(共23层),2009年建,2室2厅,86.7平米,西,0,1月前发布
6721,金泉阳光雅新苑1室1厅东南,https://cd.ke.com/ershoufang/20012017710100104670.html,金泉阳光雅新苑,https://cd.ke.com/xiaoqu/3011054763043/,中楼层(共6层)1室1厅,47平米,东南,,,1,1月前发布
6722,高楼层，户型方正，安静不临街，采光好。,https://cd.ke.com/ershoufang/20012017710100102630.html,抚琴西南路14号,https://cd.ke.com/xiaoqu/3011054754519/,高楼层(共6层),1998年建,2室1厅,72.25平米,南北,1,1月前发布
6723,华侨城纯水岸一期2-1-301,https://cd.ke.com/ershoufang/20012017710100100892.html,华侨城纯水岸一期,https://cd.ke.com/xiaoqu/1611058082101/,低楼层(共25层),2009年建,2室1厅,89平米,南,17,1月前发布
6724,高楼层套三可上顶自住看房方便,https://cd.ke.com/ershoufang/20011917710100134642.html,树蓓巷1号,https://cd.ke.com/xiaoqu/3011056086943/,高楼层(共7层),1997年建,3室1厅,108.5平米,南,2,1月前发布
6725,锦城世家标准套一端头户型,https://cd.ke.com/ershoufang/20011917710100128824.html,锦城世家,https://cd.ke.com/xiaoqu/3011053926360/,低楼层(共28层),2014年建,1室1厅,50.18平米,南,1,1月前发布
6726,锦城世家标准套一端头户型,https://cd.ke.com/ershoufang/20011917710100126225.html,锦城世家,https://cd.ke.com/xiaoqu/3011053926360/,高楼层(共28层),2014年建,1室1厅,54.88平米,东,2,1月前发布
6727,交通巷36号2室1厅东南,https://cd.ke.com/ershoufang/20011917710100125783.html,交通巷36号,https://cd.ke.com/xiaoqu/3011056515751/,中楼层(共7层),1990年建,2室1厅,60.72平米,东南,0,1月前发布
6728,芙蓉城地下车位配套设施齐全交通便利,https://cd.ke.com/ershoufang/20011917710100116227.html,阳曦芙蓉城,https://cd.ke.com/xiaoqu/3011054860008/,低楼层(共1层)1室0厅,32.09平米,西南,,,1,1月前发布
6729,小区中庭位置安静，中间楼层，采光通风良好，厅带阳台,https://cd.ke.com/ershoufang/20011917710100115952.html,白鸽岛尚,https://cd.ke.com/xiaoqu/3011054730875/,高楼层(共19层),2008年建,3室1厅,117.69平米,南,0,1月前发布
6730,一品天下地铁口，标准电梯套一。,https://cd.ke.com/ershoufang/20011917710100115150.html,状元府邸(金牛),https://cd.ke.com/xiaoqu/1611041886610/,低楼层(共31层),2008年建,1室1厅,53.74平米,东,36,1月前发布
6731,二环内侧，城商宿舍房，户型方正带两个阳台，配套齐全,https://cd.ke.com/ershoufang/20011917710100114277.html,营通街16号,https://cd.ke.com/xiaoqu/3011053388023/,中楼层(共7层),1997年建,2室1厅,67.33平米,西南,0,1月前发布
6732,华侨城纯水岸二期2室1厅东北,https://cd.ke.com/ershoufang/20011917710100113376.html,华侨城纯水岸二期,https://cd.ke.com/xiaoqu/1611058082282/,高楼层(共33层),2010年建,2室1厅,76平米,东北,2,1月前发布
6733,精装一室，采光好，带阳台，拎包入住,https://cd.ke.com/ershoufang/20011917710100112116.html,新和名座,https://cd.ke.com/xiaoqu/3011053445241/,中楼层(共17层),2006年建,1室0厅,42.8平米,东南,2,1月前发布
6734,金都苑双卫套三户型方正客厅带阳台,https://cd.ke.com/ershoufang/20011917710100111675.html,金都苑,https://cd.ke.com/xiaoqu/3011054351393/,中楼层(共18层),2009年建,3室2厅,101.07平米,南北,29,1月前发布
6735,精装套三，地理位置优越，房东诚心！,https://cd.ke.com/ershoufang/20011917710100110134.html,顶峰水岸汇景,https://cd.ke.com/xiaoqu/1611047297139/,中楼层(共33层),2008年建,3室1厅,118.42平米,东南,0,1月前发布
6736,房屋的卖点、户型介绍、装修情况以及交通出行状况,https://cd.ke.com/ershoufang/20011917710100106591.html,泉水人家二期A区,https://cd.ke.com/xiaoqu/3011053756858/,高楼层(共16层),2010年建,2室2厅,77.24平米,东南,1,1月前发布
6737,中加水岸精装套三，正对金府机电城实现超棒,https://cd.ke.com/ershoufang/20011817710100143394.html,中加水岸,https://cd.ke.com/xiaoqu/1611063498992/,高楼层(共30层),2016年建,3室2厅,86.11平米,西南,3,1月前发布
6738,金沙国际花园5室2厅南北,https://cd.ke.com/ershoufang/20011817710100143249.html,金沙国际花园,https://cd.ke.com/xiaoqu/1611041921752/,高楼层(共5层),2005年建,5室2厅,174.8平米,南北,0,1月前发布
6739,泉水人家二期A区居家两居室可直接入住,https://cd.ke.com/ershoufang/20011817710100139434.html,泉水人家二期A区,https://cd.ke.com/xiaoqu/3011053756858/,高楼层(共16层),2010年建,2室1厅,81.38平米,东南,1,1月前发布
6740,翡翠海湾车位5栋楼下可看提前约,https://cd.ke.com/ershoufang/20011817710100138751.html,翡翠海湾,https://cd.ke.com/xiaoqu/3011054117736/,地下室(共层)1室0厅,21.06平米,东,,,0,1月前发布
6741,锦城苑套三有装修有阳台采光好,https://cd.ke.com/ershoufang/20011817710100134936.html,锦城苑(金牛),https://cd.ke.com/xiaoqu/3011054831219/,中楼层(共7层),1999年建,3室1厅,131.58平米,东南,3,1月前发布
6742,居然套一公寓出售+有装修+有采光,https://cd.ke.com/ershoufang/20011817710100134269.html,居然小区,https://cd.ke.com/xiaoqu/1611061401241/,高楼层(共24层),2012年建,1室0厅,40.81平米,西南,1,1月前发布
6743,四川省出版社单位房。户型方正，河景房,https://cd.ke.com/ershoufang/20011817710100130588.html,二道桥街72号,https://cd.ke.com/xiaoqu/1616507184122377/,中楼层(共7层),1999年建,3室2厅,114.96平米,南,24,1月前发布
6744,保利国宾二期跃层的清水房屋出售,https://cd.ke.com/ershoufang/20011817710100129443.html,保利国宾首府二期,https://cd.ke.com/xiaoqu/1620039148258641/,中楼层(共17层)3室2厅,85平米,东北,,,0,1月前发布
6745,曦城中高楼层，标准套二，对中庭，无遮挡,https://cd.ke.com/ershoufang/20011817710100127462.html,曦城,https://cd.ke.com/xiaoqu/3011054858227/,中楼层(共34层),2009年建,2室1厅,72.5平米,东南,10,1月前发布
6746,一环内，府河边，电梯房，视野好,https://cd.ke.com/ershoufang/20011817710100125671.html,天合凯旋港,https://cd.ke.com/xiaoqu/3011053872040/,低楼层(共24层),2008年建,1室0厅,41.11平米,东南,0,1月前发布
6747,华侨城纯水岸二期高楼层标准套二，采光好通风好,https://cd.ke.com/ershoufang/20011817710100122736.html,华侨城纯水岸二期,https://cd.ke.com/xiaoqu/1611058082282/,高楼层(共33层),2010年建,2室2厅,76.18平米,西北,6,1月前发布
6748,阳曦芙蓉城四居室房东诚心出售,https://cd.ke.com/ershoufang/20011817710100116092.html,阳曦芙蓉城,https://cd.ke.com/xiaoqu/3011054860008/,低楼层(共31层),2009年建,4室2厅,158.8平米,东,5,1月前发布
6749,今日靖园3室2厅东,https://cd.ke.com/ershoufang/20011817710100115593.html,今日靖园,https://cd.ke.com/xiaoqu/1620021107936143/,中楼层(共11层)3室2厅,124平米,东,,,0,1月前发布
6750,蓝光花满庭一期3室1厅北,https://cd.ke.com/ershoufang/20011817710100108581.html,蓝光花满庭一期,https://cd.ke.com/xiaoqu/3011053734625/,低楼层(共20层),2009年建,3室1厅,138平米,北,0,1月前发布
6751,西门先生2室1厅西南,https://cd.ke.com/ershoufang/20011817710100108298.html,西门先生,https://cd.ke.com/xiaoqu/1614939730751460/,中楼层(共34层),2015年建,2室1厅,67.66平米,西南,0,1月前发布
6752,远洋朗郡精装修套三对小区中庭,https://cd.ke.com/ershoufang/20011817710100107963.html,远洋朗郡,https://cd.ke.com/xiaoqu/1611061580219/,高楼层(共17层),2012年建,3室1厅,91.54平米,南,2,1月前发布
6753,育苗路8号2室1厅东南,https://cd.ke.com/ershoufang/20011817710100108066.html,育苗路8号,https://cd.ke.com/xiaoqu/3011054850969/,中楼层(共7层)2室1厅,83平米,东南,,,0,1月前发布
6754,西门先生1室0厅西南,https://cd.ke.com/ershoufang/20011817710100107854.html,西门先生,https://cd.ke.com/xiaoqu/1614939730751460/,中楼层(共34层),2015年建,1室0厅,36.12平米,西南,0,1月前发布
6755,西门先生1室0厅西南,https://cd.ke.com/ershoufang/20011817710100107177.html,西门先生,https://cd.ke.com/xiaoqu/1614939730751460/,中楼层(共34层),2015年建,1室0厅,36.12平米,西南,0,1月前发布
6756,西一环外侧低楼层套三安静不临街,https://cd.ke.com/ershoufang/20011817710100105332.html,抚琴西北街26号,https://cd.ke.com/xiaoqu/3011054131311/,低楼层(共7层),1990年建,3室1厅,84.96平米,东,0,1月前发布
6757,曦城双面采光套一对小区中庭不临街,https://cd.ke.com/ershoufang/20011817710100102096.html,曦城,https://cd.ke.com/xiaoqu/3011054858227/,高楼层(共33层),2009年建,1室1厅,53.24平米,西南,10,1月前发布
6758,朝南精装套三，直接拎包入住，采光好,https://cd.ke.com/ershoufang/20011717710100177487.html,蓝光花满庭一期,https://cd.ke.com/xiaoqu/3011053734625/,中楼层(共21层),2009年建,3室1厅,86平米,南,1,1月前发布
6759,二环内的住宅，采光好，通风好，交通便利,https://cd.ke.com/ershoufang/20011717710100175725.html,金琴路164号,https://cd.ke.com/xiaoqu/3011054218145/,高楼层(共7层),1996年建,3室1厅,83.57平米,南,0,1月前发布
6760,金府银座，标准套一，可办公等等,https://cd.ke.com/ershoufang/20011717710100173697.html,金府银座,https://cd.ke.com/xiaoqu/1611047761222/,中楼层(共25层),2007年建,1室1厅,40.51平米,东南,0,1月前发布
6761,金琴路南一巷一号+套二+有装修+带阳台,https://cd.ke.com/ershoufang/20011717710100165985.html,金琴路南一巷1号,https://cd.ke.com/xiaoqu/3011053935468/,高楼层(共7层),1998年建,2室1厅,58.54平米,西南,3,1月前发布
6762,万科加州湾套二对中庭带家具家电可直接入住,https://cd.ke.com/ershoufang/20011717710100162652.html,万科加州湾,https://cd.ke.com/xiaoqu/3011055265759/,中楼层(共31层),2008年建,2室1厅,78.98平米,东南,17,1月前发布
6763,幸福屋语1室1厅南,https://cd.ke.com/ershoufang/20011717710100159730.html,幸福屋语,https://cd.ke.com/xiaoqu/1611043025370/,高楼层(共15层),2006年建,1室1厅,46.88平米,南,3,1月前发布
6764,华润峰尚1室1厅东,https://cd.ke.com/ershoufang/20011717710100157646.html,华润峰尚,https://cd.ke.com/xiaoqu/1611061434902/,中楼层(共16层),2013年建,1室1厅,37.25平米,东,1,1月前发布
6765,纯正地铁旁好房来袭总价低套二简单装修。,https://cd.ke.com/ershoufang/20011717710100156777.html,沙河源街道川建社区,https://cd.ke.com/xiaoqu/1611953462324584/,中楼层(共6层)2室1厅,54.95平米,西南,,,0,1月前发布
6766,万科金域西岭2室1厅东南,https://cd.ke.com/ershoufang/20011717710100154891.html,万科金域西岭,https://cd.ke.com/xiaoqu/1611058825282/,中楼层(共35层),2012年建,2室1厅,90.56平米,东南,1,1月前发布
6767,沙湾商寓小区方正户型高楼层套二有采光,https://cd.ke.com/ershoufang/20011717710100154115.html,沙湾商寓,https://cd.ke.com/xiaoqu/3011053924775/,高楼层(共7层),1998年建,2室1厅,77.61平米,南北,1,1月前发布
6768,西门一环边电梯套二有装修,https://cd.ke.com/ershoufang/20011717710100152683.html,熙城国际,https://cd.ke.com/xiaoqu/3011054142698/,中楼层(共28层),2009年建,2室1厅,60.05平米,东南,10,1月前发布
6769,全兴花园2室2厅西,https://cd.ke.com/ershoufang/20011717710100151716.html,全兴花园,https://cd.ke.com/xiaoqu/3011053944332/,低楼层(共11层),2002年建,2室2厅,102.45平米,西,4,1月前发布
6770,标准套三，采光好，自主装修，拎包入住。,https://cd.ke.com/ershoufang/20011717710100150690.html,白果林银杏广场,https://cd.ke.com/xiaoqu/1612610089528945/,高楼层(共27层)3室2厅,96.56平米,东南,,,4,1月前发布
6771,九里教师苑，套二，有装修，直接入住,https://cd.ke.com/ershoufang/20011717710100149989.html,九里教师苑,https://cd.ke.com/xiaoqu/1611047602254/,高楼层(共6层),1999年建,2室1厅,91.99平米,南,1,1月前发布
6772,中加水岸2室2厅西南,https://cd.ke.com/ershoufang/20011717710100147799.html,中加水岸,https://cd.ke.com/xiaoqu/1611063498992/,高楼层(共34层),2016年建,2室2厅,75.48平米,西南,11,1月前发布
6773,香江岸标准套二户型方正楼层居中,https://cd.ke.com/ershoufang/20011717710100147516.html,香江岸,https://cd.ke.com/xiaoqu/1611061094953/,中楼层(共18层),2009年建,2室1厅,91.7平米,西,3,1月前发布
6774,文家东巷17号2室1厅东南,https://cd.ke.com/ershoufang/20011717710100118576.html,文家东巷17号,https://cd.ke.com/xiaoqu/1620022285807140/,高楼层(共7层),1995年建,2室1厅,65.12平米,东南,7,1月前发布
6775,精装电梯平层套二明厨明卫直接入住,https://cd.ke.com/ershoufang/20011717710100110079.html,恒大曹家巷广场,https://cd.ke.com/xiaoqu/1620027933865550/,高楼层(共42层),2018年建,2室2厅,77.79平米,西南,4,1月前发布
6776,金牛万达C组团3室2厅东南,https://cd.ke.com/ershoufang/20011717710100109925.html,金牛万达C组团,https://cd.ke.com/xiaoqu/1611061059984/,中楼层(共32层),2012年建,3室2厅,93.27平米,东南,3,1月前发布
6777,"蓝色空间蓝月,套二,有装修",https://cd.ke.com/ershoufang/20011717710100106765.html,蓝色空间蓝月,https://cd.ke.com/xiaoqu/1611047370947/,高楼层(共6层),2003年建,2室2厅,69平米,东南,1,1月前发布
6778,金牛区荷花池红花社区精装套一改套二,https://cd.ke.com/ershoufang/20011717710100104011.html,红花社区,https://cd.ke.com/xiaoqu/1620039327554123/,中楼层(共6层)2室1厅,62平米,东南,,,0,1月前发布
6779,北京城建龙樾熙城4室2厅东北,https://cd.ke.com/ershoufang/20011717710100102877.html,北京城建龙樾熙城,https://cd.ke.com/xiaoqu/166987289735236/,低楼层(共15层),2018年建,4室2厅,90.81平米,东北,0,1月前发布
6780,二环内标准电梯套二户型方正无增值税,https://cd.ke.com/ershoufang/20011717710100101814.html,锦泰世家,https://cd.ke.com/xiaoqu/3011053523244/,低楼层(共18层),2005年建,2室1厅,89.01平米,西南,8,1月前发布
6781,楼梯房套二，功能间齐全，老房子公摊小,https://cd.ke.com/ershoufang/20011617710100507971.html,平福巷2号小区,https://cd.ke.com/xiaoqu/3011055836836/,高楼层(共6层),2000年建,2室1厅,66.72平米,南,2,1月前发布
6782,泰逸阳光1室1厅东南,https://cd.ke.com/ershoufang/20011617710100505558.html,泰逸阳光,https://cd.ke.com/xiaoqu/1611058741005/,中楼层(共5层),2005年建,1室1厅,62平米,东南,0,1月前发布
6783,此房是标准套二，客厅带阳台，视野开阔。,https://cd.ke.com/ershoufang/20011617710100505091.html,西西里二期,https://cd.ke.com/xiaoqu/1611058061998/,高楼层(共34层),2009年建,2室1厅,77.46平米,西北,10,1月前发布
6784,网红小区龙樾熙城清水套四双卫带阳台，看房方便,https://cd.ke.com/ershoufang/20011617710100504920.html,北京城建龙樾熙城,https://cd.ke.com/xiaoqu/166987289735236/,低楼层(共15层)4室2厅,121.23平米,西北,,,5,1月前发布
6785,恒大西锦城3室2厅东南,https://cd.ke.com/ershoufang/20011617710100419748.html,恒大西锦城,https://cd.ke.com/xiaoqu/1611059186624/,中楼层(共29层),2012年建,3室2厅,111.7平米,东南,3,1月前发布
6786,保利学府城3室2厅东南,https://cd.ke.com/ershoufang/20011617710100504887.html,保利学府城,https://cd.ke.com/xiaoqu/1612036038733556/,中楼层(共18层)3室2厅,84平米,东南,,,9,1月前发布
6787,羊犀立交-精装套四-保利品质-视野开阔-东南朝向,https://cd.ke.com/ershoufang/20011617710100419588.html,保利梧桐语,https://cd.ke.com/xiaoqu/1611061462318/,中楼层(共18层),2014年建,4室2厅,116.48平米,东南南,2,1月前发布
6788,兴元绿洲中装套一不临街中间楼层对中庭,https://cd.ke.com/ershoufang/20011617710100503681.html,兴元绿洲一期,https://cd.ke.com/xiaoqu/1611041885209/,中楼层(共22层),2007年建,1室1厅,44.15平米,西南,3,1月前发布
6789,户型方正，客厅带飘窗，卧室带阳台，低楼层上下楼方便,https://cd.ke.com/ershoufang/20011617710100503220.html,兴元绿洲一期,https://cd.ke.com/xiaoqu/1611041885209/,低楼层(共22层),2007年建,2室1厅,82.9平米,东南,2,1月前发布
6790,金科苑，中间三楼，居家装修，环境好,https://cd.ke.com/ershoufang/20011617710100416558.html,金科苑中街106号,https://cd.ke.com/xiaoqu/3011055324345/,中楼层(共6层),2007年建,2室1厅,61平米,东南,4,1月前发布
6791,西宸原著御景2室1厅东南,https://cd.ke.com/ershoufang/20011617710100500796.html,西宸原著御景,https://cd.ke.com/xiaoqu/1620021526413414/,低楼层(共40层),2019年建,2室1厅,73平米,东南,3,1月前发布
6792,蓝光云鼎套三出售.................,https://cd.ke.com/ershoufang/20011617710100209392.html,蓝光云鼎,https://cd.ke.com/xiaoqu/1611058501893/,高楼层(共31层),2012年建,3室1厅,87平米,东南,45,1月前发布
6793,金牛万达优质套二（户型方正，采光好）,https://cd.ke.com/ershoufang/20011617710100500342.html,金牛万达B组团,https://cd.ke.com/xiaoqu/1611061060626/,中楼层(共32层),2012年建,2室1厅,69.53平米,东,18,1月前发布
6794,金牛宾馆宿舍装修中间楼层套二，看房方便，业主诚心,https://cd.ke.com/ershoufang/20011617710100208963.html,金牛宾馆宿舍,https://cd.ke.com/xiaoqu/1611061070921/,中楼层(共7层),1998年建,2室1厅,82.55平米,东南,4,1月前发布
6795,二道桥街76号3室1厅南,https://cd.ke.com/ershoufang/20011617710100410835.html,二道桥街76号,https://cd.ke.com/xiaoqu/1616520807198132/,高楼层(共7层),2000年建,3室1厅,65平米,南,15,1月前发布
6796,锦西国际1室0厅北,https://cd.ke.com/ershoufang/20011617710100410563.html,锦西国际,https://cd.ke.com/xiaoqu/1611047665350/,低楼层(共22层),2008年建,1室0厅,24.01平米,北,16,1月前发布
6797,碧蔓汀宜居两室客厅带阳台居家装修视野开阔,https://cd.ke.com/ershoufang/20011617710100409848.html,富丽碧蔓汀,https://cd.ke.com/xiaoqu/3011056057833/,中楼层(共26层),2009年建,2室2厅,61.68平米,东南,2,1月前发布
6798,房子位于沙湾片区，金沙巷，适合居家自住，中间楼层,https://cd.ke.com/ershoufang/20011617710100406579.html,金沙巷12号,https://cd.ke.com/xiaoqu/1611060887226/,中楼层(共7层),1998年建,3室1厅,95平米,东南,4,1月前发布
6799,泉水人家二期A区2室1厅南,https://cd.ke.com/ershoufang/20011617710100121186.html,泉水人家二期A区,https://cd.ke.com/xiaoqu/3011053756858/,低楼层(共15层),2010年建,2室1厅,68平米,南,0,1月前发布
6800,香木林加州国际+标准车位+价格优惠,https://cd.ke.com/ershoufang/20011617710100118448.html,香木林加州国际,https://cd.ke.com/xiaoqu/1611047338092/,地下室(共1层),2009年建,1室0厅,35平米,东,0,1月前发布
6801,标准套一，户型方正，交通方便。,https://cd.ke.com/ershoufang/20011617710100115996.html,欧美苑,https://cd.ke.com/xiaoqu/1611047575880/,低楼层(共6层),2003年建,2室1厅,79.61平米,东,0,1月前发布
6802,五号线口泉水人家二期电梯房大套二,https://cd.ke.com/ershoufang/20011617710100115583.html,泉水人家二期A区,https://cd.ke.com/xiaoqu/3011053756858/,中楼层(共15层),2010年建,2室2厅,80.83平米,南北,1,1月前发布
6803,金牛区电梯套二，客厅带阳台，中间楼层，房东诚心出售,https://cd.ke.com/ershoufang/20011617710100115368.html,锦城名都,https://cd.ke.com/xiaoqu/1611047296454/,低楼层(共33层),2008年建,2室1厅,73.52平米,西南,3,1月前发布
6804,卧室和客厅都对中庭，采光视野良好，房子空置。,https://cd.ke.com/ershoufang/20011617710100110011.html,阳曦芙蓉城,https://cd.ke.com/xiaoqu/3011054860008/,高楼层(共28层),2009年建,1室1厅,66.78平米,西北,2,1月前发布
6805,金府银座1室1厅南,https://cd.ke.com/ershoufang/20011617710100109311.html,金府银座,https://cd.ke.com/xiaoqu/1611047761222/,高楼层(共25层),2007年建,1室1厅,55.14平米,南,1,1月前发布
6806,茶店子阳曦芙蓉城套二采光好视野开阔,https://cd.ke.com/ershoufang/20011617710100109741.html,阳曦芙蓉城,https://cd.ke.com/xiaoqu/3011054860008/,中楼层(共28层),2009年建,2室2厅,88.39平米,东南,0,1月前发布
6807,翡翠海湾多余车位诚心出售，，，,https://cd.ke.com/ershoufang/20011617710100109417.html,翡翠海湾,https://cd.ke.com/xiaoqu/3011054117736/,地下室(共层)1室0厅,33.64平米,东南,,,0,1月前发布
6808,金府银座1室1厅南,https://cd.ke.com/ershoufang/20011617710100109958.html,金府银座,https://cd.ke.com/xiaoqu/1611047761222/,高楼层(共25层),2007年建,1室1厅,55.14平米,南,1,1月前发布
6809,翡翠海湾对中庭安静大套二含标准车位,https://cd.ke.com/ershoufang/20011617710100108818.html,翡翠海湾,https://cd.ke.com/xiaoqu/3011054117736/,低楼层(共18层),2008年建,2室1厅,101.53平米,东南,41,1月前发布
6810,08年电梯套三精装方正通透生活配套齐不临街,https://cd.ke.com/ershoufang/20011617710100103724.html,状元府邸(金牛),https://cd.ke.com/xiaoqu/1611041886610/,低楼层(共31层),2008年建,3室1厅,91.67平米,北,1,1月前发布
6811,简装套一户型方正中间楼层前后不临街,https://cd.ke.com/ershoufang/20011617710100103360.html,五福佳苑,https://cd.ke.com/xiaoqu/1620026213479576/,中楼层(共15层)1室1厅,49平米,东南,,,1,1月前发布
6812,此房户型方正通透，安静不临街，带屋顶花园,https://cd.ke.com/ershoufang/20011517710100155740.html,明阳家在回廊,https://cd.ke.com/xiaoqu/1611057888858/,高楼层(共7层),2002年建,2室1厅,66.49平米,西南,1,1月前发布
6813,低总价口岸好三环边离地铁近的套二商品房,https://cd.ke.com/ershoufang/20011517710100152839.html,沙河源街道川建社区,https://cd.ke.com/xiaoqu/1611953462324584/,中楼层(共7层)2室1厅,76.32平米,南,,,7,1月前发布
6814,两室一厅，卧室有飘窗，居家装修,https://cd.ke.com/ershoufang/20011517710100150621.html,西雅语嫣,https://cd.ke.com/xiaoqu/1611047761252/,中楼层(共11层),2003年建,2室1厅,101.5平米,东南,2,1月前发布
6815,泰逸美景标准套二，业主多余房产，诚心出售,https://cd.ke.com/ershoufang/20011517710100149425.html,泰逸美景,https://cd.ke.com/xiaoqu/3011053915133/,中楼层(共11层),2005年建,2室2厅,97.11平米,东南,3,1月前发布
6816,城西公寓3室1厅南,https://cd.ke.com/ershoufang/20011517710100146955.html,城西公寓,https://cd.ke.com/xiaoqu/3011053927546/,中楼层(共7层),2001年建,3室1厅,139.33平米,南,0,1月前发布
6817,金牛花园套三双卫客厅带阳台,https://cd.ke.com/ershoufang/20011517710100144522.html,金牛花园,https://cd.ke.com/xiaoqu/3011055302543/,中楼层(共17层),2009年建,3室2厅,138.42平米,西北,12,1月前发布
6818,金牛区5号线地铁口品质套二户型方正,https://cd.ke.com/ershoufang/20011517710100135364.html,龙湖北城天街二期,https://cd.ke.com/xiaoqu/1611059622292/,低楼层(共23层),2013年建,2室2厅,80.13平米,东,0,1月前发布
6819,二环边地铁口，低楼层套二，户型方正，小区清静,https://cd.ke.com/ershoufang/20011517710100130524.html,红旗巷5号,https://cd.ke.com/xiaoqu/1611061668283/,低楼层(共7层),2000年建,2室1厅,81.4平米,西南,2,1月前发布
6820,标准套二全新装修客厅带阳台,https://cd.ke.com/ershoufang/20011517710100126763.html,金沙御苑,https://cd.ke.com/xiaoqu/3011055266423/,高楼层(共14层),2013年建,2室2厅,80.4平米,东南东,2,1月前发布
6821,地铁口刚需跃层价格时适中还可谈,https://cd.ke.com/ershoufang/20011517710100123539.html,保利国宾首府,https://cd.ke.com/xiaoqu/1612397021246362/,中楼层(共16层),2018年建,厅室未知,88平米,西北,0,1月前发布
6822,低楼层套二、小区人车分流，目前房子为出租状态,https://cd.ke.com/ershoufang/20011517710100123071.html,锦城名都,https://cd.ke.com/xiaoqu/1611047296454/,低楼层(共33层),2009年建,2室2厅,80.79平米,东南,7,1月前发布
6823,保利两河森林房屋出售，清水套四,https://cd.ke.com/ershoufang/20011517710100119815.html,保利两河森林,https://cd.ke.com/xiaoqu/1611063460290/,低楼层(共11层)4室1厅,137平米,南,,,4,1月前发布
6824,低楼层带平台花园居家装修小套三,https://cd.ke.com/ershoufang/20011517710100119544.html,营和街43号,https://cd.ke.com/xiaoqu/1620024448876887/,低楼层(共7层),1995年建,3室1厅,77平米,西北,1,1月前发布
6825,绿地世纪城1室1厅南,https://cd.ke.com/ershoufang/20011517710100113356.html,绿地世纪城,https://cd.ke.com/xiaoqu/3011053997428/,高楼层(共18层),2016年建,1室1厅,52.98平米,南,37,1月前发布
6826,交通巷小区户型方正中间楼层标准套一,https://cd.ke.com/ershoufang/20011517710100113127.html,交通巷36号,https://cd.ke.com/xiaoqu/3011056515751/,中楼层(共7层),1990年建,1室1厅,56.79平米,东,5,1月前发布
6827,龙湖北城天街二期负一楼标准车位,https://cd.ke.com/ershoufang/20011517710100112852.html,龙湖北城天街二期,https://cd.ke.com/xiaoqu/1611059622292/,地下室(共层)1室0厅,33平米,南,,,0,1月前发布
6828,优质房，房东好说话，有意向快来聊,https://cd.ke.com/ershoufang/20011517710100112551.html,西沙美景小区,https://cd.ke.com/xiaoqu/1611047638533/,中楼层(共18层),2008年建,1室1厅,56.01平米,东,2,1月前发布
6829,房子在中庭位置安静套二双卫有装修,https://cd.ke.com/ershoufang/20011517710100110111.html,华凌尚城,https://cd.ke.com/xiaoqu/1611059785667/,中楼层(共11层),2007年建,2室2厅,93.67平米,西,0,1月前发布
6830,五号线地铁口，天悦城套二，户型方正，中间楼层,https://cd.ke.com/ershoufang/20011517710100107428.html,天悦城,https://cd.ke.com/xiaoqu/1611063533871/,中楼层(共25层),2015年建,2室1厅,69.06平米,南,1,1月前发布
6831,明阳家在回廊3室1厅东南,https://cd.ke.com/ershoufang/20011517710100106298.html,明阳家在回廊,https://cd.ke.com/xiaoqu/1611057888858/,中楼层(共7层),2002年建,3室1厅,101.58平米,东南,10,1月前发布
6832,鑫源公寓2室1厅南,https://cd.ke.com/ershoufang/20011517710100105994.html,鑫源公寓,https://cd.ke.com/xiaoqu/3011054767951/,高楼层(共8层),2000年建,2室1厅,70平米,南,0,1月前发布
6833,营康西路184号1室1厅东,https://cd.ke.com/ershoufang/20011517710100105323.html,营康西路184号,https://cd.ke.com/xiaoqu/3011054110110/,高楼层(共7层),1998年建,1室1厅,50.67平米,东,10,1月前发布
6834,保养还行，户型方正，值得一看，,https://cd.ke.com/ershoufang/20011517710100103350.html,兴元绿洲一期,https://cd.ke.com/xiaoqu/1611041885209/,中楼层(共22层),2007年建,2室1厅,91.27平米,西南,0,1月前发布
6835,保利梧桐语装修套三出售客厅带阳台,https://cd.ke.com/ershoufang/20011517710100101140.html,保利梧桐语,https://cd.ke.com/xiaoqu/1611061462318/,中楼层(共18层),2014年建,3室2厅,81平米,西南,2,1月前发布
6836,金科苑套二通透户型，楼层好，视野开阔,https://cd.ke.com/ershoufang/20011517710100100948.html,金科苑正街81号,https://cd.ke.com/xiaoqu/3011055299948/,低楼层(共6层),1999年建,2室1厅,61.55平米,东南,5,1月前发布
6837,一环内工人村旁标准套三有钥匙可以看房,https://cd.ke.com/ershoufang/20011417710100159791.html,簸箕巷66号,https://cd.ke.com/xiaoqu/3011054433877/,中楼层(共7层),1994年建,3室1厅,66.38平米,东,4,1月前发布
6838,安蓉路12号1室1厅东南,https://cd.ke.com/ershoufang/20011417710100156913.html,安蓉路12号,https://cd.ke.com/xiaoqu/1611061589753/,高楼层(共7层)1室1厅,55.61平米,东南,,,11,1月前发布
6839,锦城苑有装修有阳台采光好,https://cd.ke.com/ershoufang/20011417710100153896.html,锦城苑(金牛),https://cd.ke.com/xiaoqu/3011054831219/,中楼层(共7层),1999年建,2室1厅,112平米,东南,7,1月前发布
6840,金牛区一环内府河旁低楼层套四,https://cd.ke.com/ershoufang/20011417710100150614.html,书香门第,https://cd.ke.com/xiaoqu/3011052557144/,低楼层(共23层),2004年建,4室1厅,128.76平米,东南,2,1月前发布
6841,西西里二期套三双卫，正对公园，视野无遮挡，诚心出售,https://cd.ke.com/ershoufang/20011417710100149930.html,西西里二期,https://cd.ke.com/xiaoqu/1611058061998/,高楼层(共34层),2009年建,3室1厅,118平米,东,11,1月前发布
6842,一环内，曦城，负一楼车位,https://cd.ke.com/ershoufang/20011417710100148485.html,曦城,https://cd.ke.com/xiaoqu/3011054858227/,地下室(共层)1室0厅,31.36平米,东南,,,0,1月前发布
6843,保利梧桐语明厨明卫套二出售客厅带阳台,https://cd.ke.com/ershoufang/20011417710100146813.html,保利梧桐语,https://cd.ke.com/xiaoqu/1611061462318/,高楼层(共18层),2014年建,2室1厅,59.43平米,东北,15,1月前发布
6844,好房子，美式装修风格，家具材料绿色环保,https://cd.ke.com/ershoufang/20011417710100144973.html,云景豪庭,https://cd.ke.com/xiaoqu/3011055065942/,中楼层(共29层),2010年建,3室2厅,99.2平米,南北,2,1月前发布
6845,天府名苑1室1厅东,https://cd.ke.com/ershoufang/20011417710100143626.html,天府名苑,https://cd.ke.com/xiaoqu/1611041883475/,低楼层(共8层),2002年建,1室1厅,25.54平米,东,12,1月前发布
6846,新上北极星花园标准套一带阳台，朝南，采光好,https://cd.ke.com/ershoufang/20011417710100139029.html,中房北极星花园,https://cd.ke.com/xiaoqu/166986511692080/,高楼层(共29层),2016年建,1室1厅,42.38平米,南,5,1月前发布
6847,华侨城纯水岸一期4室2厅南,https://cd.ke.com/ershoufang/20011417710100129031.html,华侨城纯水岸一期,https://cd.ke.com/xiaoqu/1611058082101/,低楼层(共9层),2009年建,4室2厅,185.55平米,南,2,1月前发布
6848,二环边居家装修户型方正出勤方便套三,https://cd.ke.com/ershoufang/20011417710100127376.html,荷花池公寓,https://cd.ke.com/xiaoqu/1611061196347/,中楼层(共7层),2000年建,3室2厅,107.75平米,西南,3,1月前发布
6849,此房视野开阔，大户型套二，采光良好，户型方正,https://cd.ke.com/ershoufang/20011417710100121557.html,一品荷花,https://cd.ke.com/xiaoqu/3011056102021/,中楼层(共18层),2008年建,2室2厅,80.25平米,东,0,1月前发布
6850,兴元花园二期人车分流小区环境好,https://cd.ke.com/ershoufang/20011417710100100540.html,兴元花园二期,https://cd.ke.com/xiaoqu/1611058540281/,低楼层(共7层),2002年建,3室2厅,114.75平米,东南,15,1月前发布
6851,兴元花园二期电梯套三不临街,https://cd.ke.com/ershoufang/20011417710100100460.html,兴元花园二期,https://cd.ke.com/xiaoqu/1611058540281/,低楼层(共11层),2002年建,3室1厅,123.14平米,西北,3,1月前发布
6852,楼层适中，户型方正，生活氛围浓厚，交通便利。,https://cd.ke.com/ershoufang/20011417710100100254.html,益民苑,https://cd.ke.com/xiaoqu/3011055270333/,中楼层(共7层),1998年建,2室2厅,71.21平米,东,0,1月前发布
6853,车位是在负1楼，车位停车方便,https://cd.ke.com/ershoufang/20011317710100169981.html,水韵天府,https://cd.ke.com/xiaoqu/3011053805067/,地下室(共层),2006年建,1室0厅,30.35平米,东,0,1月前发布
6854,华侨城纯水岸一期7栋2单元房屋介绍,https://cd.ke.com/ershoufang/20011317710100169648.html,华侨城纯水岸一期,https://cd.ke.com/xiaoqu/1611058082101/,中楼层(共18层),2009年建,2室1厅,89.62平米,南,6,1月前发布
6855,居家装修，标准套二，低楼层，户型方正采光好,https://cd.ke.com/ershoufang/20011317710100169534.html,水韵天府,https://cd.ke.com/xiaoqu/3011053805067/,低楼层(共22层),2006年建,2室1厅,84平米,东,3,1月前发布
6856,房子满两年，没有增值税简单装修中高楼层近李家沱,https://cd.ke.com/ershoufang/20011317710100161958.html,瑞安城中汇,https://cd.ke.com/xiaoqu/1611064006367/,中楼层(共39层),2015年建,2室1厅,89.25平米,东南,1,1月前发布
6857,精装套二带标准车位自带生活阳台,https://cd.ke.com/ershoufang/20011317710100159012.html,龙湖北城天街二期,https://cd.ke.com/xiaoqu/1611059622292/,低楼层(共23层),2013年建,2室1厅,80.2平米,北,14,1月前发布
6858,高家庄赞城40年物业，尚业办公类，功能间齐全，对中庭,https://cd.ke.com/ershoufang/20011317710100157539.html,高家庄赞城,https://cd.ke.com/xiaoqu/3011054747489/,中楼层(共21层)1室1厅,45.9平米,西南,,,0,1月前发布
6859,标准套三，户型方正，中间楼层，保养好,https://cd.ke.com/ershoufang/20011317710100157272.html,交大北园,https://cd.ke.com/xiaoqu/1611047109218/,中楼层(共6层),1998年建,3室2厅,81平米,东南,0,1月前发布
6860,龙湖源著西区+套四双卫+对中庭看公园+西南朝向,https://cd.ke.com/ershoufang/20011317710100152949.html,龙湖源著西区,https://cd.ke.com/xiaoqu/1620022012064205/,中楼层(共16层),2016年建,4室1厅,125.05平米,西南,6,1月前发布
6861,龙湖源著西区+套三双卫+中高楼层+视野开阔,https://cd.ke.com/ershoufang/20011317710100152578.html,龙湖源著西区,https://cd.ke.com/xiaoqu/1620022012064205/,中楼层(共16层),2016年建,3室1厅,107.98平米,东北,4,1月前发布
6862,马鞍东路移动公司单位房标准套三双卫客厅带阳台,https://cd.ke.com/ershoufang/20011317710100151479.html,马鞍东路11号,https://cd.ke.com/xiaoqu/3011053903842/,中楼层(共11层),2000年建,3室2厅,109.13平米,南北,1,1月前发布
6863,马家公馆车位出售，标准车位，总价低,https://cd.ke.com/ershoufang/20011317710100147497.html,中铁马家公馆,https://cd.ke.com/xiaoqu/1611063826168/,地下室(共1层)1室0厅,49.41平米,东,,,0,1月前发布
6864,一环内青羊北路九幼旁青羊小区简装套二出售,https://cd.ke.com/ershoufang/20011317710100142748.html,青羊北路13号,https://cd.ke.com/xiaoqu/1620022286853758/,高楼层(共7层),1990年建,2室1厅,52.35平米,南,7,1月前发布
6865,金牛国宾高家庄赞城户型方正,https://cd.ke.com/ershoufang/20011317710100138714.html,高家庄赞城,https://cd.ke.com/xiaoqu/3011054747489/,中楼层(共22层)1室1厅,47.07平米,南,,,0,1月前发布
6866,户型方正采光好中间楼层小区安静不临街,https://cd.ke.com/ershoufang/20011317710100138236.html,张家巷,https://cd.ke.com/xiaoqu/1611061574085/,高楼层(共4层),1995年建,2室1厅,45.54平米,东南,9,1月前发布
6867,金牛区龙湖源著精装修客厅带阳台,https://cd.ke.com/ershoufang/20011317710100133295.html,龙湖源著东区,https://cd.ke.com/xiaoqu/1620022064527315/,中楼层(共16层)4室2厅,125.38平米,东,,,10,1月前发布
6868,中间楼层出行便利多层住宅看房提前约,https://cd.ke.com/ershoufang/20011317710100132945.html,外化成五里墩东街143号,https://cd.ke.com/xiaoqu/1620031805725500/,中楼层(共7层),1997年建,3室1厅,79.65平米,东南,4,1月前发布
6869,远洋郎郡精装修2房房东出售,https://cd.ke.com/ershoufang/20011317710100132144.html,远洋朗郡,https://cd.ke.com/xiaoqu/1611061580219/,中楼层(共17层),2012年建,2室2厅,85平米,东南,3,1月前发布
6870,观音阁前街8号2室1厅东南,https://cd.ke.com/ershoufang/20011317710100129214.html,观音阁前街8号,https://cd.ke.com/xiaoqu/3011053927566/,低楼层(共6层),1998年建,2室1厅,60平米,东南,2,1月前发布
6871,西南交大旁中装套三诚心出售,https://cd.ke.com/ershoufang/20011317710100126765.html,三友小区,https://cd.ke.com/xiaoqu/1611047108301/,中楼层(共7层),1999年建,3室2厅,120平米,东南,0,1月前发布
6872,西雅语嫣套二改套三精装修可拎包入住,https://cd.ke.com/ershoufang/20011317710100126266.html,西雅语嫣,https://cd.ke.com/xiaoqu/1611047761252/,低楼层(共11层),2003年建,2室1厅,105.07平米,西南,2,1月前发布
6873,交大智能一期北苑经纪人房源点评,https://cd.ke.com/ershoufang/20011317710100124996.html,交大智能一期北苑,https://cd.ke.com/xiaoqu/1611047303816/,高楼层(共7层),2000年建,3室1厅,104平米,东南,62,1月前发布
6874,三环内不需要资格地铁口水电气三通,https://cd.ke.com/ershoufang/20011317710100120113.html,金府国际,https://cd.ke.com/xiaoqu/1611041875393/,高楼层(共31层),2011年建,3室1厅,121.35平米,西南南,2,1月前发布
6875,平福巷4号2室1厅南,https://cd.ke.com/ershoufang/20011317710100115792.html,平福巷4号,https://cd.ke.com/xiaoqu/1611061566364/,中楼层(共7层)2室1厅,73.81平米,南,,,3,1月前发布
6876,一品天下双地铁口，配套齐全，出行方便。,https://cd.ke.com/ershoufang/20011317710100115179.html,华夏之家,https://cd.ke.com/xiaoqu/3011053378767/,中楼层(共7层),1998年建,2室1厅,67.77平米,南,6,1月前发布
6877,二十九所丙区保养好，朝向不错,https://cd.ke.com/ershoufang/20011317710100113044.html,二十九所丙区,https://cd.ke.com/xiaoqu/1613008749212179/,高楼层(共6层)2室1厅,66.35平米,东南西北,,,30,1月前发布
6878,远洋朗郡负二楼车位出售，随时可看,https://cd.ke.com/ershoufang/20011317710100111328.html,远洋朗郡,https://cd.ke.com/xiaoqu/1611061580219/,地下室(共层),2012年建,1室0厅,32.46平米,东,1,1月前发布
6879,交大智能一期南苑3室2厅西南,https://cd.ke.com/ershoufang/20011317710100108311.html,交大智能一期南苑,https://cd.ke.com/xiaoqu/1611047109002/,低楼层(共7层),2000年建,3室2厅,170.37平米,西南,8,1月前发布
6880,一环内，单位房，标准套二，带花园,https://cd.ke.com/ershoufang/20011317710100106896.html,白马寺路10号,https://cd.ke.com/xiaoqu/3011053915743/,低楼层(共7层)2室2厅,78.36平米,南,,,5,1月前发布
6881,翡翠海湾套二有装修有阳台房东自住看房提前预约,https://cd.ke.com/ershoufang/20011317710100106020.html,翡翠海湾,https://cd.ke.com/xiaoqu/3011054117736/,中楼层(共18层),2008年建,2室1厅,97.16平米,东南,8,1月前发布
6882,恒大西锦城客厅带阳台东南朝向视野开阔采光好,https://cd.ke.com/ershoufang/20011317710100104391.html,恒大西锦城,https://cd.ke.com/xiaoqu/1611059186624/,低楼层(共29层),2013年建,2室2厅,87.54平米,东南,6,1月前发布
6883,两室一厅一卫户型，客厅有阳台，卧室有飘窗,https://cd.ke.com/ershoufang/20011317710100100983.html,锦熙玉苑,https://cd.ke.com/xiaoqu/1611058127619/,低楼层(共18层),2011年建,2室1厅,82.84平米,东南,4,1月前发布
6884,锦鸿西苑标准套二户型方正采光好,https://cd.ke.com/ershoufang/20011217710100189463.html,锦鸿西苑,https://cd.ke.com/xiaoqu/1611047690690/,高楼层(共6层),2002年建,2室2厅,96.59平米,西南,4,2月前发布
6885,沙河公园旁，精装修标准套二，进门带入户全对中庭,https://cd.ke.com/ershoufang/20011217710100188389.html,水韵天府,https://cd.ke.com/xiaoqu/3011053805067/,高楼层(共22层),2006年建,2室2厅,84.5平米,东,13,2月前发布
6886,北极星花园套一，端头户型，客厅双面采光，拎包入住,https://cd.ke.com/ershoufang/20011217710100185894.html,中房北极星花园,https://cd.ke.com/xiaoqu/166986511692080/,中楼层(共29层),2016年建,1室1厅,42.38平米,东北,33,2月前发布
6887,一环内金牛区中楼层配套成熟,https://cd.ke.com/ershoufang/20011217710100185691.html,青羊东一路4号,https://cd.ke.com/xiaoqu/1611060792355/,中楼层(共8层),1997年建,1室0厅,49.07平米,北,7,2月前发布
6888,香木林标准套二，户型方正采光好，低楼层,https://cd.ke.com/ershoufang/20011217710100184549.html,香木林加州国际,https://cd.ke.com/xiaoqu/1611047338092/,低楼层(共23层),2009年建,2室1厅,89.71平米,南,4,2月前发布
6889,一环内金牛区一居室配套成熟便捷生活,https://cd.ke.com/ershoufang/20011217710100182158.html,青羊东一路4号,https://cd.ke.com/xiaoqu/1611060792355/,中楼层(共8层),1997年建,1室1厅,49.07平米,南,7,2月前发布
6890,锦西名宅东区优质好房，标准套一，中楼层,https://cd.ke.com/ershoufang/20011217710100179269.html,锦西名宅东区,https://cd.ke.com/xiaoqu/1611042030061/,中楼层(共6层),2001年建,1室1厅,51.3平米,东,6,2月前发布
6891,二环边上，双地铁，自带配套，交通方便,https://cd.ke.com/ershoufang/20011217710100175659.html,瑞安城中汇,https://cd.ke.com/xiaoqu/1611064006367/,高楼层(共28层)1室1厅,65平米,东,,,1,2月前发布
6892,刚需福音+中间楼层+户型通透+卧室阳台,https://cd.ke.com/ershoufang/20011217710100172580.html,城市绿舟花园,https://cd.ke.com/xiaoqu/1611047301646/,中楼层(共6层),2002年建,2室1厅,76.56平米,南,1,2月前发布
6893,二环外侧，营门口精装修套二，诚心出售,https://cd.ke.com/ershoufang/20011217710100160116.html,外化成五里墩横街43号院,https://cd.ke.com/xiaoqu/1620025711736445/,中楼层(共7层),1994年建,2室1厅,61.53平米,东南,43,2月前发布
6894,洞子口好房出售，标准套二户型方正采光好。,https://cd.ke.com/ershoufang/20011217710100152362.html,水韵天府,https://cd.ke.com/xiaoqu/3011053805067/,低楼层(共18层),2006年建,2室1厅,89.14平米,东南,6,2月前发布
6895,电梯标准套一安静不临街采光好,https://cd.ke.com/ershoufang/20011217710100152056.html,西景花园,https://cd.ke.com/xiaoqu/3011053383736/,中楼层(共9层),2004年建,1室1厅,43.34平米,西北,4,2月前发布
6896,此房位于小区中庭，正朝南，采光好竖厅套三，有平台,https://cd.ke.com/ershoufang/20011217710100151811.html,华润银杏华庭,https://cd.ke.com/xiaoqu/1611061212112/,低楼层(共20层),2012年建,3室2厅,91平米,南,0,2月前发布
6897,恒大西锦城3室2厅东南,https://cd.ke.com/ershoufang/20011217710100150927.html,恒大西锦城,https://cd.ke.com/xiaoqu/1611059186624/,低楼层(共29层),2013年建,3室2厅,119.27平米,东南,4,2月前发布
6898,华侨城纯水岸一期洋房…………………,https://cd.ke.com/ershoufang/20011217710100148793.html,华侨城纯水岸一期,https://cd.ke.com/xiaoqu/1611058082101/,低楼层(共9层),2009年建,3室2厅,157.17平米,东南,4,2月前发布
6899,西线阳光负一楼产权车位，标准车位,https://cd.ke.com/ershoufang/20011217710100147174.html,西线阳光,https://cd.ke.com/xiaoqu/3011054776444/,地下室(共1层)1室0厅,28.89平米,东,,,0,2月前发布
6900,西线阳光3室1厅西南,https://cd.ke.com/ershoufang/20011217710100146550.html,西线阳光,https://cd.ke.com/xiaoqu/3011054776444/,高楼层(共18层),2007年建,3室1厅,90.06平米,西南,1,2月前发布
6901,两河锦地优质好房，对中庭采光好,https://cd.ke.com/ershoufang/20011217710100145275.html,两河锦地,https://cd.ke.com/xiaoqu/1611061096672/,高楼层(共18层),2009年建,2室1厅,87平米,东,0,2月前发布
6902,二环内，居家大套三双卫，居家楼层，户型方正,https://cd.ke.com/ershoufang/20011217710100143858.html,树蓓街104号,https://cd.ke.com/xiaoqu/1611062548395/,中楼层(共7层),2000年建,3室2厅,123.29平米,东南,2,2月前发布
6903,一环边出勤方便户型方正居家简装套三,https://cd.ke.com/ershoufang/20011217710100142727.html,爱民路124号,https://cd.ke.com/xiaoqu/3011054864847/,中楼层(共7层)3室2厅,110平米,东南,,,3,2月前发布
6904,顶峰三期精装套三高楼层视野开阔不临街近地铁,https://cd.ke.com/ershoufang/20011217710100140613.html,顶峰水岸汇景,https://cd.ke.com/xiaoqu/1611047297139/,高楼层(共33层),2008年建,3室2厅,118.34平米,东南,3,2月前发布
6905,一环内公园旁+通透户型+安静不吵,https://cd.ke.com/ershoufang/20011217710100139575.html,锦城世家,https://cd.ke.com/xiaoqu/3011053926360/,中楼层(共32层),2014年建,3室1厅,103.18平米,南,11,2月前发布
6906,国际物业次新小区精装修优质套二,https://cd.ke.com/ershoufang/20011217710100139022.html,瑞安城中汇,https://cd.ke.com/xiaoqu/1611064006367/,中楼层(共39层),2015年建,2室1厅,89.3平米,南,2,2月前发布
6907,西锦国际标准套二，九号户型对中庭中间楼层,https://cd.ke.com/ershoufang/20011217710100137998.html,西锦国际一期,https://cd.ke.com/xiaoqu/3011052224164/,低楼层(共25层),2009年建,2室1厅,70.37平米,东,64,2月前发布
6908,此房16年装修，保养好，舒适，视野广，价格带车位,https://cd.ke.com/ershoufang/20011217710100137729.html,恒大西锦城,https://cd.ke.com/xiaoqu/1611059186624/,中楼层(共29层),2012年建,2室2厅,85.16平米,东南,11,2月前发布
6909,户型方正，电梯，中间楼层，临地铁，,https://cd.ke.com/ershoufang/20011217710100137385.html,五福佳苑,https://cd.ke.com/xiaoqu/1620026213479576/,中楼层(共17层),2015年建,1室1厅,49平米,东南,1,2月前发布
6910,远洋套三双卫，全中庭位置，东南朝向，此房带产权车位,https://cd.ke.com/ershoufang/20011217710100136483.html,远洋朗郡,https://cd.ke.com/xiaoqu/1611061580219/,低楼层(共17层),2012年建,3室2厅,108.36平米,东南,3,2月前发布
6911,金沙美邻丽锦苑1室1厅西南,https://cd.ke.com/ershoufang/20011217710100135555.html,金沙美邻丽锦苑,https://cd.ke.com/xiaoqu/3011053930906/,中楼层(共6层),2008年建,1室1厅,44.03平米,西南,15,2月前发布
6912,精装套四双卫前后对中庭卧室带阳台采光好,https://cd.ke.com/ershoufang/20011217710100132046.html,华侨城纯水岸二期,https://cd.ke.com/xiaoqu/1611058082282/,低楼层(共33层),2010年建,4室2厅,127.1平米,西北,0,2月前发布
6913,天悦城地铁口简装套三朝南对中环,https://cd.ke.com/ershoufang/20011217710100131169.html,天悦城,https://cd.ke.com/xiaoqu/1611063533871/,中楼层(共33层),2015年建,3室2厅,87.77平米,北,29,2月前发布
6914,标准车位，空间充足，。。。。。。,https://cd.ke.com/ershoufang/20011217710100130865.html,凯丽豪景,https://cd.ke.com/xiaoqu/3011053425970/,地下室(共层)1室0厅,19.81平米,南,,,1,2月前发布
6915,城北五块石多层商品房低楼层套二，带花园~~~~~,https://cd.ke.com/ershoufang/20011217710100128895.html,五福花园,https://cd.ke.com/xiaoqu/3011054357174/,低楼层(共7层),2002年建,2室2厅,81.48平米,南北,1,2月前发布
6916,居家装修大套二，户型方正，采光好对中庭,https://cd.ke.com/ershoufang/20011217710100125217.html,两河锦地,https://cd.ke.com/xiaoqu/1611061096672/,高楼层(共18层),2009年建,2室2厅,85.05平米,东南,2,2月前发布
6917,华侨城天鹅堡精装修保养好………………,https://cd.ke.com/ershoufang/20011217710100120017.html,华侨城天鹅堡,https://cd.ke.com/xiaoqu/1611058082316/,低楼层(共32层),2012年建,3室1厅,100.87平米,东东南,1,2月前发布
6918,顶峰水岸汇景两梯两户不临街对公园清水房,https://cd.ke.com/ershoufang/20011217710100111753.html,顶峰水岸汇景,https://cd.ke.com/xiaoqu/1611047297139/,高楼层(共32层),2008年建,3室2厅,149.85平米,西北,3,2月前发布
6919,一环路内标准套一，户型方正，生活方便，交通便利,https://cd.ke.com/ershoufang/20011217710100101453.html,协和村22号,https://cd.ke.com/xiaoqu/3011053945133/,高楼层(共6层),1986年建,1室1厅,49.41平米,东南,0,2月前发布
6920,城北五块石标准套一交通方便诚心出售,https://cd.ke.com/ershoufang/20011117710100184617.html,站西桥西巷8号,https://cd.ke.com/xiaoqu/3011054072610/,高楼层(共7层),2000年建,1室1厅,43.8平米,东南,0,2月前发布
6921,贝多小屋2室1厅东南,https://cd.ke.com/ershoufang/20011117710100178937.html,贝多小屋,https://cd.ke.com/xiaoqu/3011054710908/,高楼层(共12层),2004年建,2室1厅,57.89平米,东南,2,2月前发布
6922,二环边，电梯小区安静不临街，户型方正，采光可以。,https://cd.ke.com/ershoufang/20011117710100173212.html,香木林加州国际,https://cd.ke.com/xiaoqu/1611047338092/,低楼层(共23层),2009年建,3室2厅,114.7平米,东北,10,2月前发布
6923,晓初公寓套二，安静不临街，高层采光好,https://cd.ke.com/ershoufang/20011117710100166253.html,晓初公寓(金牛),https://cd.ke.com/xiaoqu/3011056096444/,高楼层(共7层),2000年建,2室1厅,74.78平米,东南,0,2月前发布
6924,一品天下地铁口，不临街套三，有电梯,https://cd.ke.com/ershoufang/20011117710100165328.html,益民苑,https://cd.ke.com/xiaoqu/3011055270333/,高楼层(共7层),1998年建,3室1厅,79.88平米,东南,1,2月前发布
6925,书香门第套三双卫出售,https://cd.ke.com/ershoufang/20011117710100163316.html,书香门第,https://cd.ke.com/xiaoqu/3011052557144/,中楼层(共21层),2004年建,3室2厅,124.75平米,东南,79,2月前发布
6926,花照壁地铁口中间楼层精装套二户型方正采光好,https://cd.ke.com/ershoufang/20011117710100160538.html,幸福丽景,https://cd.ke.com/xiaoqu/1611041885701/,中楼层(共5层),2000年建,2室1厅,88.66平米,南,18,2月前发布
6927,营门口地铁口中间楼层标准套二户型方正采光好,https://cd.ke.com/ershoufang/20011117710100160093.html,幸福丽景,https://cd.ke.com/xiaoqu/1611041885701/,中楼层(共5层),2000年建,2室1厅,82.9平米,南,39,2月前发布
6928,电梯小高层，不临街，标准套二，16年装修，保养好,https://cd.ke.com/ershoufang/20011117710100157643.html,锦汇花园,https://cd.ke.com/xiaoqu/3011053413709/,低楼层(共9层),2001年建,2室2厅,90.54平米,东南,2,2月前发布
6929,普罗旺斯，精装跃层，装修保养不错,https://cd.ke.com/ershoufang/20011117710100157532.html,普罗旺斯,https://cd.ke.com/xiaoqu/1611058934012/,低楼层(共3层),2004年建,5室2厅,269.07平米,南,4,2月前发布
6930,西二环顶层住宅，标准套二，户型好，明亮,https://cd.ke.com/ershoufang/20011117710100157440.html,营康西路80号,https://cd.ke.com/xiaoqu/1611061222817/,高楼层(共7层),2002年建,2室2厅,65.31平米,西南,4,2月前发布
6931,标准套三户型户型方正对小区中庭精装修。,https://cd.ke.com/ershoufang/20011117710100154555.html,龙湖北城天街一期,https://cd.ke.com/xiaoqu/1611059619438/,中楼层(共23层),2012年建,3室1厅,106.27平米,西,8,2月前发布
6932,户型方正，朝南采光不错，楼层不高不矮,https://cd.ke.com/ershoufang/20011117710100152248.html,泉水南苑,https://cd.ke.com/xiaoqu/1611059368659/,中楼层(共5层),2004年建,1室1厅,40平米,南,5,2月前发布
6933,幸福彼岸不临街套二户型方正采光好装修好,https://cd.ke.com/ershoufang/20011117710100151661.html,幸福彼岸,https://cd.ke.com/xiaoqu/3011053814906/,高楼层(共22层),2007年建,2室2厅,85.52平米,西,2,2月前发布
6934,翡翠海湾套二朝南向视野开阔,https://cd.ke.com/ershoufang/20011117710100151030.html,翡翠海湾,https://cd.ke.com/xiaoqu/3011054117736/,中楼层(共18层),2008年建,2室1厅,88.95平米,南,14,2月前发布
6935,华宇锦城名都套二，对中庭，客厅卧室都有阳台,https://cd.ke.com/ershoufang/20011117710100146646.html,锦城名都,https://cd.ke.com/xiaoqu/1611047296454/,高楼层(共33层),2009年建,2室2厅,85.83平米,西南,8,2月前发布
6936,房子对中庭安静不临街，有装修，大大大套二,https://cd.ke.com/ershoufang/20011117710100146591.html,映日荷花,https://cd.ke.com/xiaoqu/3011053820608/,低楼层(共22层),2009年建,2室1厅,89平米,南,0,2月前发布
6937,金牛区金科北路地铁口套三双卫，户型方正，中楼层,https://cd.ke.com/ershoufang/20011117710100145149.html,保利学府城,https://cd.ke.com/xiaoqu/1612036038733556/,中楼层(共30层),2018年建,3室2厅,96.22平米,东北,17,2月前发布
6938,阳曦芙蓉城2室1厅西南,https://cd.ke.com/ershoufang/20011117710100140826.html,阳曦芙蓉城,https://cd.ke.com/xiaoqu/3011054860008/,低楼层(共31层),2009年建,2室1厅,74.75平米,西南,28,2月前发布
6939,金泉阳光佳新苑套一出售高楼层,https://cd.ke.com/ershoufang/20011117710100137439.html,金泉阳光佳新苑,https://cd.ke.com/xiaoqu/3011054733318/,高楼层(共6层),2006年建,1室1厅,46.52平米,西,0,2月前发布
6940,西城丽景套二有装修东南朝向,https://cd.ke.com/ershoufang/20011117710100135147.html,西城丽景,https://cd.ke.com/xiaoqu/3011054775525/,高楼层(共18层),2009年建,2室1厅,79.1平米,东南,6,2月前发布
6941,东成西就套二，总价低，交通便利。生活配套方便,https://cd.ke.com/ershoufang/20011117710100133949.html,东成西就,https://cd.ke.com/xiaoqu/1611061697199/,高楼层(共7层),2003年建,1室0厅,29平米,东北东南,18,2月前发布
6942,一环内电梯跃层住宅，交通便利设施齐全,https://cd.ke.com/ershoufang/20011117710100133743.html,荷里活,https://cd.ke.com/xiaoqu/3011052661863/,中楼层(共24层),2012年建,2室2厅,47.74平米,南,0,2月前发布
6943,保利国宾二期，2018年底刚交房，小区环境好,https://cd.ke.com/ershoufang/20011117710100133656.html,保利国宾首府二期,https://cd.ke.com/xiaoqu/1620039148258641/,中楼层(共17层)3室2厅,86平米,西南,,,64,2月前发布
6944,翡翠海湾3室2厅西北,https://cd.ke.com/ershoufang/20011117710100130998.html,翡翠海湾,https://cd.ke.com/xiaoqu/3011054117736/,低楼层(共18层),2008年建,3室2厅,132平米,西北,1,2月前发布
6945,阳曦芙蓉城1室0厅东,https://cd.ke.com/ershoufang/20011117710100130826.html,阳曦芙蓉城,https://cd.ke.com/xiaoqu/3011054860008/,低楼层(共1层)1室0厅,32.09平米,东,,,0,2月前发布
6946,西城星座有装修中间楼层看房预约,https://cd.ke.com/ershoufang/20011117710100127029.html,西城星座,https://cd.ke.com/xiaoqu/1611060952415/,低楼层(共18层),2007年建,2室2厅,77.8平米,东南,1,2月前发布
6947,2.5环边沙河公园旁，精装小套三，户型方正,https://cd.ke.com/ershoufang/20011117710100124258.html,香江岸,https://cd.ke.com/xiaoqu/1611061094953/,低楼层(共18层),2009年建,3室1厅,87.91平米,东,0,2月前发布
6948,华侨城纯水岸二期套三南向无遮挡采光视野好,https://cd.ke.com/ershoufang/20011117710100123380.html,华侨城纯水岸二期,https://cd.ke.com/xiaoqu/1611058082282/,高楼层(共30层),2010年建,3室1厅,91.26平米,南,6,2月前发布
6949,一环内，府河边，刚需户型，自主出租优选,https://cd.ke.com/ershoufang/20011117710100122184.html,天合凯旋港,https://cd.ke.com/xiaoqu/3011053872040/,中楼层(共21层),2008年建,1室0厅,63.04平米,北,2,2月前发布
6950,二环边户型方正，生活购物出勤便利。,https://cd.ke.com/ershoufang/20011117710100122046.html,解放路一段3号,https://cd.ke.com/xiaoqu/3011054434349/,中楼层(共6层),2000年建,2室1厅,59.01平米,南,1,2月前发布
6951,此房满两年，房东自住，装修保养好，可拎包入住,https://cd.ke.com/ershoufang/20011117710100120899.html,檀香花园,https://cd.ke.com/xiaoqu/3011055368733/,高楼层(共26层),2011年建,2室1厅,89.11平米,东东南西南西,2,2月前发布
6952,蓝光金悦金沙3室1厅东南,https://cd.ke.com/ershoufang/20011117710100118974.html,蓝光金悦金沙,https://cd.ke.com/xiaoqu/1611100027115/,低楼层(共21层),2017年建,3室1厅,82.91平米,东南,0,2月前发布
6953,二环内电梯套二，带装修，可拎包入住,https://cd.ke.com/ershoufang/20011117710100116297.html,凯瑞花都,https://cd.ke.com/xiaoqu/1611058545059/,低楼层(共18层),2008年建,2室1厅,84.45平米,东南,1,2月前发布
6954,正成拉斐，新上套三，对中庭不吵,https://cd.ke.com/ershoufang/20011117710100117594.html,正成拉斐,https://cd.ke.com/xiaoqu/1611059202930/,低楼层(共18层),2012年建,3室2厅,102平米,南,56,2月前发布
6955,营门口优质套三，安静不临街正对体育场,https://cd.ke.com/ershoufang/20011117710100116827.html,澳林春天,https://cd.ke.com/xiaoqu/1611041866772/,中楼层(共18层),2009年建,3室1厅,124.75平米,东南,34,2月前发布
6956,城中汇正规套二出售，对中庭，出租中,https://cd.ke.com/ershoufang/20011117710100113759.html,瑞安城中汇,https://cd.ke.com/xiaoqu/1611064006367/,高楼层(共39层),2015年建,2室2厅,89.38平米,东南,1,2月前发布
6957,西锦国际一环内电梯套一户型方正,https://cd.ke.com/ershoufang/20011117710100110149.html,西锦国际一期,https://cd.ke.com/xiaoqu/3011052224164/,中楼层(共23层),2009年建,1室1厅,50.1平米,东南,25,2月前发布
6958,一环内金牛区书香门第标准套四出售,https://cd.ke.com/ershoufang/20011117710100109010.html,书香门第,https://cd.ke.com/xiaoqu/3011052557144/,高楼层(共23层),2004年建,4室1厅,146.16平米,南,6,2月前发布
6959,白鸽岛尚，精装修，套三双卫，客厅阳台，采光好,https://cd.ke.com/ershoufang/20011117710100106716.html,白鸽岛尚,https://cd.ke.com/xiaoqu/3011054730875/,中楼层(共19层),2008年建,3室2厅,119.29平米,西南,0,2月前发布
6960,今日靖园标准套一房东诚心出售,https://cd.ke.com/ershoufang/20011117710100108522.html,今日靖园,https://cd.ke.com/xiaoqu/1620021107936143/,高楼层(共18层)1室1厅,58.69平米,东,,,1,2月前发布
6961,银沙路8号标准套二，交通方便。,https://cd.ke.com/ershoufang/20011117710100105732.html,银沙路8号,https://cd.ke.com/xiaoqu/1611047748488/,低楼层(共7层),1999年建,2室2厅,91平米,东南,1,2月前发布
6962,交大智能六期标准套二户型厨房带阳台,https://cd.ke.com/ershoufang/20011117710100104921.html,交大智能六期,https://cd.ke.com/xiaoqu/1611047077653/,低楼层(共7层),2000年建,2室1厅,69.85平米,东东南,101,2月前发布
6963,凯丽豪景的车位出售,https://cd.ke.com/ershoufang/20011117710100103160.html,凯丽豪景,https://cd.ke.com/xiaoqu/3011053425970/,地下室(共层)1室0厅,30.34平米,东南,,,0,2月前发布
6964,标准套一+精装修+中间楼层+过户方便,https://cd.ke.com/ershoufang/20011117710100101279.html,香木林加州国际,https://cd.ke.com/xiaoqu/1611047338092/,中楼层(共23层),2009年建,1室1厅,49.37平米,东南,3,2月前发布
6965,青羊东二路社区2室1厅东南,https://cd.ke.com/ershoufang/20011017710100191144.html,青羊东二路社区,https://cd.ke.com/xiaoqu/3011055563859/,高楼层(共6层)2室1厅,67.5平米,东南,,,2,2月前发布
6966,西南交大凯德广场旁标准套三一梯两户客厅大阳台,https://cd.ke.com/ershoufang/20011017710100186472.html,交大智能一期北苑,https://cd.ke.com/xiaoqu/1611047303816/,中楼层(共7层),2000年建,3室1厅,131.4平米,东南,3,2月前发布
6967,客厅带双阳台，自住装修，视野开阔，采光十足,https://cd.ke.com/ershoufang/20011017710100180299.html,平福里,https://cd.ke.com/xiaoqu/3011056059221/,高楼层(共28层),2010年建,2室1厅,84.2平米,西南,7,2月前发布
6968,茶店子片区优质房源房东诚心出售,https://cd.ke.com/ershoufang/20011017710100178722.html,蜀明东路10号,https://cd.ke.com/xiaoqu/1620025009074249/,高楼层(共7层)2室1厅,66.7平米,西南,,,2,2月前发布
6969,德意馨苑的标准套三双卫，户型方正，采光好。,https://cd.ke.com/ershoufang/20011017710100175735.html,德意馨苑,https://cd.ke.com/xiaoqu/3011055293138/,中楼层(共6层),2003年建,3室2厅,126.78平米,南,33,2月前发布
6970,中庭顶跃带花园+大户型套四+领包入住+带固定车位,https://cd.ke.com/ershoufang/20011017710100165124.html,城市绿舟花园,https://cd.ke.com/xiaoqu/1611047301646/,高楼层(共6层),2004年建,4室2厅,155.76平米,东南,6,2月前发布
6971,此房是套二没有遮挡的视野和光线日照充足户型方正。,https://cd.ke.com/ershoufang/20011017710100162347.html,映日荷花,https://cd.ke.com/xiaoqu/3011053820608/,高楼层(共22层),2009年建,2室2厅,83平米,东,0,2月前发布
6972,大华大厦3室1厅东南,https://cd.ke.com/ershoufang/20011017710100159972.html,大华大厦,https://cd.ke.com/xiaoqu/1611061267613/,高楼层(共28层),2004年建,3室1厅,164平米,东南,0,2月前发布
6973,大华大厦4室2厅东南,https://cd.ke.com/ershoufang/20011017710100159390.html,大华大厦,https://cd.ke.com/xiaoqu/1611061267613/,高楼层(共28层),2004年建,4室2厅,244平米,东南,0,2月前发布
6974,荷花池标准套一住宅，户型方正，采光好,https://cd.ke.com/ershoufang/20011017710100156845.html,二环路北三段191号,https://cd.ke.com/xiaoqu/169028756057349/,高楼层(共9层),2005年建,1室1厅,53.71平米,南,3,2月前发布
6975,高楼层采光好，精装修保养很不错，实得面积大,https://cd.ke.com/ershoufang/20011017710100155552.html,白鸽岛尚,https://cd.ke.com/xiaoqu/3011054730875/,高楼层(共19层),2008年建,2室2厅,71.31平米,西南,0,2月前发布
6976,华侨城东岸端头带花园和地下室精装价格可以商量,https://cd.ke.com/ershoufang/20011017710100153051.html,华侨城东岸一期,https://cd.ke.com/xiaoqu/1611063614968/,低楼层(共4层),2011年建,5室2厅,170.43平米,西北,3,2月前发布
6977,华宇车位出售‘’‘’‘’‘’‘’‘’‘’‘’‘’,https://cd.ke.com/ershoufang/20011017710100138492.html,锦城名都,https://cd.ke.com/xiaoqu/1611047296454/,地下室(共层),2009年建,1室0厅,25.68平米,东南,0,2月前发布
6978,干净明亮，套3双位采光好，...,https://cd.ke.com/ershoufang/20011017710100138212.html,兴元绿洲一期,https://cd.ke.com/xiaoqu/1611041885209/,低楼层(共22层),2007年建,3室1厅,122平米,西南,0,2月前发布
6979,一环路内，标准套二，户型方正，小区环境整洁,https://cd.ke.com/ershoufang/20011017710100137168.html,林巷子12号,https://cd.ke.com/xiaoqu/3011053933102/,中楼层(共6层)2室1厅,73.1平米,东南,,,27,2月前发布
6980,凯丽豪景1室0厅东南,https://cd.ke.com/ershoufang/20011017710100130198.html,凯丽豪景,https://cd.ke.com/xiaoqu/3011053425970/,地下室(共层)1室0厅,30平米,东南,,,1,2月前发布
6981,金牛花园对中庭有装修有车位,https://cd.ke.com/ershoufang/20011017710100124622.html,金牛花园,https://cd.ke.com/xiaoqu/3011055302543/,中楼层(共17层),2009年建,4室1厅,138.42平米,东南,1,2月前发布
6982,临宽窄巷子，地铁电梯房，自主办公都不错,https://cd.ke.com/ershoufang/20011017710100122582.html,豪瑞新界,https://cd.ke.com/xiaoqu/1611060914615/,高楼层(共16层),2005年建,3室1厅,120.49平米,南,3,2月前发布
6983,书香门第套三双卫出售,https://cd.ke.com/ershoufang/20011017710100121140.html,书香门第,https://cd.ke.com/xiaoqu/3011052557144/,高楼层(共22层),2004年建,3室1厅,130.96平米,南,3,2月前发布
6984,金府路6号大套二装修保养好适合居住,https://cd.ke.com/ershoufang/20011017710100120387.html,金府路6号,https://cd.ke.com/xiaoqu/1611047708295/,低楼层(共6层),2006年建,2室2厅,88.74平米,南北,1,2月前发布
6985,西岸观邸精装套二，采光好视野开阔,https://cd.ke.com/ershoufang/20011017710100119186.html,西岸观邸,https://cd.ke.com/xiaoqu/3011055647387/,高楼层(共30层),2013年建,2室1厅,86.97平米,南,0,2月前发布
6986,永陵公园旁+安静不临街+小区环境好,https://cd.ke.com/ershoufang/20011017710100109195.html,憩园公寓,https://cd.ke.com/xiaoqu/3011053941214/,高楼层(共7层),2000年建,2室2厅,115平米,东南,1,2月前发布
6987,简装套二，中间楼层对中庭，采光良好，出门地铁,https://cd.ke.com/ershoufang/20011017710100107713.html,泉水人家二期A区,https://cd.ke.com/xiaoqu/3011053756858/,中楼层(共15层),2010年建,2室1厅,81平米,北,1,2月前发布
6988,唯特郡电梯小高层标间出售交通方便,https://cd.ke.com/ershoufang/20011017710100106055.html,唯特郡,https://cd.ke.com/xiaoqu/3011053441739/,低楼层(共18层),2007年建,1室0厅,48.79平米,北,1,2月前发布
6989,标准套二，户型方正，采光好，视野开阔,https://cd.ke.com/ershoufang/20010917710100209641.html,智业公寓,https://cd.ke.com/xiaoqu/1611058568774/,中楼层(共7层),2002年建,2室2厅,98平米,南,7,2月前发布
6990,二环路北三段一品荷花小区，车位出售。,https://cd.ke.com/ershoufang/20010917710100203859.html,一品荷花,https://cd.ke.com/xiaoqu/3011056102021/,地下室(共1层)1室0厅,39平米,东,,,0,2月前发布
6991,西城天下套三双卫出租办公交通生活方便,https://cd.ke.com/ershoufang/20010917710100199751.html,西城天下,https://cd.ke.com/xiaoqu/3011054758502/,低楼层(共31层),2009年建,3室2厅,125平米,西南,1,2月前发布
6992,近地铁标准套一，中间楼层，户型方正，采光好,https://cd.ke.com/ershoufang/20010917710100196558.html,树蓓巷1号,https://cd.ke.com/xiaoqu/3011056086943/,中楼层(共7层),1997年建,1室1厅,48.19平米,南,8,2月前发布
6993,交大校内标准套三+公摊小+交通购物便利,https://cd.ke.com/ershoufang/20010917710100190567.html,交大北园,https://cd.ke.com/xiaoqu/1611047109218/,中楼层(共7层),1998年建,3室2厅,70平米,东南,0,2月前发布
6994,银沙正街39号，小户型套三出售。,https://cd.ke.com/ershoufang/20010917710100188171.html,银沙正街39号,https://cd.ke.com/xiaoqu/1611060600016/,中楼层(共7层),1999年建,3室1厅,65平米,南,9,2月前发布
6995,茶店子板块标准小套三家乐福二号线,https://cd.ke.com/ershoufang/20010917710100186450.html,懋园西沿风景,https://cd.ke.com/xiaoqu/1611061883153/,高楼层(共6层),2005年建,3室2厅,98.73平米,西北,23,2月前发布
6996,老会展现代城，带平台套二，使用面积大,https://cd.ke.com/ershoufang/20010917710100186113.html,现代城,https://cd.ke.com/xiaoqu/3011055272967/,低楼层(共31层),2014年建,2室1厅,89.62平米,西北,10,2月前发布
6997,青房尚瑞天韵+套三+有装修+对中庭+有采光,https://cd.ke.com/ershoufang/20010917710100184335.html,青房尚瑞天韵,https://cd.ke.com/xiaoqu/1611058920240/,高楼层(共26层),2009年建,3室2厅,105.62平米,东北,8,2月前发布
6998,天鑫花园，不临街套二，有钥匙，随时看房,https://cd.ke.com/ershoufang/20010917710100181043.html,锦西名宅西区,https://cd.ke.com/xiaoqu/1611042029094/,中楼层(共6层),2002年建,2室1厅,80.22平米,西北,43,2月前发布
6999,低楼层小套二，采光充足，配套设施齐全，交通便利。,https://cd.ke.com/ershoufang/20010917710100170377.html,二环路西三段181号,https://cd.ke.com/xiaoqu/1620026387549071/,中楼层(共7层),2000年建,2室1厅,54.81平米,东北,63,2月前发布
7000,一梯两户，套三双卫双阳台，户型方正。,https://cd.ke.com/ershoufang/20010917710100169868.html,九里欣园,https://cd.ke.com/xiaoqu/1611047758604/,高楼层(共7层),2002年建,3室1厅,123.14平米,东,23,2月前发布
7001,蜀汉路德意馨苑低楼层户型方正小区人车分流,https://cd.ke.com/ershoufang/20010917710100168851.html,德意馨苑,https://cd.ke.com/xiaoqu/3011055293138/,低楼层(共6层),2003年建,3室3厅,144.69平米,南北,4,2月前发布
7002,金牛花园二期精装房，套三双卫，对中庭,https://cd.ke.com/ershoufang/20010917710100167637.html,金牛花园,https://cd.ke.com/xiaoqu/3011055302543/,中楼层(共17层),2009年建,3室2厅,119.74平米,西南,3,2月前发布
7003,一品天下地铁口客厅带阳台有装修视野开阔,https://cd.ke.com/ershoufang/20010917710100161531.html,状元府邸(金牛),https://cd.ke.com/xiaoqu/1611041886610/,高楼层(共31层),2008年建,1室1厅,53.19平米,南,1,2月前发布
7004,解放路一段170号3室1厅西南,https://cd.ke.com/ershoufang/20010917710100161456.html,解放路一段170号,https://cd.ke.com/xiaoqu/1620025874262098/,高楼层(共6层)3室1厅,73平米,西南,,,2,2月前发布
7005,金沙古韵小区35平地下车库出售,https://cd.ke.com/ershoufang/20010917710100147932.html,金沙古韵,https://cd.ke.com/xiaoqu/1611041793000/,地下室(共1层)1室0厅,35平米,东南西北,,,0,2月前发布
7006,华侨城纯水岸二期4室2厅南,https://cd.ke.com/ershoufang/20010917710100145773.html,华侨城纯水岸二期,https://cd.ke.com/xiaoqu/1611058082282/,低楼层(共15层),2010年建,4室2厅,143.51平米,南,1,2月前发布
7007,此房子是自住装修，保养还行。客厅和卧室对小区中庭.,https://cd.ke.com/ershoufang/20010917710100145124.html,西西里二期,https://cd.ke.com/xiaoqu/1611058061998/,中楼层(共34层),2009年建,3室1厅,89.78平米,西南,9,2月前发布
7008,西岸观邸精装套四家具家电齐全拎包入住,https://cd.ke.com/ershoufang/20010917710100145010.html,西岸观邸,https://cd.ke.com/xiaoqu/3011055647387/,中楼层(共32层),2013年建,3室1厅,93平米,南,1,2月前发布
7009,金府银座套二，简装修，不限哟。来看一看,https://cd.ke.com/ershoufang/20010917710100144547.html,金府银座,https://cd.ke.com/xiaoqu/1611047761222/,高楼层(共25层),2007年建,2室1厅,94.5平米,南,1,2月前发布
7010,金牛万达标准套二户型方正采光通风好,https://cd.ke.com/ershoufang/20010917710100141493.html,金牛万达B组团,https://cd.ke.com/xiaoqu/1611061060626/,中楼层(共32层),2012年建,2室1厅,69.78平米,西南,8,2月前发布
7011,西锦国际地铁5号线花牌坊街站清水大套一随时看,https://cd.ke.com/ershoufang/20010917710100141022.html,西锦国际三期,https://cd.ke.com/xiaoqu/1620020801710254/,中楼层(共29层),2018年建,2室1厅,52.97平米,东南,5,2月前发布
7012,良好位置+优质小区+单间总价低房源,https://cd.ke.com/ershoufang/20010917710100136849.html,天彩菁华,https://cd.ke.com/xiaoqu/1611047366728/,高楼层(共6层),2003年建,1室0厅,37.2平米,东南,2,2月前发布
7013,尚锦城，1.5环大套二，中间楼层，视野开阔,https://cd.ke.com/ershoufang/20010917710100133585.html,尚锦城,https://cd.ke.com/xiaoqu/3011055773221/,中楼层(共22层),2007年建,2室1厅,87.95平米,东,0,2月前发布
7014,一环内，府河边，刚需标间，自住出租优选,https://cd.ke.com/ershoufang/20010917710100126797.html,天合凯旋港,https://cd.ke.com/xiaoqu/3011053872040/,中楼层(共21层),2008年建,1室0厅,51.89平米,南,0,2月前发布
7015,标准套二户型方正，明厨明卫，采光好，视野开阔。,https://cd.ke.com/ershoufang/20010917710100121492.html,白鸽岛尚,https://cd.ke.com/xiaoqu/3011054730875/,低楼层(共19层),2008年建,2室1厅,69.84平米,西南,3,2月前发布
7016,金牛区五块石天悦城套二精装修2室2厅1厨1卫,https://cd.ke.com/ershoufang/20010917710100119767.html,天悦城,https://cd.ke.com/xiaoqu/1611063533871/,中楼层(共32层),2016年建,2室2厅,67.76平米,东,5,2月前发布
7017,金牛区北一环精装套一改套二，可买可租,https://cd.ke.com/ershoufang/20010917710100118659.html,红花村1号,https://cd.ke.com/xiaoqu/1611061601061/,中楼层(共7层),2001年建,1室1厅,48平米,东,34,2月前发布
7018,碧蔓汀车位，随时可以看！！！！！！！,https://cd.ke.com/ershoufang/20010917710100118077.html,富丽碧蔓汀,https://cd.ke.com/xiaoqu/3011056057833/,地下室(共层)1室0厅,35.23平米,南,,,0,2月前发布
7019,房子标准套三单卫，户型通透。朝小区里面，不临街。,https://cd.ke.com/ershoufang/20010917710100117222.html,圃园南二路6号,https://cd.ke.com/xiaoqu/3011053939411/,高楼层(共7层),2000年建,3室2厅,98平米,东西,2,2月前发布
7020,芙蓉宅院套三双卫西南朝向精装房,https://cd.ke.com/ershoufang/20010917710100115747.html,芙蓉宅院,https://cd.ke.com/xiaoqu/3011053533332/,高楼层(共7层),1999年建,3室2厅,132.53平米,西南,30,2月前发布
7021,此房户型方正，高楼层视野好，安静，采光好。,https://cd.ke.com/ershoufang/20010917710100106950.html,福祥家园瑞福苑,https://cd.ke.com/xiaoqu/3011054760215/,高楼层(共6层)3室1厅,80平米,南,,,2,2月前发布
7022,蓝光云鼎标准套一，卧室带阳台。,https://cd.ke.com/ershoufang/20010917710100106674.html,蓝光云鼎,https://cd.ke.com/xiaoqu/1611058501893/,高楼层(共28层),2012年建,1室1厅,56.1平米,南,0,2月前发布
7023,蓝色空间如意府3室2厅西南东南,https://cd.ke.com/ershoufang/20010917710100103559.html,蓝色空间如意府,https://cd.ke.com/xiaoqu/1611047601669/,中楼层(共6层),2003年建,3室2厅,117.02平米,西南东南,4,2月前发布
7024,荷里活精装套二自住装修朝南,https://cd.ke.com/ershoufang/20010917710100101974.html,荷里活,https://cd.ke.com/xiaoqu/3011052661863/,中楼层(共24层),2012年建,2室2厅,45.79平米,南西南,11,2月前发布
7025,居家套三，采光好，3面采光，配套完善，随时看房,https://cd.ke.com/ershoufang/20010917710100101656.html,树蓓巷1号,https://cd.ke.com/xiaoqu/3011056086943/,高楼层(共7层),1998年建,3室1厅,86.44平米,南,4,2月前发布
7026,映日荷花2室2厅东,https://cd.ke.com/ershoufang/20010817710100193289.html,映日荷花,https://cd.ke.com/xiaoqu/3011053820608/,高楼层(共23层),2009年建,2室2厅,86.7平米,东,0,2月前发布
7027,地铁口精装套二，东南朝向，户型方正,https://cd.ke.com/ershoufang/20010817710100193326.html,西城上域,https://cd.ke.com/xiaoqu/1611060906786/,低楼层(共18层),2012年建,2室1厅,86平米,东南,17,2月前发布
7028,西岸观邸，大入户的户型，实得面积大，方正通透户型,https://cd.ke.com/ershoufang/20010817710100191722.html,西岸观邸,https://cd.ke.com/xiaoqu/3011055647387/,中楼层(共32层),2013年建,3室2厅,93.08平米,西南,21,2月前发布
7029,金牛凯德旁标准套三一楼带花园,https://cd.ke.com/ershoufang/20010817710100185741.html,交大智能一期南苑,https://cd.ke.com/xiaoqu/1611047109002/,低楼层(共7层),2000年建,3室2厅,92.97平米,南,3,2月前发布
7030,恒大曹家巷广场，标准套二，生活配套完善,https://cd.ke.com/ershoufang/20010817710100183588.html,恒大曹家巷广场,https://cd.ke.com/xiaoqu/1620027933865550/,低楼层(共41层),2018年建,2室1厅,80.24平米,西北,14,2月前发布
7031,位于一环内不临街交通方便有大阳台,https://cd.ke.com/ershoufang/20010817710100181868.html,金仙桥路15号川铁宿舍,https://cd.ke.com/xiaoqu/3011054711524/,高楼层(共7层),2000年建,3室2厅,107.27平米,东南,8,2月前发布
7032,花照壁地铁口电梯房户型方正实际使用面积大,https://cd.ke.com/ershoufang/20010817710100175596.html,金房星座,https://cd.ke.com/xiaoqu/1611047365175/,高楼层(共26层),2008年建,6室2厅,133.24平米,西南,1,2月前发布
7033,地铁口的房子有装修旁边就是龙湖商场,https://cd.ke.com/ershoufang/20010817710100174926.html,蓝光中央天地,https://cd.ke.com/xiaoqu/1620028612492293/,中楼层(共23层)1室1厅,32.23平米,南,,,0,2月前发布
7034,西城天下2室1厅东南,https://cd.ke.com/ershoufang/20010817710100165669.html,西城天下,https://cd.ke.com/xiaoqu/3011054758502/,高楼层(共31层),2009年建,2室1厅,89平米,东南,1,2月前发布
7035,一环内侧，银色诗典，精装大套二,https://cd.ke.com/ershoufang/20010817710100164777.html,迪康银色诗典,https://cd.ke.com/xiaoqu/3011053745308/,高楼层(共12层),2000年建,2室1厅,85.5平米,西,1,2月前发布
7036,精装修+户型方正+落地窗+带家具家电+朝西南,https://cd.ke.com/ershoufang/20010817710100160697.html,中加水岸,https://cd.ke.com/xiaoqu/1611063498992/,高楼层(共34层),2016年建,2室2厅,75.48平米,西,2,2月前发布
7037,紧凑套二，适合刚需过渡，明厨明卫，户型方正,https://cd.ke.com/ershoufang/20010817710100160341.html,金牛万达A组团,https://cd.ke.com/xiaoqu/1611061058668/,中楼层(共32层),2012年建,2室1厅,59.73平米,东,14,2月前发布
7038,一环内视野开阔采光好中间楼层,https://cd.ke.com/ershoufang/20010817710100159962.html,西体奥林花园,https://cd.ke.com/xiaoqu/3011056523080/,中楼层(共23层),2003年建,3室2厅,151.18平米,西北,22,2月前发布
7039,北苑富兴公寓居家装修户型方正采光好,https://cd.ke.com/ershoufang/20010817710100158732.html,北苑富兴公寓,https://cd.ke.com/xiaoqu/3011053891689/,低楼层(共12层),2000年建,2室1厅,93.42平米,东南,3,2月前发布
7040,蓝光中央天地2室1厅南,https://cd.ke.com/ershoufang/20010817710100156968.html,蓝光中央天地,https://cd.ke.com/xiaoqu/1620028612492293/,中楼层(共23层)2室1厅,32平米,南,,,0,2月前发布
7041,金牛万达紧凑套二装修保养好房东诚心急售,https://cd.ke.com/ershoufang/20010817710100156313.html,金牛万达B组团,https://cd.ke.com/xiaoqu/1611061060626/,低楼层(共32层),2012年建,2室1厅,57.74平米,东,14,2月前发布
7042,蓝光富丽碧蔓汀，精装宜居二房，可拎包入住,https://cd.ke.com/ershoufang/20010817710100154117.html,富丽碧蔓汀,https://cd.ke.com/xiaoqu/3011056057833/,高楼层(共21层),2009年建,2室1厅,64.21平米,北,0,2月前发布
7043,一环内中行宿舍楼，可上顶筒车巷29号,https://cd.ke.com/ershoufang/20010817710100157367.html,筒车巷29号,https://cd.ke.com/xiaoqu/1611059385538/,高楼层(共7层),2000年建,2室1厅,62.37平米,南,6,2月前发布
7044,标准套二带车位，户型方正，朝南对中庭，采光好,https://cd.ke.com/ershoufang/20010817710100152949.html,水韵天府,https://cd.ke.com/xiaoqu/3011053805067/,中楼层(共18层),2006年建,2室1厅,87.05平米,南,1,2月前发布
7045,高楼层采光好，阳台面积大，小区环境舒适,https://cd.ke.com/ershoufang/20010817710100153577.html,白鸽岛尚,https://cd.ke.com/xiaoqu/3011054730875/,中楼层(共19层),2008年建,3室2厅,112平米,西南西北,2,2月前发布
7046,一环边套三有装修客厅卧室带阳台,https://cd.ke.com/ershoufang/20010817710100148076.html,抚琴西北街26号,https://cd.ke.com/xiaoqu/3011054131311/,高楼层(共7层),1990年建,4室2厅,130平米,北,3,2月前发布
7047,一环路边精装套二，地铁口交通便利,https://cd.ke.com/ershoufang/20010817710100142888.html,抚琴街南一巷,https://cd.ke.com/xiaoqu/3011054193029/,中楼层(共5层)2室1厅,52平米,南,,,5,2月前发布
7048,蜀汉路交通便利配套成熟满二有装修,https://cd.ke.com/ershoufang/20010817710100150946.html,蓝光花好月圆,https://cd.ke.com/xiaoqu/1611058404480/,低楼层(共11层),2004年建,2室1厅,62.66平米,东北,13,2月前发布
7049,红花南路25号2室1厅北,https://cd.ke.com/ershoufang/20010817710100151755.html,红花南路25号,https://cd.ke.com/xiaoqu/3011054756306/,高楼层(共7层),1998年建,2室1厅,75.3平米,北,4,2月前发布
7050,04年次新房，居家标准套三，清水房可自我设计装饰空间,https://cd.ke.com/ershoufang/20010817710100140583.html,中铁马家公馆,https://cd.ke.com/xiaoqu/1611063826168/,高楼层(共32层),2014年建,3室1厅,95.29平米,南,1,2月前发布
7051,标准套二，装修保养比较好，采光好,https://cd.ke.com/ershoufang/20010817710100140173.html,阳曦芙蓉城,https://cd.ke.com/xiaoqu/3011054860008/,高楼层(共17层),2009年建,2室1厅,89平米,南,5,2月前发布
7052,长荣苑标准套二低楼层绝世好房子,https://cd.ke.com/ershoufang/20010817710100139822.html,长荣苑,https://cd.ke.com/xiaoqu/3011053929372/,低楼层(共6层),2001年建,2室1厅,59.84平米,南北,94,2月前发布
7053,汇景新村低楼层套四户型方正，采光好,https://cd.ke.com/ershoufang/20010817710100134394.html,汇景新村(金牛),https://cd.ke.com/xiaoqu/1611041874502/,低楼层(共6层),2001年建,4室2厅,143.17平米,南,18,2月前发布
7054,泉水人家二期A区2室1厅南,https://cd.ke.com/ershoufang/20010817710100130649.html,泉水人家二期A区,https://cd.ke.com/xiaoqu/3011053756858/,高楼层(共16层)2室1厅,67.85平米,南,,,30,2月前发布
7055,中医大地铁口电信局宿舍标准套一住家装修,https://cd.ke.com/ershoufang/20010817710100129518.html,一环路西三段23号,https://cd.ke.com/xiaoqu/3011055610647/,中楼层(共7层)1室1厅,40平米,东南西北,,,1,2月前发布
7056,户型方正，采光很好，交通便利。,https://cd.ke.com/ershoufang/20010817710100128926.html,九里欣居,https://cd.ke.com/xiaoqu/1611047776770/,中楼层(共7层),2003年建,3室2厅,92.91平米,东,8,2月前发布
7057,交通巷小区标准套二户型方正,https://cd.ke.com/ershoufang/20010817710100128445.html,交通巷36号,https://cd.ke.com/xiaoqu/3011056515751/,高楼层(共7层),1991年建,2室1厅,59.03平米,东南,57,2月前发布
7058,户型方正通风效果好中等装修家具家电齐全,https://cd.ke.com/ershoufang/20010817710100128360.html,兴元绿洲一期,https://cd.ke.com/xiaoqu/1611041885209/,低楼层(共22层),2007年建,3室1厅,122.08平米,东南,3,2月前发布
7059,风林假日车位随时可看价格可与房子一起谈,https://cd.ke.com/ershoufang/20010817710100126943.html,风林假日,https://cd.ke.com/xiaoqu/1611059173688/,地下室(共1层)1室0厅,20.11平米,南,,,0,2月前发布
7060,蓝光中央天地1室0厅南,https://cd.ke.com/ershoufang/20010817710100125539.html,蓝光中央天地,https://cd.ke.com/xiaoqu/1620028612492293/,中楼层(共27层),2017年建,1室0厅,40平米,南,0,2月前发布
7061,金府SOHO2室1厅东,https://cd.ke.com/ershoufang/20010817710100117178.html,金府SOHO,https://cd.ke.com/xiaoqu/1611047757732/,中楼层(共31层),2011年建,2室1厅,87.3平米,东,0,2月前发布
7062,标准套三，户型方正，简单装修。,https://cd.ke.com/ershoufang/20010817710100114588.html,汇源公寓,https://cd.ke.com/xiaoqu/1611061209718/,中楼层(共7层),2000年建,3室1厅,132.17平米,东南,0,2月前发布
7063,茶店子南街3号套二优质房源，带阳台，户型通透。,https://cd.ke.com/ershoufang/20010817710100108020.html,茶店子南街3号,https://cd.ke.com/xiaoqu/1620026793549827/,高楼层(共6层),1995年建,2室1厅,49.95平米,东南,33,2月前发布
7064,白鸽岛尚精装住家套二家具家电齐全拎包入住,https://cd.ke.com/ershoufang/20010817710100107938.html,白鸽岛尚,https://cd.ke.com/xiaoqu/3011054730875/,低楼层(共19层),2008年建,2室2厅,69.84平米,东,0,2月前发布
7065,恒大西锦城+中间楼层+东南朝向+视野开阔,https://cd.ke.com/ershoufang/20010817710100106320.html,恒大西锦城,https://cd.ke.com/xiaoqu/1611059186624/,中楼层(共29层),2012年建,2室1厅,90.64平米,东南,2,2月前发布
7066,多层楼房，低楼层，标准套二，户型方正,https://cd.ke.com/ershoufang/20010817710100104873.html,解放西路22号,https://cd.ke.com/xiaoqu/1620026696023577/,低楼层(共7层),1990年建,2室1厅,73.84平米,东,22,2月前发布
7067,聚贤半岛中间楼层标准套二对中庭有装修,https://cd.ke.com/ershoufang/20010817710100103589.html,聚贤半岛花苑,https://cd.ke.com/xiaoqu/1611047108619/,中楼层(共7层),2002年建,2室2厅,81.06平米,东南,62,2月前发布
7068,标准大套二精装修户型方正拎包入住,https://cd.ke.com/ershoufang/20010817710100103239.html,新桥逸景C区,https://cd.ke.com/xiaoqu/1611047369059/,高楼层(共23层),2010年建,2室1厅,70.03平米,东南,188,2月前发布
7069,天悦城套二，精装修，家具家电齐全，朝北采光充足,https://cd.ke.com/ershoufang/20010817710100102570.html,天悦城,https://cd.ke.com/xiaoqu/1611063533871/,低楼层(共33层),2016年建,2室2厅,72.09平米,北,0,2月前发布
7070,风林假日精装修套三出售，拎包入住，对中庭。,https://cd.ke.com/ershoufang/20010817710100102419.html,风林假日,https://cd.ke.com/xiaoqu/1611059173688/,高楼层(共6层),2003年建,3室2厅,124.96平米,南,13,2月前发布
7071,银沙公寓+户型好+采光好+有家具,https://cd.ke.com/ershoufang/20010817710100102157.html,银沙公寓,https://cd.ke.com/xiaoqu/3011055395208/,高楼层(共6层)3室1厅,94.86平米,东,,,0,2月前发布
7072,金沙遗址旁，电梯小高层，双地铁，小区环境安静,https://cd.ke.com/ershoufang/20010817710100102290.html,金沙御苑,https://cd.ke.com/xiaoqu/3011055266423/,中楼层(共13层),2013年建,2室2厅,84平米,东南,28,2月前发布
7073,二环内标准套二户型方正配套成熟,https://cd.ke.com/ershoufang/20010717710100188540.html,营和巷52号,https://cd.ke.com/xiaoqu/3011054830054/,中楼层(共7层),1995年建,2室1厅,73.83平米,东南,23,2月前发布
7074,水韵天府标准车位负一楼位置方便,https://cd.ke.com/ershoufang/20010717710100184369.html,水韵天府,https://cd.ke.com/xiaoqu/3011053805067/,地下室(共层),2006年建,1室0厅,32.99平米,东,0,2月前发布
7075,标准套三，居家装修，全对中庭，高楼层，采光充足。,https://cd.ke.com/ershoufang/20010717710100184041.html,水韵天府,https://cd.ke.com/xiaoqu/3011053805067/,中楼层(共18层),2006年建,3室1厅,125.92平米,东南,1,2月前发布
7076,锦西国际2室1厅南,https://cd.ke.com/ershoufang/20010717710100183994.html,锦西国际,https://cd.ke.com/xiaoqu/1611047665350/,低楼层(共22层),2008年建,2室1厅,57.31平米,南,30,2月前发布
7077,龙湖北城天街一期，小套一，视野好。,https://cd.ke.com/ershoufang/20010717710100183433.html,龙湖北城天街一期,https://cd.ke.com/xiaoqu/1611059619438/,中楼层(共18层),2012年建,1室0厅,39.6平米,东,25,2月前发布
7078,西城天下套二，采光很好，居家装修,https://cd.ke.com/ershoufang/20010717710100182719.html,西城天下,https://cd.ke.com/xiaoqu/3011054758502/,低楼层(共31层),2009年建,2室1厅,88.13平米,东南,1,2月前发布
7079,2.5环沙河公园旁一楼带花园标准套一,https://cd.ke.com/ershoufang/20010717710100179413.html,三九绿城,https://cd.ke.com/xiaoqu/3011053792139/,低楼层(共22层),2008年建,1室1厅,48.33平米,北,4,2月前发布
7080,龙湖西宸原著+新楼盘+清水方便利用,https://cd.ke.com/ershoufang/20010717710100178612.html,西宸原著御景,https://cd.ke.com/xiaoqu/1620021526413414/,低楼层(共40层),2019年建,3室2厅,99.64平米,东南,0,2月前发布
7081,龙湖西宸原著+清水房方便利用，,https://cd.ke.com/ershoufang/20010717710100177673.html,西宸原著御景,https://cd.ke.com/xiaoqu/1620021526413414/,低楼层(共40层),2019年建,3室2厅,99.64平米,东南,0,2月前发布
7082,华侨城原岸标准车位,https://cd.ke.com/ershoufang/20010717710100175460.html,华侨城原岸,https://cd.ke.com/xiaoqu/1611061493025/,地下室(共层)1室0厅,33.89平米,西,,,0,2月前发布
7083,金泉阳光中间楼层套一清水房没装修,https://cd.ke.com/ershoufang/20010717710100171223.html,金泉阳光景新苑,https://cd.ke.com/xiaoqu/3011055315441/,低楼层(共6层)1室1厅,45.42平米,东南,,,1,2月前发布
7084,抚琴街南四巷1号1.5环内侧,https://cd.ke.com/ershoufang/20010717710100169448.html,抚琴街南四巷1号,https://cd.ke.com/xiaoqu/3011054190163/,高楼层(共7层),1998年建,2室2厅,88.8平米,南,0,2月前发布
7085,此房空间大，采光充足，交通出行方便，户型方正。,https://cd.ke.com/ershoufang/20010717710100167750.html,金都花园,https://cd.ke.com/xiaoqu/1611047922702/,低楼层(共16层),2003年建,3室2厅,149.3平米,东南,20,2月前发布
7086,锦西国际跃层经典套二采光装修都好,https://cd.ke.com/ershoufang/20010717710100167157.html,锦西国际,https://cd.ke.com/xiaoqu/1611047665350/,高楼层(共22层),2008年建,2室1厅,35.04平米,北,2,2月前发布
7087,泰基北锦，精装套三，，拎包入住精装带家具拎包入住,https://cd.ke.com/ershoufang/20010717710100162097.html,瑞升城北橡树林,https://cd.ke.com/xiaoqu/167012733955410/,高楼层(共39层)3室2厅,121.75平米,东南,,,0,2月前发布
7088,五号线地铁口，中间楼层，精装套二，带家具加电，,https://cd.ke.com/ershoufang/20010717710100159971.html,天悦城,https://cd.ke.com/xiaoqu/1611063533871/,中楼层(共25层),2016年建,2室2厅,69.17平米,北,25,2月前发布
7089,华凌尚城标准车位，负一楼，地理位置好,https://cd.ke.com/ershoufang/20010717710100156223.html,华凌尚城,https://cd.ke.com/xiaoqu/1611059785667/,地下室(共层),2006年建,1室0厅,33.39平米,东南,0,2月前发布
7090,东原亲亲里3室1厅西南,https://cd.ke.com/ershoufang/20010717710100153679.html,东原亲亲里,https://cd.ke.com/xiaoqu/1611062687228/,高楼层(共21层),2015年建,3室1厅,76.72平米,西南,0,2月前发布
7091,金璐天下1室0厅东南,https://cd.ke.com/ershoufang/20010717710100150430.html,金璐天下,https://cd.ke.com/xiaoqu/1611061509327/,高楼层(共31层),2010年建,1室0厅,50平米,东南,0,2月前发布
7092,汇阳新村1室1厅西南,https://cd.ke.com/ershoufang/20010717710100149534.html,汇阳新村,https://cd.ke.com/xiaoqu/1611047785597/,低楼层(共6层),2003年建,1室1厅,50.2平米,西南,5,2月前发布
7093,此房没有按揭，过户方便，业主诚心在售，欢迎咨询,https://cd.ke.com/ershoufang/20010717710100148771.html,阳光金沙,https://cd.ke.com/xiaoqu/1611044214290/,中楼层(共6层),2006年建,3室1厅,95平米,南北,14,2月前发布
7094,芙华新大陆标准套一，对沙河公园，楼层好。,https://cd.ke.com/ershoufang/20010717710100148633.html,芙华新大陆,https://cd.ke.com/xiaoqu/1611060732182/,高楼层(共11层),2006年建,1室1厅,55.7平米,南,13,2月前发布
7095,标准套二出售，居家装修，看房提前联系,https://cd.ke.com/ershoufang/20010717710100148084.html,蓝光花满庭一期,https://cd.ke.com/xiaoqu/3011053734625/,低楼层(共21层),2009年建,2室2厅,76.27平米,东,3,2月前发布
7096,2.5环看沙河公园套二视野无任何遮挡,https://cd.ke.com/ershoufang/20010717710100147217.html,三九绿城,https://cd.ke.com/xiaoqu/3011053792139/,低楼层(共21层),2008年建,2室1厅,82.65平米,南,1,2月前发布
7097,交大凯德广场旁，中间楼层，标准套三，不临街,https://cd.ke.com/ershoufang/20010717710100147020.html,交大路101号,https://cd.ke.com/xiaoqu/1611061534734/,中楼层(共7层),2000年建,3室2厅,93.88平米,东南,8,2月前发布
7098,二环内精装大套二配套齐全交通方便,https://cd.ke.com/ershoufang/20010717710100146722.html,营通街57号,https://cd.ke.com/xiaoqu/1616482059957045/,低楼层(共7层),1995年建,2室2厅,87.31平米,东北,3,2月前发布
7099,此房满两年，中间楼层，看别墅，西南朝向，产权清晰,https://cd.ke.com/ershoufang/20010717710100145240.html,恒大西锦城,https://cd.ke.com/xiaoqu/1611059186624/,中楼层(共29层),2013年建,2室1厅,88.17平米,西南,5,2月前发布
7100,大套三双卫高楼层采光好,https://cd.ke.com/ershoufang/20010717710100145085.html,西油苑,https://cd.ke.com/xiaoqu/1611063937798/,中楼层(共16层),2000年建,3室2厅,177.23平米,东南,0,2月前发布
7101,益民苑标准套二，装修保养好，该房子安静不临街,https://cd.ke.com/ershoufang/20010717710100141097.html,益民苑,https://cd.ke.com/xiaoqu/3011055270333/,低楼层(共7层),1998年建,2室2厅,69.87平米,东南,0,2月前发布
7102,恒大西锦城2室2厅东南,https://cd.ke.com/ershoufang/20010717710100140421.html,恒大西锦城,https://cd.ke.com/xiaoqu/1611059186624/,低楼层(共29层),2012年建,2室2厅,87.93平米,东南,2,2月前发布
7103,满五唯一，地理位置优越，交通方便.套三出售,https://cd.ke.com/ershoufang/20010717710100138190.html,蜀汉小区,https://cd.ke.com/xiaoqu/1611061474684/,低楼层(共7层),1999年建,3室1厅,80.79平米,东南,1,2月前发布
7104,马鞍北路45号，安静不临街，适合居住。,https://cd.ke.com/ershoufang/20010717710100137091.html,马鞍北路45号,https://cd.ke.com/xiaoqu/1611060048200/,低楼层(共6层)2室1厅,57平米,东,,,31,2月前发布
7105,此房为国安局单位房，户型为标准三房,https://cd.ke.com/ershoufang/20010717710100136866.html,百仁安盛,https://cd.ke.com/xiaoqu/3011054761924/,低楼层(共18层),2008年建,3室1厅,145.34平米,西南,2,2月前发布
7106,交大智能五期，低楼层，套二带30平米花园，户型方正。,https://cd.ke.com/ershoufang/20010717710100136256.html,交大智能五期,https://cd.ke.com/xiaoqu/1611047077373/,低楼层(共6层),2001年建,2室1厅,80.53平米,东南,30,2月前发布
7107,蓝色空间蓝月3室2厅南,https://cd.ke.com/ershoufang/20010717710100134749.html,蓝色空间蓝月,https://cd.ke.com/xiaoqu/1611047370947/,中楼层(共6层),2003年建,3室2厅,88.37平米,南,4,2月前发布
7108,标准套二，朝南对沙河公园，户型方正，,https://cd.ke.com/ershoufang/20010717710100125516.html,芙华新大陆,https://cd.ke.com/xiaoqu/1611060732182/,低楼层(共11层),2006年建,2室1厅,85平米,东南,2,2月前发布
7109,1.5环中间楼层居家装修，小区环境好，户型好。,https://cd.ke.com/ershoufang/20010717710100121150.html,现代城,https://cd.ke.com/xiaoqu/3011055272967/,中楼层(共31层),2014年建,2室2厅,89.68平米,南北,1,2月前发布
7110,金域港湾套三双卫户型方正，一楼带花园，新装修,https://cd.ke.com/ershoufang/20010717710100117879.html,金域港湾,https://cd.ke.com/xiaoqu/1611058064139/,低楼层(共11层),2006年建,3室2厅,114平米,东南,11,2月前发布
7111,小区管理好，环境优美，户型方正采光好,https://cd.ke.com/ershoufang/20010717710100116837.html,马鞍北路8号,https://cd.ke.com/xiaoqu/3011054452088/,高楼层(共7层),1982年建,1室1厅,57.3平米,东南,1,2月前发布
7112,一楼带花园户型方正业主自住前后大花园,https://cd.ke.com/ershoufang/20010717710100116162.html,锦城花园,https://cd.ke.com/xiaoqu/1611048662406/,低楼层(共11层),2003年建,4室2厅,209.71平米,东南,15,2月前发布
7113,标准套二，楼层好视野开阔，采光好,https://cd.ke.com/ershoufang/20010717710100111317.html,西宸原著御景,https://cd.ke.com/xiaoqu/1620021526413414/,高楼层(共33层),2019年建,2室1厅,73平米,南北,1,2月前发布
7114,白果林清水套二，中间楼层，通透采光好,https://cd.ke.com/ershoufang/20010717710100109974.html,一环路西三段外侧百寿路4号,https://cd.ke.com/xiaoqu/1611099806000/,中楼层(共7层),1997年建,2室1厅,58.6平米,南,14,2月前发布
7115,五层到顶叠拼上跃，全明格局，精装，带百平楼顶花园！,https://cd.ke.com/ershoufang/20010717710100108814.html,普罗旺斯,https://cd.ke.com/xiaoqu/1611058934012/,低楼层(共3层),2004年建,5室2厅,224.39平米,东西北,30,2月前发布
7116,现代福满苑B区，户型方正无浪费面积,https://cd.ke.com/ershoufang/20010717710100108311.html,现代福满苑B区,https://cd.ke.com/xiaoqu/3011055532041/,中楼层(共6层),2006年建,2室1厅,61.97平米,南,2,2月前发布
7117,地铁口拉斐精装套三出售，随时可看房，保养的很好,https://cd.ke.com/ershoufang/20010717710100107234.html,正成拉斐,https://cd.ke.com/xiaoqu/1611059202930/,低楼层(共18层),2012年建,3室1厅,86.1平米,东南,7,2月前发布
7118,西锦国际二期精装电梯大套二房子车位充足,https://cd.ke.com/ershoufang/20010717710100103686.html,西锦国际二期,https://cd.ke.com/xiaoqu/1611060794403/,高楼层(共32层),2013年建,2室2厅,82.01平米,东,0,2月前发布
7119,双阳台户型方正对中庭中楼层位置安静,https://cd.ke.com/ershoufang/20010617710100168431.html,金都苑,https://cd.ke.com/xiaoqu/3011054351393/,高楼层(共18层),2009年建,2室2厅,77.9平米,南,9,2月前发布
7120,城北金都苑小区双卫套三可自己装修,https://cd.ke.com/ershoufang/20010617710100166238.html,金都苑,https://cd.ke.com/xiaoqu/3011054351393/,低楼层(共18层),2009年建,3室2厅,101.16平米,北,16,2月前发布
7121,福祥家园瑞康苑套二有装修有阳台,https://cd.ke.com/ershoufang/20010617710100163628.html,福祥家园瑞康苑,https://cd.ke.com/xiaoqu/3011054747723/,高楼层(共6层),2006年建,2室1厅,75.86平米,西北,6,2月前发布
7122,标准套三，户型方正通透，中间楼层,https://cd.ke.com/ershoufang/20010617710100161759.html,协和花苑,https://cd.ke.com/xiaoqu/1611047695678/,中楼层(共7层),2002年建,3室1厅,92.92平米,东南,0,2月前发布
7123,户型方正生活便利采光优质无按揭无抵押,https://cd.ke.com/ershoufang/20010617710100157830.html,铁路新村,https://cd.ke.com/xiaoqu/1611057697982/,高楼层(共7层),1998年建,3室1厅,67.62平米,东南,0,2月前发布
7124,东原亲亲里2室2厅西,https://cd.ke.com/ershoufang/20010617710100155467.html,东原亲亲里,https://cd.ke.com/xiaoqu/1611062687228/,中楼层(共19层),2015年建,2室2厅,69.7平米,西,0,2月前发布
7125,万科金域西岭11号楼电梯口标准车位出售，,https://cd.ke.com/ershoufang/20010617710100152122.html,万科金域西岭,https://cd.ke.com/xiaoqu/1611058825282/,地下室(共层)1室0厅,35平米,东南,,,0,2月前发布
7126,东原亲亲里+精装套三+中间楼层+采光好+视野广阔,https://cd.ke.com/ershoufang/20010617710100151924.html,东原亲亲里,https://cd.ke.com/xiaoqu/1611062687228/,中楼层(共19层),2015年建,3室1厅,77.42平米,东南,45,2月前发布
7127,户型方正简单装修高楼层有采光,https://cd.ke.com/ershoufang/20010617710100148360.html,欣民苑,https://cd.ke.com/xiaoqu/1611041872904/,高楼层(共7层),2001年建,3室2厅,123.77平米,东南,6,2月前发布
7128,金城丽景1室0厅南,https://cd.ke.com/ershoufang/20010617710100146248.html,金城丽景,https://cd.ke.com/xiaoqu/1611047367601/,地下室(共1层),2004年建,1室0厅,30平米,南,0,2月前发布
7129,交大凯德广场，7号线地铁口，花园小区，中间楼层,https://cd.ke.com/ershoufang/20010617710100144848.html,花朝月盈,https://cd.ke.com/xiaoqu/1611047365248/,中楼层(共6层),2005年建,2室1厅,74.5平米,南北,63,2月前发布
7130,精装拎包入住电梯套二，对中庭，小区环境好,https://cd.ke.com/ershoufang/20010617710100141766.html,锦城名都,https://cd.ke.com/xiaoqu/1611047296454/,低楼层(共33层),2009年建,2室1厅,84.2平米,西南,6,2月前发布
7131,洞子口川建社区标准套二~~~~,https://cd.ke.com/ershoufang/20010617710100139673.html,沙河源街道川建社区,https://cd.ke.com/xiaoqu/1611953462324584/,中楼层(共7层)2室1厅,54.95平米,东,,,19,2月前发布
7132,房子户型方正，标准套三，采光好，不临街，带屋顶花园,https://cd.ke.com/ershoufang/20010617710100136161.html,蜀光路14号,https://cd.ke.com/xiaoqu/3011054754014/,高楼层(共7层)3室2厅,95平米,东南,,,3,2月前发布
7133,龙湖西辰原著+纯清水房+视野开阔,https://cd.ke.com/ershoufang/20010617710100130920.html,西宸原著御景,https://cd.ke.com/xiaoqu/1620021526413414/,高楼层(共33层),2019年建,3室2厅,139.07平米,东南,0,2月前发布
7134,江南园林式小区绿林围绕田园之居对中庭,https://cd.ke.com/ershoufang/20010617710100123748.html,绿杨新邨,https://cd.ke.com/xiaoqu/3011053933674/,低楼层(共18层),2002年建,2室2厅,94.98平米,南,14,2月前发布
7135,华侨城原岸精装套三双卫，通透户型，,https://cd.ke.com/ershoufang/20010617710100116842.html,华侨城原岸,https://cd.ke.com/xiaoqu/1611061493025/,低楼层(共34层),2015年建,3室1厅,114平米,东南,18,2月前发布
7136,金牛万达套三出售，，交通方便。,https://cd.ke.com/ershoufang/20010617710100115847.html,航空苑,https://cd.ke.com/xiaoqu/1620020419992531/,低楼层(共7层)3室2厅,109.81平米,南,,,0,2月前发布
7137,人和逸景套三双卫安静不临街,https://cd.ke.com/ershoufang/20010617710100115281.html,人和逸景,https://cd.ke.com/xiaoqu/1611059444733/,高楼层(共19层),2001年建,3室1厅,129.35平米,西北,11,2月前发布
7138,金府路6号电梯套三前后不临街,https://cd.ke.com/ershoufang/20010617710100114079.html,金府路6号,https://cd.ke.com/xiaoqu/1611047708295/,低楼层(共11层),2006年建,3室2厅,112.13平米,南,9,2月前发布
7139,现代城高楼层对中庭套二,https://cd.ke.com/ershoufang/20010617710100112278.html,现代城,https://cd.ke.com/xiaoqu/3011055272967/,高楼层(共31层),2014年建,2室1厅,88.5平米,东南,17,2月前发布
7140,千禧花园套三中庭位置不临街,https://cd.ke.com/ershoufang/20010617710100109735.html,千禧花园,https://cd.ke.com/xiaoqu/1611047108501/,中楼层(共6层),2001年建,3室2厅,105.83平米,西南,6,2月前发布
7141,中医大省医院菜市场旁一环内标准套二,https://cd.ke.com/ershoufang/20010617710100103523.html,青羊东二路125号,https://cd.ke.com/xiaoqu/3011055575719/,中楼层(共6层),1980年建,2室1厅,52.3平米,东东南,6,2月前发布
7142,二环内侧，标准套二，格局合理，卧室带大阳台,https://cd.ke.com/ershoufang/20010617710100101613.html,红花北路19号,https://cd.ke.com/xiaoqu/1611061603307/,高楼层(共6层),1995年建,2室1厅,52.2平米,南西,8,2月前发布
7143,西西里一期套一有平台花园,https://cd.ke.com/ershoufang/20010517710100214267.html,西西里一期,https://cd.ke.com/xiaoqu/1611058067102/,低楼层(共33层),2008年建,1室1厅,56.33平米,西北,1,2月前发布
7144,金牛区五块石金府世家套二,https://cd.ke.com/ershoufang/20010517710100212031.html,金府世家,https://cd.ke.com/xiaoqu/3011053744749/,中楼层(共17层),2009年建,2室1厅,74.46平米,东南西南,14,2月前发布
7145,地铁口，朝南，中间楼层，可以按照自己的风格装修,https://cd.ke.com/ershoufang/20010517710100205347.html,府河路苑,https://cd.ke.com/xiaoqu/3011054063638/,中楼层(共18层),2012年建,1室2厅,59.82平米,南,17,2月前发布
7146,羊犀立交-央企大盘-保利开发-精装套三-视野开阔,https://cd.ke.com/ershoufang/20010517710100204584.html,保利梧桐语,https://cd.ke.com/xiaoqu/1611061462318/,低楼层(共18层),2014年建,3室1厅,87.46平米,西南东北,24,2月前发布
7147,居家装修，户型方正通透、客厅带阳台,https://cd.ke.com/ershoufang/20010517710100203093.html,金牛宾馆宿舍,https://cd.ke.com/xiaoqu/1611061070921/,中楼层(共7层),1998年建,2室1厅,82.55平米,东南,0,2月前发布
7148,04年电梯小高层，前后不临街，标准三房，诚心出售,https://cd.ke.com/ershoufang/20010517710100200369.html,博雅庭韵,https://cd.ke.com/xiaoqu/1611048469528/,低楼层(共11层),2003年建,3室2厅,124.01平米,南北,10,2月前发布
7149,锦西国际精装修的房子，家具家电全带,https://cd.ke.com/ershoufang/20010517710100185427.html,锦西国际,https://cd.ke.com/xiaoqu/1611047665350/,高楼层(共22层),2008年建,2室1厅,32.91平米,西,9,2月前发布
7150,和谐家园套四有装修带花园,https://cd.ke.com/ershoufang/20010517710100184498.html,和谐家园,https://cd.ke.com/xiaoqu/1611041868928/,高楼层(共18层),2006年建,4室2厅,167.42平米,东南,30,2月前发布
7151,5.3米大开间，客厅正带阳台，居家装修,https://cd.ke.com/ershoufang/20010517710100182462.html,恒大西锦城,https://cd.ke.com/xiaoqu/1611059186624/,中楼层(共29层),2012年建,3室1厅,85.17平米,东南南,109,2月前发布
7152,华侨城纯水岸二期负一楼标准车位,https://cd.ke.com/ershoufang/20010517710100182171.html,华侨城纯水岸二期,https://cd.ke.com/xiaoqu/1611058082282/,地下室(共层),2010年建,1室0厅,34平米,东,0,2月前发布
7153,花满庭对中庭套二带平台有装修可直接入住,https://cd.ke.com/ershoufang/20010517710100180866.html,蓝光花满庭一期,https://cd.ke.com/xiaoqu/3011053734625/,低楼层(共21层),2009年建,2室2厅,74.8平米,南,21,2月前发布
7154,三环内不需要资格水电气三通楼下地铁口,https://cd.ke.com/ershoufang/20010517710100174394.html,金府SOHO,https://cd.ke.com/xiaoqu/1611047757732/,中楼层(共31层),2011年建,1室1厅,43.33平米,南北,0,2月前发布
7155,西香纪，地下车库，诚心出售。,https://cd.ke.com/ershoufang/20010517710100173976.html,西香纪,https://cd.ke.com/xiaoqu/1611059694844/,地下室(共17层),2010年建,1室0厅,42.57平米,东南,0,2月前发布
7156,：房东诚心，朝东，高楼层采光好，近地铁，配套成熟,https://cd.ke.com/ershoufang/20010517710100172533.html,泉水人家二期A区,https://cd.ke.com/xiaoqu/3011053756858/,中楼层(共16层),2010年建,2室2厅,80.95平米,东,3,2月前发布
7157,一环内户型方正采光好，视野开阔,https://cd.ke.com/ershoufang/20010517710100169814.html,西体奥林花园,https://cd.ke.com/xiaoqu/3011056523080/,中楼层(共23层),2003年建,3室1厅,129.85平米,南,16,2月前发布
7158,花照壁地铁口金房琴园电梯大套四明厨双明卫产权车位,https://cd.ke.com/ershoufang/20010517710100162616.html,金房苑琴园,https://cd.ke.com/xiaoqu/1611047809645/,中楼层(共11层),2000年建,4室2厅,189.72平米,南,13,2月前发布
7159,丽景湾标准套三双卫，拎包入住，预约看房。,https://cd.ke.com/ershoufang/20010517710100159097.html,丽景湾,https://cd.ke.com/xiaoqu/3011053936753/,高楼层(共7层),2001年建,3室2厅,129.09平米,东,6,2月前发布
7160,蓝光金悦金沙+套三+清水+中间楼层,https://cd.ke.com/ershoufang/20010517710100157171.html,蓝光金悦金沙,https://cd.ke.com/xiaoqu/1611100027115/,中楼层(共21层),2017年建,3室1厅,83.77平米,东南西南,37,2月前发布
7161,阳曦芙蓉城套二有装修,https://cd.ke.com/ershoufang/20010517710100155967.html,阳曦芙蓉城,https://cd.ke.com/xiaoqu/3011054860008/,低楼层(共17层),2009年建,2室2厅,89.59平米,东南,30,2月前发布
7162,馨缘村低楼层套三，朝东，采光好。,https://cd.ke.com/ershoufang/20010517710100151883.html,馨缘村,https://cd.ke.com/xiaoqu/3011053925540/,中楼层(共7层),2000年建,3室2厅,124.04平米,东,1,2月前发布
7163,此房户型方正，套四双卫，视野开阔，采光充足,https://cd.ke.com/ershoufang/20010517710100151438.html,华侨城纯水岸一期,https://cd.ke.com/xiaoqu/1611058082101/,高楼层(共25层),2009年建,4室2厅,154.62平米,东南,35,2月前发布
7164,九峰花园套一，全明格局，户型方正,https://cd.ke.com/ershoufang/20010517710100150235.html,九峰花园,https://cd.ke.com/xiaoqu/1611047844475/,高楼层(共32层),2011年建,1室1厅,68平米,东,0,2月前发布
7165,3号地铁口精装套二朝向好视野开阔,https://cd.ke.com/ershoufang/20010517710100150078.html,恒大曹家巷广场,https://cd.ke.com/xiaoqu/1620027933865550/,高楼层(共42层),2018年建,2室1厅,77.79平米,东南,4,2月前发布
7166,一环路内电梯房，标准套二，精装修带家具家电,https://cd.ke.com/ershoufang/20010517710100148929.html,泰丰御园,https://cd.ke.com/xiaoqu/3011053928734/,低楼层(共31层),2012年建,2室1厅,88.55平米,西北,5,2月前发布
7167,交大智能五期3室2厅南,https://cd.ke.com/ershoufang/20010517710100146929.html,交大智能五期,https://cd.ke.com/xiaoqu/1611047077373/,中楼层(共6层),2001年建,3室2厅,132平米,南,10,2月前发布
7168,金牛区远洋朗郡装修3房客厅带阳台对中庭,https://cd.ke.com/ershoufang/20010517710100144071.html,远洋朗郡,https://cd.ke.com/xiaoqu/1611061580219/,高楼层(共17层),2012年建,3室2厅,76.67平米,东南,16,2月前发布
7169,长福苑标准套二采光好带阳台,https://cd.ke.com/ershoufang/20010517710100141113.html,长福苑,https://cd.ke.com/xiaoqu/1611047692085/,高楼层(共6层),2002年建,2室1厅,62.58平米,东南,0,2月前发布
7170,黄忠益民苑一品天下双地铁口精装自住套二不临街,https://cd.ke.com/ershoufang/20010517710100135338.html,益民苑,https://cd.ke.com/xiaoqu/3011055270333/,中楼层(共7层),1998年建,2室1厅,69.89平米,西南,13,2月前发布
7171,标准套二，随时看，简单装修，对中庭，带阳台,https://cd.ke.com/ershoufang/20010517710100131891.html,红花社区,https://cd.ke.com/xiaoqu/1620039327554123/,中楼层(共6层)2室2厅,77.32平米,东南,,,3,2月前发布
7172,黄忠芙蓉苑大套二西南朝向,https://cd.ke.com/ershoufang/20010517710100131626.html,黄忠芙蓉苑,https://cd.ke.com/xiaoqu/3011055297025/,高楼层(共6层),2003年建,2室1厅,93平米,西南,28,2月前发布
7173,金牛万达旁聚源公寓标准套四诚心出售,https://cd.ke.com/ershoufang/20010517710100129413.html,聚源公寓,https://cd.ke.com/xiaoqu/3011054764391/,中楼层(共7层)4室2厅,149.76平米,北,,,1,2月前发布
7174,地铁口大跃层出售，房东诚心出售,https://cd.ke.com/ershoufang/20010517710100129067.html,保利国宾首府二期,https://cd.ke.com/xiaoqu/1620039148258641/,中楼层(共17层)3室1厅,86.7平米,西南,,,0,2月前发布
7175,兴元绿洲业主自住套二不临街朝东,https://cd.ke.com/ershoufang/20010517710100128247.html,兴元绿洲一期,https://cd.ke.com/xiaoqu/1611041885209/,高楼层(共22层),2007年建,2室2厅,92.13平米,东南,2,2月前发布
7176,朝南精装套二，龙湖品质，五号线地铁，龙湖天街,https://cd.ke.com/ershoufang/20010517710100126825.html,龙湖北城天街二期,https://cd.ke.com/xiaoqu/1611059622292/,高楼层(共23层),2013年建,2室1厅,80平米,东南,1,2月前发布
7177,青房尚瑞天韵+套二出售+有装修。,https://cd.ke.com/ershoufang/20010517710100124226.html,青房尚瑞天韵,https://cd.ke.com/xiaoqu/1611058920240/,高楼层(共26层),2009年建,2室2厅,85.83平米,西南,7,2月前发布
7178,金牛万达A组团3室1厅南北,https://cd.ke.com/ershoufang/20010517710100122544.html,金牛万达A组团,https://cd.ke.com/xiaoqu/1611061058668/,低楼层(共32层),2012年建,3室1厅,120平米,南北,1,2月前发布
7179,华侨城原岸2室2厅南,https://cd.ke.com/ershoufang/20010517710100119666.html,华侨城原岸,https://cd.ke.com/xiaoqu/1611061493025/,低楼层(共30层),2017年建,2室2厅,88.38平米,南,5,2月前发布
7180,安静不临街，标准套三，小区环境好，可以上顶。,https://cd.ke.com/ershoufang/20010517710100117586.html,安居苑(金牛),https://cd.ke.com/xiaoqu/3011053933563/,高楼层(共7层),1998年建,3室1厅,77.91平米,南,2,2月前发布
7181,锦西雅苑标准套四户型方正采光好顶楼带花园,https://cd.ke.com/ershoufang/20010517710100113685.html,锦西雅苑,https://cd.ke.com/xiaoqu/1611047370216/,高楼层(共7层),2000年建,4室2厅,165.58平米,东南,17,2月前发布
7182,园林式小区，中间楼层，花照壁地铁口，人车分流。,https://cd.ke.com/ershoufang/20010517710100114628.html,汇景新村(金牛),https://cd.ke.com/xiaoqu/1611041874502/,中楼层(共6层),2001年建,3室2厅,130.91平米,东南,14,2月前发布
7183,此房为套一户型，有装修，采光好，交通便利。,https://cd.ke.com/ershoufang/20010517710100115332.html,西城公馆,https://cd.ke.com/xiaoqu/1611041922936/,高楼层(共30层),2009年建,1室1厅,56.66平米,东,0,2月前发布
7184,新世界丽晶花园2室1厅南,https://cd.ke.com/ershoufang/20010517710100110945.html,新世界丽晶花园,https://cd.ke.com/xiaoqu/1611059163335/,中楼层(共12层),2003年建,2室1厅,60.67平米,南,5,2月前发布
7185,二环内，标准套三，户型方正，居家装修,https://cd.ke.com/ershoufang/20010517710100108635.html,红花教师苑,https://cd.ke.com/xiaoqu/3011055765173/,低楼层(共7层),2004年建,3室2厅,108.82平米,东南,28,2月前发布
7186,此房户型方正属于中间楼层装修好视野好电梯房。,https://cd.ke.com/ershoufang/20010517710100108376.html,燕宇康品,https://cd.ke.com/xiaoqu/3011055662928/,中楼层(共26层),2009年建,2室1厅,78.94平米,西南,3,2月前发布
7187,金沙美林丽雅苑蜀汉路标准套二,https://cd.ke.com/ershoufang/20010517710100107847.html,金沙美邻丽雅苑,https://cd.ke.com/xiaoqu/3011053933070/,中楼层(共7层),2008年建,2室2厅,70.77平米,南西南,56,2月前发布
7188,南玻公寓3室2厅南,https://cd.ke.com/ershoufang/20010517710100106987.html,南玻公寓,https://cd.ke.com/xiaoqu/3011054909565/,高楼层(共7层),1996年建,3室2厅,113.67平米,南,0,2月前发布
7189,一楼带50平米的花园+前后正对中庭+标准套三双卫,https://cd.ke.com/ershoufang/20010517710100106218.html,正成拉斐,https://cd.ke.com/xiaoqu/1611059202930/,低楼层(共18层),2012年建,3室2厅,89.89平米,东南,3,2月前发布
7190,蜀汉路东地铁口好房，采光好安静不临街,https://cd.ke.com/ershoufang/20010517710100104219.html,瑞西小区,https://cd.ke.com/xiaoqu/3011053453727/,高楼层(共7层),1994年建,2室1厅,63.4平米,东南,7,2月前发布
7191,香榭里3室2厅东,https://cd.ke.com/ershoufang/20010517710100103384.html,香榭里,https://cd.ke.com/xiaoqu/1611047613697/,高楼层(共7层),2001年建,3室2厅,130.56平米,东,3,2月前发布
7192,二环内，标准套二，中间楼层。。,https://cd.ke.com/ershoufang/20010417710100204371.html,万科加州湾,https://cd.ke.com/xiaoqu/3011055265759/,中楼层(共31层),2008年建,2室1厅,83.08平米,南,22,2月前发布
7193,锦城名都标准车位，业主诚心，多多推荐,https://cd.ke.com/ershoufang/20010417710100202425.html,锦城名都,https://cd.ke.com/xiaoqu/1611047296454/,地下室(共层),2009年建,1室0厅,25.2平米,东南,0,2月前发布
7194,户型方正单价低配套成熟清水房适合改造,https://cd.ke.com/ershoufang/20010417710100200825.html,营康西路80号,https://cd.ke.com/xiaoqu/1611061222817/,高楼层(共7层),1998年建,2室1厅,60.81平米,西南,13,2月前发布
7195,青房尚瑞天韵套一，对中庭，位置安静,https://cd.ke.com/ershoufang/20010417710100200920.html,青房尚瑞天韵,https://cd.ke.com/xiaoqu/1611058920240/,高楼层(共25层),2009年建,1室1厅,38.75平米,南,0,2月前发布
7196,欧波罗电梯套一近地铁近二环高架,https://cd.ke.com/ershoufang/20010417710100196290.html,欧波罗,https://cd.ke.com/xiaoqu/1611047724495/,低楼层(共19层),2008年建,1室1厅,41.69平米,南,10,2月前发布
7197,标准套二，有装修，拎包入住，采光充足,https://cd.ke.com/ershoufang/20010417710100195215.html,现代城,https://cd.ke.com/xiaoqu/3011055272967/,低楼层(共31层),2014年建,2室1厅,69.56平米,东南,2,2月前发布
7198,标准套三，简单装修，可直接拎包入住,https://cd.ke.com/ershoufang/20010417710100195118.html,蓝光花满庭一期,https://cd.ke.com/xiaoqu/3011053734625/,高楼层(共20层),2009年建,3室1厅,86.65平米,北,20,2月前发布
7199,翡翠海湾对中庭安静大套二还有个车位要出售,https://cd.ke.com/ershoufang/20010417710100193012.html,翡翠海湾,https://cd.ke.com/xiaoqu/3011054117736/,中楼层(共18层),2008年建,2室1厅,101.52平米,东南,4,2月前发布
7200,二环内，市委宿舍单位房，套三户型,https://cd.ke.com/ershoufang/20010417710100187722.html,抚琴西苑北区,https://cd.ke.com/xiaoqu/3011054772838/,中楼层(共7层),1995年建,3室1厅,88.76平米,东南,3,2月前发布
7201,光荣北路77号，中间楼层，标准套一，前后不临街,https://cd.ke.com/ershoufang/20010417710100187191.html,光荣北路77号,https://cd.ke.com/xiaoqu/3011056230492/,中楼层(共6层),1995年建,1室1厅,39.88平米,东,27,2月前发布
7202,西二环交通便利配套成熟拎包入住满五且唯一,https://cd.ke.com/ershoufang/20010417710100184688.html,外化成五里墩东二巷7号,https://cd.ke.com/xiaoqu/3011054045261/,中楼层(共7层),1993年建,2室1厅,68平米,西南东北,2,2月前发布
7203,西1.5环，电梯中间楼层，拎包入住，朝小区,https://cd.ke.com/ershoufang/20010417710100183851.html,人和逸景,https://cd.ke.com/xiaoqu/1611059444733/,中楼层(共22层),2001年建,2室1厅,98.43平米,东南西南,4,2月前发布
7204,凯德旁优质套三低楼层双地铁，交通便利,https://cd.ke.com/ershoufang/20010417710100179938.html,众合华庭,https://cd.ke.com/xiaoqu/1611047362415/,低楼层(共7层),2000年建,3室1厅,135.55平米,东南,0,2月前发布
7205,户型方正，标准套三，安静不临街。,https://cd.ke.com/ershoufang/20010417710100178989.html,一环路北一段238号,https://cd.ke.com/xiaoqu/3011056253198/,高楼层(共6层)3室1厅,63.78平米,西南,,,0,2月前发布
7206,泉水北苑，精装房，拎包即可入住。,https://cd.ke.com/ershoufang/20010417710100177773.html,泉水北苑,https://cd.ke.com/xiaoqu/1611061318208/,低楼层(共6层),2003年建,2室1厅,72.4平米,南北,12,2月前发布
7207,龙湖北城天街标准车位，出入方便,https://cd.ke.com/ershoufang/20010417710100177363.html,龙湖北城天街二期,https://cd.ke.com/xiaoqu/1611059622292/,地下室(共层)1室0厅,33.42平米,南东,,,0,2月前发布
7208,南玻公寓套三，小区环境安逸，交通便利,https://cd.ke.com/ershoufang/20010417710100174661.html,南玻公寓,https://cd.ke.com/xiaoqu/3011054909565/,低楼层(共7层),1996年建,3室1厅,113.6平米,东北,11,2月前发布
7209,大院人家套三，不临街。户型通透，采光良好。,https://cd.ke.com/ershoufang/20010417710100168138.html,大院人家,https://cd.ke.com/xiaoqu/1611061506100/,高楼层(共6层),2004年建,3室2厅,106.39平米,东南,15,2月前发布
7210,熙城国际，西一环边电梯套一，地铁五号线地铁口,https://cd.ke.com/ershoufang/20010417710100166837.html,熙城国际,https://cd.ke.com/xiaoqu/3011054142698/,高楼层(共28层),2009年建,1室1厅,58.25平米,东南,10,2月前发布
7211,九里堤南路49号3室1厅东南,https://cd.ke.com/ershoufang/20010417710100160579.html,九里堤南路49号,https://cd.ke.com/xiaoqu/1620029227260207/,中楼层(共6层),1992年建,3室1厅,65.09平米,东南,6,2月前发布
7212,标准套二，户型方正，明厨明卫；客厅带阳台,https://cd.ke.com/ershoufang/20010417710100160644.html,翡翠海湾,https://cd.ke.com/xiaoqu/3011054117736/,高楼层(共18层),2008年建,2室2厅,88.95平米,南,1,2月前发布
7213,金域港湾地铁口电梯房套二双卫家乐福旁,https://cd.ke.com/ershoufang/20010417710100160117.html,金域港湾,https://cd.ke.com/xiaoqu/1611058064139/,高楼层(共11层),2006年建,2室2厅,97.1平米,东南,7,2月前发布
7214,西城公馆对公园装修不错七号线旁交通方便,https://cd.ke.com/ershoufang/20010417710100156292.html,西城公馆,https://cd.ke.com/xiaoqu/1611041922936/,高楼层(共30层),2009年建,2室1厅,84.72平米,东北,56,2月前发布
7215,一环内府河边优质楼层小区管理好,https://cd.ke.com/ershoufang/20010417710100154687.html,外曹家巷4号,https://cd.ke.com/xiaoqu/1620037039008469/,低楼层(共3层)3室1厅,71.48平米,南北,,,44,2月前发布
7216,一环路宽窄巷子旁舞蹈学院单位房,https://cd.ke.com/ershoufang/20010417710100153034.html,西安北路27号,https://cd.ke.com/xiaoqu/3011053533977/,中楼层(共6层),1999年建,3室1厅,79.5平米,南北,4,2月前发布
7217,新熙门套二住家装修，拧包入住。,https://cd.ke.com/ershoufang/20010417710100152839.html,新熙门,https://cd.ke.com/xiaoqu/1611060366082/,高楼层(共32层),2013年建,2室1厅,72.92平米,东南,34,2月前发布
7218,房子地理位置好，交通方便，采光好,https://cd.ke.com/ershoufang/20010417710100151974.html,锦西国际,https://cd.ke.com/xiaoqu/1611047665350/,高楼层(共22层),2008年建,2室1厅,32.6平米,南,0,2月前发布
7219,茶店子羊犀立交明阳家在回廊套三出售,https://cd.ke.com/ershoufang/20010417710100144393.html,明阳家在回廊,https://cd.ke.com/xiaoqu/1611057888858/,高楼层(共6层),2002年建,3室2厅,103.26平米,西南,11,2月前发布
7220,二环内侧全兴单位房，带花园，户型方正，生活方便,https://cd.ke.com/ershoufang/20010417710100143869.html,抚琴西路199号,https://cd.ke.com/xiaoqu/3011053642865/,低楼层(共7层),1996年建,2室2厅,86.3平米,东南,4,2月前发布
7221,中粮祥云里，套三双卫户型，采光好。,https://cd.ke.com/ershoufang/20010417710100143370.html,中粮祥云里,https://cd.ke.com/xiaoqu/1614099468006377/,低楼层(共33层),2018年建,3室2厅,115平米,东南,41,2月前发布
7222,锦城世家小户型，7层，拎包入住，装修好。,https://cd.ke.com/ershoufang/20010417710100142291.html,锦城世家,https://cd.ke.com/xiaoqu/3011053926360/,低楼层(共28层),2014年建,1室1厅,50.17平米,东南,2,2月前发布
7223,低总价中间楼层精装套二，拎包入住，,https://cd.ke.com/ershoufang/20010417710100138359.html,营和街66号,https://cd.ke.com/xiaoqu/3011053607803/,中楼层(共6层),1996年建,2室1厅,46.8平米,东南,6,2月前发布
7224,标准套四，位置安静，阳台面积大，小区环境舒适,https://cd.ke.com/ershoufang/20010417710100138016.html,白鸽岛尚,https://cd.ke.com/xiaoqu/3011054730875/,低楼层(共19层),2008年建,4室1厅,151.6平米,西南,9,2月前发布
7225,香木林+有装修+带小平台+看房有钥匙,https://cd.ke.com/ershoufang/20010417710100134744.html,香木林加州国际,https://cd.ke.com/xiaoqu/1611047338092/,低楼层(共18层),2009年建,1室0厅,43.25平米,东南,7,2月前发布
7226,华侨城原岸套二，东南朝向，中间楼层,https://cd.ke.com/ershoufang/20010417710100128362.html,华侨城原岸,https://cd.ke.com/xiaoqu/1611061493025/,高楼层(共30层),2017年建,2室2厅,80.71平米,东东南,55,2月前发布
7227,三环内，交通方便，配套设施，一应俱全。,https://cd.ke.com/ershoufang/20010417710100127812.html,金府银座,https://cd.ke.com/xiaoqu/1611047761222/,中楼层(共21层),2007年建,2室1厅,55.12平米,南,1,2月前发布
7228,此房套三双卫户型，有装修户型方正朝西南,https://cd.ke.com/ershoufang/20010417710100125126.html,兴元绿洲一期,https://cd.ke.com/xiaoqu/1611041885209/,低楼层(共22层),2007年建,3室1厅,118.5平米,西南,26,2月前发布
7229,沙湾路上，户型方正，采光好。。,https://cd.ke.com/ershoufang/20010417710100121921.html,沙湾路49号,https://cd.ke.com/xiaoqu/1620026768381251/,高楼层(共5层)2室1厅,63.46平米,东南,,,34,2月前发布
7230,马鞍北路32号华西园电梯房出售,https://cd.ke.com/ershoufang/20010417710100112370.html,华西园,https://cd.ke.com/xiaoqu/3011054449240/,高楼层(共20层),2000年建,3室1厅,116.68平米,西北,5,2月前发布
7231,金牛凯德旁顶楼带花园生活配套齐全,https://cd.ke.com/ershoufang/20010417710100112523.html,交大智能一期南苑,https://cd.ke.com/xiaoqu/1611047109002/,高楼层(共7层),2000年建,3室2厅,103.9平米,东南,3,2月前发布
7232,标准套二，装修保养好，中间楼层,https://cd.ke.com/ershoufang/20010417710100109762.html,金罗路12号,https://cd.ke.com/xiaoqu/3011053935098/,中楼层(共7层),1997年建,2室1厅,65.54平米,南,0,2月前发布
7233,羊犀立交外蜀西路旁40年产权交通便利商圈成,https://cd.ke.com/ershoufang/20010417710100107956.html,高家庄赞城,https://cd.ke.com/xiaoqu/3011054747489/,高楼层(共21层)1室1厅,53.86平米,东,,,0,2月前发布
7234,天合凯旋港2室1厅南,https://cd.ke.com/ershoufang/20010417710100105419.html,天合凯旋港,https://cd.ke.com/xiaoqu/3011053872040/,高楼层(共21层),2008年建,2室1厅,69.62平米,南,12,2月前发布
7235,正成拉斐标准的产权车位，诚心出售。,https://cd.ke.com/ershoufang/20010417710100102777.html,正成拉斐,https://cd.ke.com/xiaoqu/1611059202930/,地下室(共层)1室0厅,33.15平米,东南,,,0,2月前发布
7236,文家东巷低楼层标准套二安静不临街,https://cd.ke.com/ershoufang/20010417710100101743.html,文家东巷4号,https://cd.ke.com/xiaoqu/1611635317027402/,低楼层(共7层)2室2厅,65.6平米,东南,,,1,2月前发布
7237,汇阳新村2室1厅东南,https://cd.ke.com/ershoufang/20010417710100101389.html,汇阳新村,https://cd.ke.com/xiaoqu/1611047785597/,中楼层(共6层),2003年建,2室1厅,84.24平米,东南,10,2月前发布
7238,户型方正客厅阳台对中庭位置安静精装修可拎包入住,https://cd.ke.com/ershoufang/20010317710100191272.html,白鸽岛尚,https://cd.ke.com/xiaoqu/3011054730875/,高楼层(共19层),2008年建,2室1厅,77.08平米,西北,32,2月前发布
7239,标准套二带租约精装修业主稳定随时签约,https://cd.ke.com/ershoufang/20010317710100191132.html,高家庄赞城,https://cd.ke.com/xiaoqu/3011054747489/,中楼层(共21层)2室1厅,47.48平米,南,,,0,2月前发布
7240,两河锦地优质套二，对中庭安静，采光好。,https://cd.ke.com/ershoufang/20010317710100189190.html,两河锦地,https://cd.ke.com/xiaoqu/1611061096672/,低楼层(共18层),2009年建,2室1厅,86.36平米,东,11,2月前发布
7241,绿地世纪城三期次新房标准套三户型方正,https://cd.ke.com/ershoufang/20010317710100178269.html,绿地世纪城,https://cd.ke.com/xiaoqu/3011053997428/,高楼层(共24层),2016年建,3室2厅,91.15平米,北,155,2月前发布
7242,小区位置优越，房子满五唯一，出行交通方便,https://cd.ke.com/ershoufang/20010317710100176742.html,蜀汉小区,https://cd.ke.com/xiaoqu/1611061474684/,高楼层(共7层),2000年建,2室1厅,66.64平米,东南,53,2月前发布
7243,抚琴综合市场永陵永远套一出售,https://cd.ke.com/ershoufang/20010317710100173534.html,抚琴街南一巷,https://cd.ke.com/xiaoqu/3011054193029/,中楼层(共5层),1990年建,2室1厅,47平米,东南,1,2月前发布
7244,一环内西锦国际三期17年次新房标准套三，采光好,https://cd.ke.com/ershoufang/20010317710100172859.html,西锦国际三期,https://cd.ke.com/xiaoqu/1620020801710254/,低楼层(共29层),2018年建,3室2厅,84.4平米,东,4,2月前发布
7245,蓝色空间标准套二，交通购物便利，双地铁,https://cd.ke.com/ershoufang/20010317710100170193.html,蓝色空间蓝月,https://cd.ke.com/xiaoqu/1611047370947/,低楼层(共6层),2003年建,2室1厅,69.96平米,东南,1,2月前发布
7246,南玻公寓4室2厅南北,https://cd.ke.com/ershoufang/20010317710100167587.html,南玻公寓,https://cd.ke.com/xiaoqu/3011054909565/,高楼层(共18层),1996年建,4室2厅,177.05平米,南北,13,2月前发布
7247,精装套三，带家具加电，户型方正，采光充足，视野充足,https://cd.ke.com/ershoufang/20010317710100166512.html,天悦城,https://cd.ke.com/xiaoqu/1611063533871/,高楼层(共33层),2016年建,3室2厅,88.52平米,北,11,2月前发布
7248,有入户花园、客厅带阳台，户型方光线充足，视野开阔,https://cd.ke.com/ershoufang/20010317710100162917.html,西岸观邸,https://cd.ke.com/xiaoqu/3011055647387/,中楼层(共32层),2013年建,2室2厅,80.16平米,东南,3,2月前发布
7249,二环边标准两室，电梯商品房，2011年的小区，,https://cd.ke.com/ershoufang/20010317710100162688.html,紫金乐章,https://cd.ke.com/xiaoqu/167969784737624/,中楼层(共21层),2011年建,2室2厅,60.59平米,南,162,2月前发布
7250,此房装修可以直接入住，视野无遮挡，安静，,https://cd.ke.com/ershoufang/20010317710100158747.html,绿地世纪城,https://cd.ke.com/xiaoqu/3011053997428/,低楼层(共24层),2016年建,3室2厅,91.15平米,北,0,2月前发布
7251,石笋街精装修，户型方正，无抵押按揭，满五唯一,https://cd.ke.com/ershoufang/20010317710100154336.html,交通巷36号,https://cd.ke.com/xiaoqu/3011056515751/,高楼层(共6层),1990年建,3室1厅,76.49平米,东南西北,1,2月前发布
7252,步梯底层，清水自装，中庭朝南，出门地铁,https://cd.ke.com/ershoufang/20010317710100152190.html,泉水人家三期A区,https://cd.ke.com/xiaoqu/1611061596681/,低楼层(共6层),2011年建,1室1厅,50.9平米,南,12,2月前发布
7253,金牛区金科苑社区装修套三双卫。,https://cd.ke.com/ershoufang/20010317710100151913.html,金科苑中街54号,https://cd.ke.com/xiaoqu/3011055320618/,中楼层(共6层),2007年建,3室2厅,119.45平米,南,29,2月前发布
7254,金牛区五块石智业福地小区精装修,https://cd.ke.com/ershoufang/20010317710100146964.html,智业福地,https://cd.ke.com/xiaoqu/3011055552525/,中楼层(共7层),2001年建,2室1厅,68.2平米,西,14,2月前发布
7255,青房尚瑞天韵2室2厅东,https://cd.ke.com/ershoufang/20010317710100147385.html,青房尚瑞天韵,https://cd.ke.com/xiaoqu/1611058920240/,中楼层(共26层),2009年建,2室2厅,88.22平米,东,1,2月前发布
7256,檀香花园套三户型通风好采光好,https://cd.ke.com/ershoufang/20010317710100144868.html,檀香花园,https://cd.ke.com/xiaoqu/3011055368733/,高楼层(共26层),2011年建,3室2厅,92.26平米,西南西北北,62,2月前发布
7257,西景花园中间楼层有装修套一,https://cd.ke.com/ershoufang/20010317710100138995.html,西景花园,https://cd.ke.com/xiaoqu/3011053383736/,高楼层(共9层),2004年建,1室1厅,60.49平米,东南,0,2月前发布
7258,白鸽岛尚住家套二，带家具家出售，拎包入住,https://cd.ke.com/ershoufang/20010317710100137736.html,白鸽岛尚,https://cd.ke.com/xiaoqu/3011054730875/,高楼层(共19层),2008年建,2室2厅,69.24平米,西南,10,2月前发布
7259,精装修，标准套二，可以拎包入住,https://cd.ke.com/ershoufang/20010317710100137364.html,圃园路5号,https://cd.ke.com/xiaoqu/1611063038910/,中楼层(共7层),1999年建,2室1厅,90.74平米,东,12,2月前发布
7260,此房满两年，采光好，位置安静，客厅有阳台。,https://cd.ke.com/ershoufang/20010317710100133782.html,荷花池公寓,https://cd.ke.com/xiaoqu/1611061196347/,高楼层(共7层),2000年建,3室2厅,107.75平米,西北,5,2月前发布
7261,精装套二，采光好，小区环境好，人车分流。,https://cd.ke.com/ershoufang/20010317710100132576.html,今日靖园,https://cd.ke.com/xiaoqu/1620021107936143/,高楼层(共18层)2室1厅,70平米,南北,,,109,2月前发布
7262,中间楼层，1.5环，出行方便，生活配套齐全。,https://cd.ke.com/ershoufang/20010317710100131974.html,光荣北路8号,https://cd.ke.com/xiaoqu/3011055218011/,中楼层(共6层),1997年建,2室1厅,39.86平米,南北,32,2月前发布
7263,锦汇标准套三中间楼层采光好临地铁,https://cd.ke.com/ershoufang/20010317710100128271.html,锦汇花园,https://cd.ke.com/xiaoqu/3011053413709/,中楼层(共9层),2001年建,3室2厅,137.32平米,东南,2,2月前发布
7264,翡翠海湾套三户型客厅带阳台有装修,https://cd.ke.com/ershoufang/20010317710100125136.html,翡翠海湾,https://cd.ke.com/xiaoqu/3011054117736/,高楼层(共20层),2008年建,3室2厅,137.73平米,东南,29,2月前发布
7265,二环内电梯套三，正对中庭，安静不临街，带阳台,https://cd.ke.com/ershoufang/20010317710100124442.html,凯瑞花都,https://cd.ke.com/xiaoqu/1611058545059/,高楼层(共18层),2008年建,3室2厅,119.68平米,南北,4,2月前发布
7266,花牌坊公寓住宅套三出售低楼层,https://cd.ke.com/ershoufang/20010317710100122930.html,花牌坊公寓,https://cd.ke.com/xiaoqu/3011052662695/,低楼层(共7层),2004年建,3室2厅,118.71平米,东,1,2月前发布
7267,花香九里3室1厅东南,https://cd.ke.com/ershoufang/20010317710100121840.html,花香九里,https://cd.ke.com/xiaoqu/1611047619473/,高楼层(共6层),2000年建,3室1厅,93.34平米,东南,4,2月前发布
7268,蓝光云鼎电梯套一东北朝向,https://cd.ke.com/ershoufang/20010317710100118381.html,蓝光云鼎,https://cd.ke.com/xiaoqu/1611058501893/,低楼层(共31层),2012年建,1室1厅,48.08平米,南,1,2月前发布
7269,精装修套三双卫，带家具家电，领包入住，前后双中庭。,https://cd.ke.com/ershoufang/20010317710100114975.html,正成拉斐,https://cd.ke.com/xiaoqu/1611059202930/,低楼层(共18层),2012年建,3室2厅,102平米,东南,1,2月前发布
7270,低楼层精装套一，户型方正，采光较好,https://cd.ke.com/ershoufang/20010317710100112215.html,花牌坊街161号,https://cd.ke.com/xiaoqu/169009529630493/,低楼层(共7层),1992年建,1室1厅,37.98平米,东南,3,2月前发布
7271,户型方正标准套三东南朝向前后不临街,https://cd.ke.com/ershoufang/20010317710100111130.html,蜀光路14号,https://cd.ke.com/xiaoqu/3011054754014/,低楼层(共7层),1999年建,3室2厅,95.43平米,东南,22,2月前发布
7272,标准套二，采光好，不临街，小户型，总价低,https://cd.ke.com/ershoufang/20010317710100106948.html,马鞍山路1号,https://cd.ke.com/xiaoqu/1615728619850936/,高楼层(共6层),1997年建,2室1厅,52平米,东南,0,2月前发布
7273,此房为标准套三双卫，采光充足，视野好，交通便利,https://cd.ke.com/ershoufang/20010317710100109944.html,城隍公寓,https://cd.ke.com/xiaoqu/3011054434166/,高楼层(共7层),2000年建,3室2厅,106.84平米,南,20,2月前发布
7274,一环内府河边电梯房带阳台,https://cd.ke.com/ershoufang/20010317710100105544.html,天合凯旋港,https://cd.ke.com/xiaoqu/3011053872040/,低楼层(共24层),2008年建,2室1厅,75.45平米,东南,15,2月前发布
7275,一环内次新房标准套三繁华位置户型方正,https://cd.ke.com/ershoufang/20010317710100103173.html,飞大壹号广场,https://cd.ke.com/xiaoqu/1611063626366/,低楼层(共34层),2016年建,3室1厅,112.21平米,东,5,2月前发布
7276,金府路6号精装修带小花园南北,https://cd.ke.com/ershoufang/20010317710100101466.html,金府路6号,https://cd.ke.com/xiaoqu/1611047708295/,中楼层(共5层),2006年建,5室2厅,223.34平米,南北,64,2月前发布
7277,保利梧桐语套三诚心出售+户型结构好+安静,https://cd.ke.com/ershoufang/20010217710100183089.html,保利梧桐语,https://cd.ke.com/xiaoqu/1611061462318/,高楼层(共15层),2014年建,3室1厅,89.3平米,东南,0,2月前发布
7278,房子满两年，朝向西南，高楼层，视野好,https://cd.ke.com/ershoufang/20010217710100182592.html,三九绿城,https://cd.ke.com/xiaoqu/3011053792139/,高楼层(共21层),2008年建,3室1厅,126.81平米,西南,6,2月前发布
7279,水韵天府精装套二带大车位出售电梯入户,https://cd.ke.com/ershoufang/20010217710100181277.html,水韵天府,https://cd.ke.com/xiaoqu/3011053805067/,低楼层(共18层),2006年建,2室1厅,88.45平米,南,0,2月前发布
7280,瑞安城中汇标准套二，高品质物业交通便利。,https://cd.ke.com/ershoufang/20010217710100180239.html,瑞安城中汇,https://cd.ke.com/xiaoqu/1611064006367/,高楼层(共39层),2015年建,2室1厅,89平米,东北,9,2月前发布
7281,此房为居家精装修装修，高楼层，视野开阔采光好,https://cd.ke.com/ershoufang/20010217710100176759.html,蓝光花满庭一期,https://cd.ke.com/xiaoqu/3011053734625/,低楼层(共21层),2009年建,3室1厅,88平米,西南,2,2月前发布
7282,二环内标准套二采光好交通方便,https://cd.ke.com/ershoufang/20010217710100166698.html,营福巷37号,https://cd.ke.com/xiaoqu/3011053588127/,高楼层(共7层),1995年建,2室1厅,69平米,东南,2,2月前发布
7283,此房是套四户型，明厨明卫，公园旁边，精装修,https://cd.ke.com/ershoufang/20010217710100164023.html,保利堂悦,https://cd.ke.com/xiaoqu/1620023068273156/,中楼层(共27层),2019年建,4室2厅,125平米,东南,102,2月前发布
7284,一环内临江苑，低楼层套三出售。,https://cd.ke.com/ershoufang/20010217710100162396.html,临江苑(金牛),https://cd.ke.com/xiaoqu/1612542938722654/,中楼层(共7层)3室2厅,107.52平米,南,,,2,2月前发布
7285,蓝光花好月圆地铁口电梯小户型,https://cd.ke.com/ershoufang/20010217710100159775.html,蓝光花好月圆,https://cd.ke.com/xiaoqu/1611058404480/,高楼层(共11层),2004年建,1室1厅,37.84平米,东南,5,2月前发布
7286,套二，视野开阔。清水，可以根据自己喜好装修,https://cd.ke.com/ershoufang/20010217710100157881.html,西宸原著御景,https://cd.ke.com/xiaoqu/1620021526413414/,高楼层(共40层),2019年建,2室1厅,75平米,东南,1,2月前发布
7287,套三，围合式小区，小区改造过,https://cd.ke.com/ershoufang/20010217710100156821.html,文家巷18号,https://cd.ke.com/xiaoqu/3011056251241/,高楼层(共6层),2000年建,3室1厅,78平米,东南,0,2月前发布
7288,二环内一梯两户，商品房小区有环境。,https://cd.ke.com/ershoufang/20010217710100155950.html,金港湾酒店,https://cd.ke.com/xiaoqu/1611059449198/,中楼层(共6层),2005年建,2室1厅,70平米,南,4,2月前发布
7289,二环内低楼层带阳台装修直接可用,https://cd.ke.com/ershoufang/20010217710100151659.html,都市人家一期,https://cd.ke.com/xiaoqu/1611059441145/,低楼层(共7层),1998年建,1室0厅,34.96平米,东南,6,2月前发布
7290,标准套二+采光好+主卧带阳台+园林式小区,https://cd.ke.com/ershoufang/20010217710100149829.html,交大智能四期,https://cd.ke.com/xiaoqu/1611047303497/,高楼层(共7层),2001年建,2室1厅,80.58平米,西南西,7,2月前发布
7291,一环内，曦城，住宅，电梯套二。,https://cd.ke.com/ershoufang/20010217710100148671.html,曦城,https://cd.ke.com/xiaoqu/3011054858227/,中楼层(共34层),2009年建,2室1厅,81.27平米,东南,4,2月前发布
7292,西门先生包长年租约每月一千值得拥有,https://cd.ke.com/ershoufang/20010217710100148765.html,西门先生,https://cd.ke.com/xiaoqu/1614939730751460/,低楼层(共34层)1室0厅,30.85平米,南,,,107,2月前发布
7293,此车位在普罗旺斯小区楼下负一楼产权车位,https://cd.ke.com/ershoufang/20010217710100146341.html,普罗旺斯,https://cd.ke.com/xiaoqu/1611058934012/,地下室(共层),2004年建,1室0厅,30平米,南,0,2月前发布
7294,此车位在普罗旺斯小区楼下负一楼产权车位,https://cd.ke.com/ershoufang/20010217710100146933.html,普罗旺斯,https://cd.ke.com/xiaoqu/1611058934012/,地下室(共层),2004年建,1室0厅,30平米,南,0,2月前发布
7295,采光好，视野充足，距离地铁近，精装修,https://cd.ke.com/ershoufang/20010217710100142451.html,城市绿舟花园,https://cd.ke.com/xiaoqu/1611047301646/,高楼层(共6层),2004年建,2室2厅,86.09平米,南北,6,2月前发布
7296,九里教师苑套三户型格局通透简单装修,https://cd.ke.com/ershoufang/20010217710100134286.html,九里教师苑,https://cd.ke.com/xiaoqu/1611047602254/,低楼层(共7层),1999年建,3室1厅,110.59平米,西北,1,2月前发布
7297,三环内不需要资格水电气三通楼下地铁口,https://cd.ke.com/ershoufang/20010217710100131947.html,金府银座,https://cd.ke.com/xiaoqu/1611047761222/,中楼层(共25层),2007年建,2室1厅,60.23平米,东,0,2月前发布
7298,兴元绿洲业主自住套二诚心出售,https://cd.ke.com/ershoufang/20010217710100128329.html,兴元绿洲一期,https://cd.ke.com/xiaoqu/1611041885209/,低楼层(共22层),2007年建,2室1厅,78.45平米,西北,91,2月前发布
7299,标准套二，采光好，户型方正，电梯小高层,https://cd.ke.com/ershoufang/20010217710100126238.html,桂香庭园,https://cd.ke.com/xiaoqu/3011053411507/,高楼层(共7层),2004年建,2室2厅,87.99平米,东南,0,2月前发布
7300,一环边地铁口标准套三中高楼层小区改造过,https://cd.ke.com/ershoufang/20010217710100127965.html,抚琴西北街26号,https://cd.ke.com/xiaoqu/3011054131311/,高楼层(共6层),1990年建,3室1厅,81.55平米,西南东南,3,2月前发布
7301,金牛区殷家沟套二出售。,https://cd.ke.com/ershoufang/20010217710100123486.html,殷家沟,https://cd.ke.com/xiaoqu/3011054725422/,高楼层(共7层),1995年建,2室1厅,60.58平米,南,0,2月前发布
7302,圃园小筑此房对二环路采光好户型好,https://cd.ke.com/ershoufang/20010217710100119095.html,圃园小筑,https://cd.ke.com/xiaoqu/1611061269570/,中楼层(共13层),2005年建,1室1厅,49.12平米,东北,2,2月前发布
7303,双面采光一楼可以晒太阳一楼垫高半梯一户不临街,https://cd.ke.com/ershoufang/20010217710100118420.html,锦城苑(金牛),https://cd.ke.com/xiaoqu/3011054831219/,低楼层(共7层),1999年建,3室1厅,138平米,东,21,2月前发布
7304,户型方正，采光好带装修带空调带部分家具,https://cd.ke.com/ershoufang/20010217710100117863.html,龙门镇二期,https://cd.ke.com/xiaoqu/3011053977876/,中楼层(共33层),2013年建,2室1厅,67.89平米,南,5,2月前发布
7305,速度来秒业主急售基装修好电梯套二配套齐全,https://cd.ke.com/ershoufang/20010217710100117487.html,一品荷花,https://cd.ke.com/xiaoqu/3011056102021/,低楼层(共18层),2008年建,2室1厅,86.19平米,东南,48,2月前发布
7306,西二环清水房户型方正交通便利出租中,https://cd.ke.com/ershoufang/20010217710100116757.html,外化成五里墩东街77号,https://cd.ke.com/xiaoqu/1611108405489077/,高楼层(共7层),1997年建,2室2厅,75.6平米,东,0,2月前发布
7307,川建套二，楼层较高，小区干净，配套齐全,https://cd.ke.com/ershoufang/20010217710100112618.html,沙河源街道川建社区,https://cd.ke.com/xiaoqu/1611953462324584/,高楼层(共6层)2室1厅,51.94平米,南北,,,6,2月前发布
7308,西城天下套二房东自住诚心出售,https://cd.ke.com/ershoufang/20010217710100109111.html,西城天下,https://cd.ke.com/xiaoqu/3011054758502/,中楼层(共31层),2009年建,2室1厅,88.13平米,东北,3,2月前发布
7309,店长推荐：房子可以上顶，户型方正采光好，总价低。,https://cd.ke.com/ershoufang/20010217710100109229.html,二环路北一段205号,https://cd.ke.com/xiaoqu/1611047679657/,高楼层(共7层),2000年建,2室1厅,66.18平米,东,6,2月前发布
7310,地铁口，一六年4A小区，精装带地暖朝南大套三,https://cd.ke.com/ershoufang/20010217710100107939.html,天悦城,https://cd.ke.com/xiaoqu/1611063533871/,低楼层(共33层),2016年建,3室2厅,106.85平米,南,2,2月前发布
7311,居家套二安静不临街可直接拎包入住,https://cd.ke.com/ershoufang/20010217710100105676.html,西城丽景,https://cd.ke.com/xiaoqu/3011054775525/,高楼层(共18层),2009年建,2室2厅,79.61平米,南,27,2月前发布
7312,欧美苑+标准套二+有装修+小高层电梯,https://cd.ke.com/ershoufang/20010217710100104187.html,欧美苑,https://cd.ke.com/xiaoqu/1611047575880/,高楼层(共9层),2003年建,2室1厅,86.59平米,西北,5,2月前发布
7313,五福桥东路8号，标准套一，享受龙湖配套,https://cd.ke.com/ershoufang/20010217710100100965.html,五福桥东路8号,https://cd.ke.com/xiaoqu/1611061787263/,高楼层(共6层),1998年建,1室1厅,39.24平米,南,0,2月前发布
7314,一环内，09年中铁二局修建标间对中庭,https://cd.ke.com/ershoufang/20010117710100146661.html,曦城,https://cd.ke.com/xiaoqu/3011054858227/,中楼层(共33层),2009年建,1室1厅,40.05平米,东南,1,2月前发布
7315,沙河源上金府标准套一，对中庭，不吵,https://cd.ke.com/ershoufang/20010117710100145222.html,沙河源上金府,https://cd.ke.com/xiaoqu/3011053824237/,中楼层(共22层),2009年建,1室1厅,46.97平米,北,3,2月前发布
7316,西青路57号3室2厅南,https://cd.ke.com/ershoufang/20010117710100143071.html,西青路57号,https://cd.ke.com/xiaoqu/1611060457248/,中楼层(共7层),1997年建,3室2厅,95.54平米,南,34,2月前发布
7317,住家装修，套二户型设计好，装修保养好，采光好,https://cd.ke.com/ershoufang/20010117710100142038.html,高家庄赞城,https://cd.ke.com/xiaoqu/3011054747489/,中楼层(共21层)2室1厅,52平米,东南,,,1,2月前发布
7318,配套设施齐全，交通方便，居家套二，安静,https://cd.ke.com/ershoufang/20010117710100141455.html,沙河源上金府,https://cd.ke.com/xiaoqu/3011053824237/,低楼层(共22层),2009年建,2室1厅,89.08平米,南,5,2月前发布
7319,此房子标准套二，视野宽阔采光足通风条件好,https://cd.ke.com/ershoufang/20010117710100134048.html,解放路一段89号,https://cd.ke.com/xiaoqu/3011055826968/,高楼层(共5层)2室1厅,58.14平米,南北,,,0,2月前发布
